-1.256832060899178671e+01
-1.256832060899178671e+01
-1.256832060899178671e+01
-1.256832060899178671e+01
-1.256832060899178671e+01
-1.256832060899178671e+01
-1.256832060899178671e+01
-1.256832060899178671e+01
-1.256832060899178671e+01
-1.256832060899178671e+01
-1.212682178281835554e+01
-9.456001438362706679e+00
-8.856660134593228761e+00
-1.187100027599944418e+01
-1.455264825090016600e+01
-1.681970905968282182e+01
-1.643588943550292214e+01
-1.562465242718454128e+01
-1.162140924881708770e+01
-6.294035328198100743e+00
-6.600380598457610937e+00
-7.354441368437740323e+00
-7.788638428320563634e+00
-7.991132288803624029e+00
-9.219199698286622890e+00
-9.797320888616219747e+00
-8.439674724733800204e+00
-9.032449678624004719e+00
-8.859778256469425628e+00
-9.401035229209124822e+00
-9.907081990692558904e+00
-9.535916516881743021e+00
-1.059254257645948805e+01
-9.656718505471680203e+00
-8.749205889122560365e+00
-9.165046147314374281e+00
-9.777147705138915512e+00
-9.564718566189572613e+00
-8.989923485906412992e+00
-8.802657857201833025e+00
-8.883114792963661799e+00
-7.381132593035585998e+00
-4.778400537565381079e+00
-2.142022640460939265e+00
1.577718232874295579e+00
5.998502283445669825e+00
8.497291149964132373e+00
1.069120040751998246e+01
1.245029412654756484e+01
1.233483160866357586e+01
1.133783981212408598e+01
1.244983882458872770e+01
1.238919134681401246e+01
1.201327613380888693e+01
1.271383600607170550e+01
1.259630397259667767e+01
1.228209389391059680e+01
1.286391129758744256e+01
1.323381792862653938e+01
1.325095803582245679e+01
1.250876975808951386e+01
1.205066276082386167e+01
1.248326418051419040e+01
1.280607870485539124e+01
1.367630912931643117e+01
1.369091467500711801e+01
1.331224434698497738e+01
1.370300201473869528e+01
1.360165821589392543e+01
1.392538890647938388e+01
1.398258827182970698e+01
1.324640701186987890e+01
1.360153102443992879e+01
1.323188041452753083e+01
1.260293770948825731e+01
1.271263050343800138e+01
1.190706714844517755e+01
1.221849399759207166e+01
1.334408820585096400e+01
1.357678237724586801e+01
1.160560721415300200e+01
8.602699831744427428e+00
5.492776743903776016e+00
5.175866953211496480e-01
-4.609931272926900192e+00
-6.686617820104230780e+00
-1.012097635951372965e+01
-1.141039555586360876e+01
-1.003626859772557545e+01
-9.814582034507589370e+00
-8.926755080231734141e+00
-8.682409289931150909e+00
-9.156530536158609124e+00
-9.739966216673860089e+00
-9.640952840303604887e+00
-9.734051935579612902e+00
-9.926116998301541372e+00
-1.035044847029908155e+01
-1.007408905318927062e+01
-9.979651410428866498e+00
-8.601664882749036067e+00
-7.501575587251938515e+00
-8.178981081778065487e+00
-8.407488310626719752e+00
-8.998574013327623078e+00
-1.007136475710974821e+01
-1.063137647526267848e+01
-1.020917440377666807e+01
-8.425009279171076670e+00
-7.839003533520164879e+00
-8.365182707701940501e+00
-1.058229305309730428e+01
-1.297232423386382649e+01
-1.421896653191488369e+01
-1.460301980320760684e+01
-1.355716009859200710e+01
-1.089741801588371573e+01
-1.009411551476656932e+01
-9.245674789877002198e+00
-6.880000836518223473e+00
-6.973340448194733199e+00
-6.945114563776169980e+00
-4.331447961394024659e+00
1.413310112627734760e-01
4.431490785095515861e+00
8.640444432158705723e+00
1.082267120340728006e+01
1.054816025597815532e+01
1.024554960876774956e+01
1.091225440854726259e+01
1.064109066766549816e+01
1.153504066857856181e+01
1.278997645727918453e+01
1.287391677511524790e+01
1.330782812972998741e+01
1.191359546326408747e+01
1.108756619305374080e+01
1.210034133753353558e+01
1.308432097726370458e+01
1.438918858560809078e+01
1.545182285672409783e+01
1.568102687555926344e+01
1.405241285778936167e+01
1.309226691449848445e+01
1.339121878648879793e+01
1.411244627612848213e+01
1.491745618596625711e+01
1.504417882470262668e+01
1.422507098140948401e+01
1.364833459624147594e+01
1.351558011136989457e+01
1.346862223746227194e+01
1.445103352833798915e+01
1.511457811955847141e+01
1.515197124548599561e+01
1.529138399622211431e+01
1.617079980475258338e+01
1.561147996584116981e+01
1.209265214073862538e+01
8.914795098223002867e+00
4.863877168612032342e+00
5.129582427849035398e-01
-3.288143130031859762e+00
-6.464203794941179027e+00
-7.655232297533800967e+00
-7.244104904294334624e+00
-6.751344542995031617e+00
-7.954487426408306305e+00
-9.101367003758939589e+00
-1.025662731132215022e+01
-1.111013182192548499e+01
-1.095241220379085689e+01
-9.561878447336884079e+00
-8.856937032726195369e+00
-7.988071716183314130e+00
-9.289016116995702177e+00
-9.344536437488221381e+00
-8.793437853580307717e+00
-8.188127582815271310e+00
-8.782998885416898105e+00
-9.347010411038077393e+00
-8.481233221270722211e+00
-9.277717260699688495e+00
-9.389367123045008867e+00
-9.698626936743297122e+00
-9.230895295928966959e+00
-8.737666140012146698e+00
-7.667931732856413163e+00
-7.558700197081015482e+00
-8.191543154677578542e+00
-8.641546936410257729e+00
-9.356182939061035597e+00
-9.345596088449427796e+00
-8.624728474867538353e+00
-7.649924502270127213e+00
-7.644132753857200591e+00
-8.989158306239886542e+00
-8.913270880325601553e+00
-7.501628963959960927e+00
-6.546014793879766813e+00
-3.729307865764106555e+00
-1.685710767367283314e+00
1.575695608545324422e+00
5.910570512067703675e+00
9.666202280706205130e+00
1.268504602557177741e+01
1.342061274394170489e+01
1.390511929081100462e+01
1.381601445786103000e+01
1.319472503168022470e+01
1.449126320281838609e+01
1.541731281853617119e+01
1.475447151780746324e+01
1.537491640801958503e+01
1.636430798677805143e+01
1.564311396977329771e+01
1.400944073994956263e+01
1.412614735725031956e+01
1.494013693654406083e+01
1.452666194384544163e+01
1.546729306718973085e+01
1.541508752091341883e+01
1.280002508139775941e+01
1.262469860650323028e+01
1.341975959303110955e+01
1.453088324351021043e+01
1.556369869863249455e+01
1.553047122253516399e+01
1.382886899409758286e+01
1.040042492067462554e+01
6.149252526247940054e+00
1.417262254180609027e+00
-1.973272021881690375e+00
-3.030967145355273118e+00
-4.254719419855018891e+00
-4.061268198465097790e+00
-5.008909359032160502e+00
-6.810937212161630505e+00
-8.242447376256022196e+00
-9.834300277772852539e+00
-1.031679960752897607e+01
-1.021542344448718431e+01
-9.469836545782627013e+00
-9.317929329225972168e+00
-9.772852754759801641e+00
-8.778667174717508459e+00
-8.531157451306990325e+00
-9.155447956460111669e+00
-9.309080763192417507e+00
-9.021068414254406420e+00
-1.018280942175606363e+01
-1.136230477642349257e+01
-9.725342653901282830e+00
-8.389165281228480708e+00
-9.781440599045980733e+00
-8.892623492092123882e+00
-8.034298291906962319e+00
-9.816174912240770212e+00
-1.272426249496839645e+01
-1.223123863752074314e+01
-1.054411209601563293e+01
-1.026336015418008962e+01
-1.036918082679518172e+01
-8.741752869051815367e+00
-7.847901361340253956e+00
-8.297025428517846635e+00
-9.094934422599619595e+00
-9.295609319552449179e+00
-7.839441307985020480e+00
-8.451134138447882194e+00
-8.514534935643748526e+00
-7.432163621478375504e+00
-4.971109721510412527e+00
-1.842902708454761784e+00
2.378166099068280470e+00
7.010146831071736528e+00
9.664078305810301472e+00
1.161873324584999700e+01
1.251346315425224098e+01
1.228563985144519144e+01
1.184972400290811834e+01
1.270871682583998563e+01
1.424121915352456291e+01
1.479507810862248718e+01
1.549424120380969505e+01
1.473635962370861741e+01
1.420426967618021408e+01
1.422586749893376634e+01
1.371821203694075386e+01
1.422872919733625530e+01
1.493634515133666341e+01
1.495018004699692682e+01
1.486241386083782778e+01
1.515515676336222128e+01
1.544651180223984532e+01
1.483893598276255688e+01
1.572813815925158210e+01
1.597496509113737062e+01
1.529670017914959601e+01
1.496033906223543575e+01
1.129932902263933592e+01
6.021364306270714728e+00
2.090930757265216933e+00
-4.686202186416271731e-01
-2.437527254308989200e+00
-1.476932679186540698e+00
-1.538312785571120722e+00
-3.607067134657564456e+00
-4.938492688551091803e+00
-7.497769927491148678e+00
-9.092886075793940037e+00
-7.724331279821875285e+00
-6.304616235964067172e+00
-4.798935077003555705e+00
-3.696096921899326482e+00
-4.419164743756112124e+00
-6.160224024482745087e+00
