-2.762254954583984556e+01
-2.762254954583984556e+01
-2.762254954583984556e+01
-2.762254954583984556e+01
-2.762254954583984556e+01
-2.710303266532731925e+01
-2.636172655344759974e+01
-2.591216385855715387e+01
-2.613769861401986461e+01
-2.670865117015271650e+01
-2.683125526557719098e+01
-2.664964075484760642e+01
-2.629744995025587073e+01
-2.582961232210773872e+01
-2.552487630558441367e+01
-2.561966450475217982e+01
-2.619948559035073643e+01
-2.682029996798176086e+01
-2.721417521171183296e+01
-2.738617220043025569e+01
-2.724773168531169176e+01
-2.705389420652893762e+01
-2.701993748770843595e+01
-2.707792928063018678e+01
-2.715067969203447262e+01
-2.725844735421588894e+01
-2.718056002541833038e+01
-2.696812843434025098e+01
-2.689778171719589395e+01
-2.695697607012256114e+01
-2.704729247843437179e+01
-2.714833724833184547e+01
-2.730393858109363947e+01
-2.733976051948840080e+01
-2.727376533418894766e+01
-2.722156450406401618e+01
-2.727239510418896984e+01
-2.731882275083262357e+01
-2.725776994024279176e+01
-2.723986974705151809e+01
-2.719975554375760041e+01
-2.719128791980882909e+01
-2.716054531488225265e+01
-2.718996583968923630e+01
-2.721455149078958868e+01
-2.705972360861045445e+01
-2.707833792867839406e+01
-2.720295919863278300e+01
-2.734806523801346501e+01
-2.744091341230675241e+01
-2.721684405204804236e+01
-2.682714795095261806e+01
-2.651045798868371151e+01
-2.631367963980322600e+01
-2.664857478060642393e+01
-2.735368867975514462e+01
-2.732173378082775628e+01
-2.521150329991866457e+01
-2.037145848242716184e+01
-1.274834087613970368e+01
-2.499865411412389271e+00
7.487652376494970952e+00
1.576581506194532523e+01
2.075941939159438121e+01
2.189418152663119699e+01
2.136188953370254495e+01
2.030072926587601501e+01
2.002995552367136156e+01
2.222583737486752753e+01
2.496851663684251577e+01
2.768697080124674059e+01
2.984347250030680954e+01
3.069906460818961591e+01
3.084286478687278077e+01
3.101255950421828800e+01
3.178382247990679232e+01
3.296682911864921550e+01
3.415445172753294401e+01
3.480923881629495042e+01
3.476005831582710215e+01
3.400196626561994862e+01
3.306634933334535020e+01
3.243706125758737358e+01
3.216202933331262415e+01
3.232979969418046551e+01
3.243152005736693155e+01
3.240431699383707809e+01
3.234466370335312035e+01
3.216327262715974200e+01
3.214745902098731989e+01
3.212267018421449194e+01
3.216671475204995545e+01
3.215201019031493956e+01
3.207718604574485965e+01
3.206134406506591716e+01
3.209398444267029049e+01
3.224151929717305620e+01
3.229751142020758437e+01
3.210513738950695739e+01
3.188508853276043453e+01
3.166941059268435410e+01
3.159122565565656515e+01
3.177728058701346825e+01
3.216233525352509304e+01
3.240238231168205374e+01
3.228559572320865101e+01
3.192033173766204968e+01
3.164916861453170682e+01
3.150170941386163648e+01
3.179516382401535068e+01
3.246351915994858928e+01
3.305886818293664220e+01
3.328851030077803586e+01
3.300838316800682293e+01
3.233033353000293886e+01
3.176635103100974433e+01
3.136339760205581584e+01
3.136151524213946473e+01
3.197495137548023791e+01
3.288746185592949445e+01
3.391269261222488751e+01
3.487840909164260950e+01
3.576745272135440246e+01
3.649233125203460304e+01
3.665662346332876353e+01
3.650457455315761024e+01
3.603734856975795964e+01
3.584496048048628580e+01
3.633819452903919256e+01
3.719006365613207521e+01
3.837653117834118888e+01
3.929800296754933697e+01
3.917953938058244034e+01
3.719218433647269961e+01
3.348097146676958857e+01
2.954677333706112563e+01
2.432176027825339304e+01
1.909919094193296374e+01
1.449284480712079315e+01
9.952866664998268220e+00
4.824334693439039867e+00
-4.189764975785008616e-01
-4.993234167886856589e+00
-8.139908905104974224e+00
-1.052194889396330701e+01
-1.220433685573845928e+01
-1.269631085142524896e+01
-1.363412924672419813e+01
-1.518202376963107447e+01
-1.672870051137667247e+01
-1.768877609503062942e+01
-1.817781727318502760e+01
-1.883508171905688044e+01
-1.884684701444304622e+01
-1.894843992661570908e+01
-1.990095283538477489e+01
-2.130208650857739272e+01
-2.224854756597849104e+01
-2.266635484319570892e+01
-2.314024317274749265e+01
-2.326212094257400764e+01
-2.329134374181946399e+01
-2.372053819485235948e+01
-2.433730256210160903e+01
-2.493398676335028696e+01
-2.528184112150589513e+01
-2.535164627237098145e+01
-2.541921840461475313e+01
-2.561499932978849614e+01
-2.581339509102742369e+01
-2.611981906481491222e+01
-2.662819596202815120e+01
-2.684923962658859509e+01
-2.674304406189414252e+01
-2.666082872810452997e+01
-2.672942160302800474e+01
-2.698613183143499228e+01
-2.726429130085764996e+01
-2.755042888645772692e+01
-2.769353830467533228e+01
-2.764606084225246718e+01
-2.752730237078661091e+01
-2.747737271544088955e+01
-2.771326813912804710e+01
-2.807332756279296149e+01
-2.832804135454691519e+01
-2.839259951542317140e+01
-2.837406535710158195e+01
-2.828780858714308266e+01
-2.813389401378184829e+01
-2.825803802148780264e+01
-2.871794825573412524e+01
-2.906342488275602776e+01
-2.899448009976992680e+01
-2.882790896495457389e+01
-2.876254929634394131e+01
-2.869442186109853310e+01
-2.879627243317489516e+01
-2.916561380036574036e+01
-2.959120401324971894e+01
-2.971605861058348452e+01
-2.928790927902325691e+01
-2.867787785680192059e+01
-2.842858614925351191e+01
-2.863564728350410959e+01
-2.911478299598179476e+01
-2.967169944601457487e+01
-2.940741669894461552e+01
-2.737757442028518895e+01
-2.282371158494117935e+01
-1.642077747942105503e+01
-8.871601990404977656e+00
-9.238602800831685613e-01
6.006691218306778879e+00
1.144818805867089395e+01
1.486054957901288454e+01
1.818175109478744744e+01
2.114498621956014901e+01
2.311170325061976882e+01
2.513632535512764221e+01
2.704343907571459482e+01
2.803512330327728463e+01
2.829760533458052763e+01
2.892883966583307398e+01
3.012890044607561180e+01
3.141074165844654331e+01
3.228171509756926838e+01
3.275142133954560109e+01
3.277840386887104529e+01
3.175412915752673371e+01
3.007700376218075178e+01
2.910737153035681857e+01
2.875231908551813831e+01
2.841498466422729763e+01
2.855203733660824739e+01
2.902593025798928039e+01
2.936999392645851970e+01
2.935811390000892729e+01
2.944766656323558607e+01
2.976230543761792902e+01
3.000963459519069332e+01
3.002701401658181624e+01
2.989169859552619712e+01
2.973697407232424084e+01
2.955899824641469564e+01
2.939923644070806574e+01
2.952781845151793050e+01
2.992167744893723125e+01
3.019465180013094141e+01
3.005130579801678437e+01
2.977732366999875424e+01
2.966726671236409985e+01
2.968388416891721349e+01
2.961588879420048670e+01
2.976463592548294201e+01
3.014256975281693940e+01
3.024354177898283780e+01
2.997097018044250660e+01
2.985761341991065265e+01
2.985973426490713223e+01
2.973514713381377206e+01
2.958947986049209433e+01
2.954456830435299608e+01
2.949877149106711016e+01
2.937887496327273595e+01
2.926693056273986215e+01
2.927424153205924995e+01
2.937369671910718338e+01
2.929344199948998906e+01
2.916675753701866469e+01
2.925899091940046404e+01
2.971838073735076335e+01
3.062151933848523200e+01
3.174390486640133702e+01
3.265416642680717274e+01
3.349658670799928473e+01
3.381355355788309680e+01
3.377288846338748840e+01
3.395007414345565877e+01
3.442138099605625001e+01
3.421173159271717878e+01
3.241479977411202640e+01
2.820143226631279276e+01
2.097238582954782871e+01
1.144467279057966991e+01
5.761928825281099620e-01
-8.604425833526917700e+00
-1.429740011786691056e+01
-1.761315411493303529e+01
-1.769439799006789826e+01
-1.618930843034384992e+01
-1.580033554916797733e+01
-1.675394434449383496e+01
-1.798570322553765166e+01
-1.984917496128069558e+01
-2.206666396430955146e+01
-2.288622572956045076e+01
-2.324705067536658021e+01
-2.375058841834477619e+01
-2.403947440441167060e+01
-2.460535151989279257e+01
-2.537726435002759828e+01
-2.561922390290479612e+01
-2.572336844878507023e+01
-2.596055651875487769e+01
-2.599356384213788473e+01
-2.650581046622279757e+01
-2.743726933365994824e+01
-2.805260877870234637e+01
-2.843606150867436710e+01
-2.863765588381652449e+01
-2.865981768177445943e+01
-2.866890241188599475e+01
-2.885601671959457803e+01
-2.923388669092233627e+01
-2.960732051159168066e+01
-2.991020134169166766e+01
