-8.712455373322303132e+00
-8.712455373322303132e+00
-8.712455373322303132e+00
-8.712455373322303132e+00
-8.712455373322303132e+00
-8.712455373322303132e+00
-8.712455373322303132e+00
-8.712455373322303132e+00
-8.712455373322303132e+00
-8.712455373322303132e+00
-8.712455373322303132e+00
-8.712455373322303132e+00
-8.712455373322303132e+00
-1.077707977404511652e+01
-8.241007271470003559e+00
-8.051627719034449626e+00
-5.713595000277644331e+00
-6.323076031697521415e+00
-7.307120438749230118e+00
-7.334210543702063489e+00
-9.148650336680768547e+00
-8.489275400431800733e+00
-6.801538437565824324e+00
-6.153010734030011974e+00
-6.315034869406726870e+00
-8.592010301339017886e+00
-7.871091010966559054e+00
-7.303128671037631747e+00
-6.259839692994220606e+00
-6.271986840680864539e+00
-6.389795778628811540e+00
-8.473799829493273705e+00
-9.482295803479811269e+00
-8.386449194622267456e+00
-7.409599493125782033e+00
-2.983457068743721408e+00
-6.707935237637148163e-01
3.552057868123242867e-01
-2.957346585799899952e+00
-7.387885595338243405e+00
-9.994842745677653184e+00
-1.266947789924535606e+01
-8.518603894914438257e+00
-4.915289925433137697e+00
-2.259610839820049843e+00
-1.213509353099486709e-01
-2.398839562780719969e+00
-5.361449116837066597e+00
-5.667776940506911387e+00
-2.831634247776468882e+00
-6.262793066172394063e-01
4.513239893466684194e+00
8.583606094052566249e+00
9.960481778994942914e+00
8.892049866553460191e+00
9.101190232547121894e+00
8.099701994708922825e+00
7.332604527107391412e+00
8.635634236444653666e+00
9.337383539132218857e+00
8.308198671014247694e+00
9.418991029656790914e+00
8.424801506477312074e+00
9.288381741455893348e+00
8.700558815103885735e+00
9.657335770804996500e+00
8.833249863819478520e+00
9.208762272517203584e+00
9.845097568461639526e+00
8.500313498163009740e+00
8.795646927678300031e+00
9.714681675468302302e+00
8.397033269480591144e+00
8.672099643277707770e+00
8.251175329298082062e+00
8.530376789708780549e+00
9.305117826462566910e+00
9.950544153601407871e+00
9.424363252027621485e+00
9.708671358232233928e+00
7.326412396340490574e+00
7.805873244368652486e+00
8.237935986385478415e+00
9.517789623397828080e+00
9.589696053298784051e+00
9.250826331170094008e+00
5.721222398534139053e+00
2.036474390166133297e+00
-2.261419946057018571e+00
-4.081469964275509454e+00
-5.652412492306864600e+00
-6.680539617198741453e+00
-3.854649649776245468e+00
-8.184331669951095733e+00
-6.947753955662503422e+00
-7.318936986425134350e+00
-8.693959897140267401e+00
-9.358997201384802622e+00
-5.860258470605794301e+00
-5.069366436102954232e+00
-4.685196623236317137e+00
-4.693748924351155871e+00
-5.154816279560590964e+00
-8.701515168545327583e+00
-7.680075382775529924e+00
-7.923275016732483245e+00
-7.850094639108258221e+00
-6.815657955007636382e+00
-6.925540074678658620e+00
-6.332178451388092100e+00
-5.251166041516508010e+00
-7.248978719888345523e+00
-8.125630019393451420e+00
-7.159550166927536097e+00
-9.754127235457321632e+00
-7.192551688665043130e+00
-7.219941783808539348e+00
-9.292455601414230770e+00
-7.854603636009437118e+00
-8.426172408863116914e+00
-8.878838390653795543e+00
-9.247296226453332935e+00
-7.707463487843799754e+00
-5.226157996291640018e+00
-3.813131959326343079e+00
-1.949964023744474195e+00
8.177059130037398482e-01
2.178287940556694835e+00
3.492747889583990073e+00
5.541870875081335690e+00
6.771434301062942751e+00
7.875234492153388111e+00
7.415641058883955417e+00
7.659579814004739085e+00
8.802584951703602556e+00
7.692196336865457340e+00
8.166163790073298401e+00
8.785130074583797466e+00
8.207489155000994074e+00
8.686936432195480506e+00
8.906773997468077297e+00
8.593348497315400181e+00
1.021110549597348083e+01
8.890261514623276184e+00
9.354133925986477749e+00
8.282972031401786950e+00
8.582329225720190635e+00
7.906745258509615404e+00
7.412363565999330106e+00
9.854518126086146523e+00
1.060509564772030977e+01
9.989501907731918706e+00
1.004159631176267453e+01
1.004505297331263058e+01
8.896601334647995074e+00
8.590377884821013055e+00
7.892280070161721284e+00
9.389771776286760741e+00
9.582709875415165612e+00
9.911016657405452790e+00
9.786696554583606655e+00
9.782143050824817720e+00
1.007816397229423444e+01
1.089771274384841426e+01
9.007513814438850019e+00
8.113901864516174456e+00
4.780193646768591265e+00
-3.904083902431718656e-01
-5.698115317795293677e+00
-6.437580426185655291e+00
-7.425295645817994838e+00
-8.014813008024425756e+00
-5.831173831550861664e+00
-2.980797405253709176e+00
-7.129833845616811772e+00
-5.845202483284232642e+00
-5.869321323016358782e+00
-8.037973421794351481e+00
-7.257544948601559298e+00
-5.292899169529195369e+00
-6.812829242420660236e+00
-6.587862372371306563e+00
-4.122177012966266929e+00
-6.671505221251896600e+00
-7.506596747782202428e+00
-5.678801161447198709e+00
-6.592938121481671132e+00
-6.792810475473334719e+00
-7.232464766072899565e+00
-7.576316535243662997e+00
-7.422773909121751501e+00
-7.503346654988789055e+00
-5.471876520293758261e+00
-5.328866357867219961e+00
-7.219625132618527452e+00
-5.574296194169541252e+00
-7.593943310949905268e+00
-6.521053335665514261e+00
-9.071872275836900812e+00
-6.698592253304600064e+00
-8.486431505476915049e+00
-8.045254781817263279e+00
-7.537633912875434383e+00
-5.865859912914502594e+00
-7.853486810773459226e+00
-3.339849798150257953e+00
-3.455662082161716775e+00
1.564884112713679443e+00
2.656268135916742157e+00
5.657393040395937156e+00
7.372929372340334631e+00
7.586526599882065014e+00
7.838349690019303928e+00
8.964328755367981572e+00
7.840124525645837394e+00
8.342837204486867719e+00
9.890287820226166815e+00
8.865041176515079613e+00
1.070943603331086003e+01
1.034279207722789629e+01
1.036613437111941849e+01
1.082789806626437645e+01
9.027664932821085841e+00
9.135018362675095815e+00
9.839799510105533997e+00
9.885635378497575232e+00
9.912351133718830809e+00
1.053151721865489421e+01
9.671211140923373861e+00
9.697562268087972726e+00
1.009005158894617260e+01
9.278477535168534018e+00
1.000475048586834781e+01
9.483645305376507295e+00
1.032877344563599920e+01
9.167311141740064784e+00
1.036654248600412132e+01
9.498843615469173329e+00
1.084500825104098887e+01
9.899628774016839827e+00
1.016945298729772240e+01
9.653296021293579443e+00
8.976146916530169051e+00
6.056272698084342210e+00
4.977200727574576433e+00
1.767163008590051376e+00
-1.057569140250074646e+00
-3.989925821289914687e+00
-4.106697821420421946e+00
-5.511419069585763886e+00
-6.354235454975718511e+00
-5.640120782019526935e+00
-5.689240795358684544e+00
-6.547189719805101227e+00
-5.973786200096307120e+00
-4.464359267949681964e+00
-6.500329744772424867e+00
-6.175178882840765660e+00
-6.955303735094619633e+00
-6.763439557638404764e+00
-7.249231592610486885e+00
-9.509705957878738403e+00
-5.724147181874194246e+00
-5.285722909571767048e+00
-6.254172863795142590e+00
-5.402172603369265858e+00
-5.907729380495330140e+00
-7.299525188556828859e+00
-7.624867696138172946e+00
-7.637399485764346352e+00
-5.765561290233979008e+00
-6.764876812560254749e+00
-4.757030093661494874e+00
-5.972810272267433440e+00
-6.945891785795026863e+00
-8.284037600431496173e+00
-6.488014417937917777e+00
-6.484554099273104555e+00
-7.712367006344889475e+00
-6.359965443863807799e+00
-8.299065376632299262e+00
-8.451204650610916858e+00
-7.520473371517534922e+00
-4.425326146864909660e+00
-2.371133474893706961e+00
8.011617015707401812e-01
4.073581316797397101e+00
5.596918608846102927e+00
5.541632658202405359e+00
6.541476887891708891e+00
6.762449496717342967e+00
9.144236590407302856e+00
8.933035173700854870e+00
7.930938303059585692e+00
8.759742779538193247e+00
8.332065554730686330e+00
7.741643815928764383e+00
8.319480394785710331e+00
9.001664642498436564e+00
8.984728697099276573e+00
8.527011391365102000e+00
9.997745058847923971e+00
8.587248888992377260e+00
9.299435142936667731e+00
8.771070360620901951e+00
8.895731739623066403e+00
9.086886192301827592e+00
8.551076821234286029e+00
8.703713473177352000e+00
8.557394999504156274e+00
9.152032586702524952e+00
9.799290496487587987e+00
9.708445834739251268e+00
1.020975895246742482e+01
8.347215087251168342e+00
5.295403541317964979e+00
2.309358046094950989e+00
