4.058816519887081142e+00
1.594378544850600266e+00
-1.529235369449394089e+00
-4.894720811307148978e+00
-6.993173973456514148e+00
-7.160454973480374186e+00
-7.042518042949258650e+00
-8.433179857771506249e+00
-7.260174298026536022e+00
-7.111460029763822632e+00
-6.974494837250185597e+00
-8.603888984416581565e+00
-9.547524176369554638e+00
-1.100618995664877886e+01
-7.843324373410810679e+00
-6.469005172111567781e+00
-4.831657511561560092e+00
-1.680028239844581162e+00
-1.367735061415072728e+00
-3.813233888801867977e+00
-4.791633859012257801e+00
-5.326942159141561106e+00
-5.789053024698652017e+00
-6.524183405138122005e+00
-6.841802628320499124e+00
-4.817664983076400453e+00
-7.533860673211451697e+00
-7.424691979464534519e+00
-4.680314931856511151e+00
-6.668963729400786633e+00
-6.863429575598492427e+00
-3.285250171106877559e+00
-3.852911689219280511e+00
-6.793274337928861151e+00
-6.092273100505654071e+00
-7.566298767732714481e+00
-7.372255598183041769e+00
-4.829265919936174711e+00
-5.926414530886736642e+00
-6.790571110489692863e+00
-5.692134788361853381e+00
-3.639370888866203302e+00
-3.270338293542775165e+00
-1.525305242339219269e+00
1.351818646737174001e+00
2.827353286935192056e+00
3.666388730258538509e+00
6.466773138671357835e+00
7.219691932292791492e+00
7.632005315576319227e+00
7.248181808883108701e+00
6.843266528550040917e+00
8.198461343626869180e+00
7.721002068510510519e+00
5.402878017404977307e+00
6.201154915922334254e+00
5.734186726244366206e+00
5.084249475334780222e+00
4.769020836869776403e+00
4.594126134858543153e+00
5.791685251996673500e+00
5.842131289718733633e+00
6.856467538155700758e+00
6.729769314706622652e+00
7.723076968077158710e+00
8.654500239050742394e+00
7.896785049714356575e+00
8.848982212774089362e+00
1.005606668816946936e+01
1.097191671874076491e+01
1.142227228793823812e+01
1.237225854142263515e+01
1.237142585131645767e+01
1.040610029576627760e+01
9.720481152576041950e+00
9.330929418435982114e+00
1.080663112769383005e+01
1.067065919364683069e+01
1.105198187675240362e+01
8.269987657402170456e+00
5.498804762808864766e+00
2.799159621233898054e+00
-1.718917914276099745e+00
-1.835963500623718270e+00
-4.712168307557371705e+00
-4.548178729620566685e+00
-5.372375550096274210e+00
-4.462054770797527325e+00
-5.815042315517113813e+00
-5.538273608576686158e+00
-6.080424453593427536e+00
-5.493893663951103790e+00
-5.390631916931523548e+00
-5.250803162891752862e+00
-5.075468890891466245e+00
-6.904065176515142177e+00
-7.114355884964134624e+00
-7.766212237773253868e+00
-6.905784935967602678e+00
-6.251459171847446150e+00
-6.880337199814599458e+00
-5.697183972261827378e+00
-6.356390275451436089e+00
-6.866239484175252983e+00
-4.826036608468969646e+00
-5.060056870671126639e+00
-3.658387287092388807e+00
-5.357922833506496119e+00
-7.215539135070764054e+00
-5.883016569137909713e+00
-6.068226493480753270e+00
-3.737100703823506898e+00
-4.845371302367595945e+00
-3.969393138554522693e+00
-4.602234798905980639e+00
-4.739231895951202311e+00
-5.703672542313443117e+00
-7.063935863600651288e+00
-7.272071580993112683e+00
-5.236344566314996563e+00
-3.684606598875515004e+00
-5.186788674194677817e-01
2.777827838366052404e+00
7.117583110083105069e+00
9.818601568113843214e+00
1.202943303863814606e+01
1.293312042602923562e+01
1.306935722690867863e+01
1.090661694115278735e+01
1.078679030481199241e+01
1.005943404908474115e+01
9.169427272503615001e+00
1.048409987629045759e+01
1.049729749999182538e+01
9.666692757368391398e+00
7.604450808547186469e+00
7.663173241814012826e+00
7.414238126719106425e+00
6.663286086951992537e+00
6.472620862491486271e+00
8.398041458083815414e+00
6.241886822159633752e+00
5.596921432910733074e+00
5.154404646638002241e+00
5.739225326175773745e+00
6.588796446937987383e+00
6.972335672211706914e+00
7.180780712532084387e+00
7.510930818153766175e+00
5.242691594590651150e+00
2.186489324598875683e+00
-2.794232222454684500e-01
-9.540793890601896310e-01
-1.556931003766093280e+00
-1.578234214988784467e+00
-2.189177259417888877e+00
4.410100523271163198e-01
-7.281428695618545888e-01
-3.322386694819419173e+00
-3.210333260532269417e+00
-2.666253592995756705e+00
-5.393365870247823324e+00
-5.101655210700268839e+00
-4.386026214939026779e+00
-5.069048146299551583e+00
-6.593318324936090491e+00
-6.670426623691938062e+00
-5.125062022332542711e+00
-5.982107146003937004e+00
-7.164397807801667462e+00
-6.419324948656101704e+00
-5.078612874159682988e+00
-5.555003318297977444e+00
-5.669023423952260110e+00
-5.727896074979600627e+00
-6.172041227262468510e+00
-4.186004782878073982e+00
-4.646162495361167544e+00
-8.079219067079749905e+00
-8.080757608219471422e+00
-8.044709338432321388e+00
-7.925536242590972336e+00
-7.018456357021835679e+00
-4.438278179974020077e+00
-3.249037078288701252e+00
-5.317778524221727920e+00
-6.203395731987746409e+00
-5.891646018364862236e+00
-6.699775018797535786e+00
-7.105680780472511060e+00
-3.004138265193383894e+00
9.973539221916043473e-01
1.253350029023506895e+00
3.530650848637300054e+00
4.369616297113727121e+00
5.099161537727136206e+00
4.362080437570584834e+00
5.565659239055565699e+00
7.047563421669599038e+00
7.717624381997890026e+00
7.756890048093085355e+00
8.258353213446657293e+00
8.339035150874387625e+00
9.665986416573641549e+00
9.653114669543693793e+00
9.394849887529895582e+00
1.034508834581648529e+01
1.088035839070525945e+01
1.073326526743875320e+01
1.158855202961031061e+01
1.231268429865760616e+01
1.107906576493026307e+01
1.092954355875333228e+01
1.134906425943066566e+01
1.056603151982064581e+01
8.812735293124635660e+00
9.713421472735245032e+00
1.108003073897505075e+01
1.259314465658213855e+01
1.063836520238945837e+01
8.512725547352513189e+00
4.806632062022476504e+00
1.714796907469347431e+00
-2.096010687897444491e+00
-2.688137470972965737e+00
-4.207854452238813714e+00
-3.120947015436589034e+00
-4.456242141850054850e+00
-4.320545768351688132e+00
-5.034294575621984791e+00
-6.321619053920654707e+00
-5.550211803657618681e+00
-4.322849583221462844e+00
-4.813727246222526013e+00
-4.317091772572661412e+00
-4.729804773980720078e+00
-5.190988614020699110e+00
-6.029336727743626945e+00
-6.836496197078493431e+00
-5.006334027492771455e+00
-5.780261489161548916e+00
-5.929803507597671164e+00
-1.065207638349351527e+01
-1.065207638349351527e+01
-1.065207638349351527e+01
-1.065207638349351527e+01
-1.065207638349351527e+01
-1.065207638349351527e+01
-1.065207638349351527e+01
-1.065207638349351527e+01
-1.065207638349351527e+01
-1.065207638349351527e+01
-1.065207638349351527e+01
-1.065207638349351527e+01
-1.065207638349351527e+01
-1.065207638349351527e+01
-1.065207638349351527e+01
-1.065207638349351527e+01
-1.065207638349351527e+01
-1.065207638349351527e+01
-1.065207638349351527e+01
-1.065207638349351527e+01
-1.065207638349351527e+01
-1.065207638349351527e+01
-1.065207638349351527e+01
-1.065207638349351527e+01
-1.065207638349351527e+01
-1.065207638349351527e+01
-1.065207638349351527e+01
-1.065207638349351527e+01
-1.065207638349351527e+01
-1.065207638349351527e+01
-1.065207638349351527e+01
-1.065207638349351527e+01
-1.065207638349351527e+01
-1.065207638349351527e+01
-1.065207638349351527e+01
-1.065207638349351527e+01
-1.065207638349351527e+01
-1.065207638349351527e+01
-1.065207638349351527e+01
-1.065207638349351527e+01
-1.065207638349351527e+01
-1.065207638349351527e+01
-1.065207638349351527e+01
-1.065207638349351527e+01
-1.065207638349351527e+01
-1.065207638349351527e+01
-1.065207638349351527e+01
-1.065207638349351527e+01
-1.065207638349351527e+01
-1.065207638349351527e+01
-1.065207638349351527e+01
-1.065207638349351527e+01
-1.065207638349351527e+01
-1.065207638349351527e+01
-1.065207638349351527e+01
-1.065207638349351527e+01
-1.065207638349351527e+01
-1.065207638349351527e+01
-1.065207638349351527e+01
-1.065207638349351527e+01
-1.065207638349351527e+01
-1.065207638349351527e+01
-1.065207638349351527e+01
-1.065207638349351527e+01
-1.065207638349351527e+01
-1.065207638349351527e+01
-1.065207638349351527e+01
-1.065207638349351527e+01
-1.065207638349351527e+01
-1.065207638349351527e+01
-1.065207638349351527e+01
-1.065207638349351527e+01
-1.065207638349351527e+01
-1.065207638349351527e+01
-1.065207638349351527e+01
