-6.374637774221867836e+00
-6.233437431571178244e+00
-5.697442933141695143e+00
-5.508808920939200604e+00
-5.081265742437474309e+00
-5.688568285745975395e+00
-7.681884652815551107e+00
-6.828234495291478190e+00
-6.343407014133512156e+00
-4.843894535842505178e+00
-4.113793486355770135e+00
-4.377698808951321574e+00
-5.717952011023864856e+00
-6.049235658990631315e+00
-5.373931259319915554e+00
-6.161082544467661570e+00
-5.456894528083354956e+00
-4.685744727181264224e+00
-4.974679614809410566e+00
-5.501768894694242462e+00
-4.331899177551756352e+00
-5.146401793851845596e+00
-4.112602794791780703e+00
-3.045697362768058358e+00
-1.906238509006262127e+00
-1.718215141282241731e+00
-7.148082443555952015e-01
-1.692681225186231098e+00
-2.928929015111425560e+00
-2.908194749208755425e+00
-4.048293765302243941e+00
-5.388924793782269518e+00
-5.772284486553074245e+00
-5.604579575830116234e+00
-5.206441387827488221e+00
-6.393121934177599996e+00
-7.036374815609709898e+00
-7.325841807375999437e+00
-5.927759392075865108e+00
-5.926469128602901648e+00
-5.760379855846758268e+00
-5.243366504795647032e+00
-4.385099627763345609e+00
-3.964777210384663242e+00
-2.190416605638648484e+00
-5.330329630264234453e-01
1.559481492283246729e+00
2.969092817216693270e+00
5.201663166485024803e+00
7.199166007578817528e+00
8.738020299171090244e+00
1.047650259937587336e+01
1.204587275302395177e+01
1.044753886619723815e+01
8.913735270208711370e+00
6.916693276110116528e+00
7.108732516477409114e+00
8.619828895329245455e+00
1.088726535344672897e+01
1.269301778629453281e+01
1.481093728461910430e+01
1.538831252906588709e+01
1.434172246343976376e+01
1.317762762470716709e+01
1.174664420340705107e+01
1.135536301365008249e+01
1.103936578963000059e+01
1.059855202442685318e+01
1.060918106625610235e+01
9.165273913751809332e+00
8.285628712473634749e+00
7.040092779628099429e+00
6.370655181694048430e+00
7.521358577314405380e+00
7.799038311043836380e+00
8.149861824895804574e+00
8.333637304654136102e+00
7.472383097975658472e+00
6.768510009644053582e+00
6.850578817386045571e+00
7.052992955070724435e+00
6.463126452720361570e+00
3.866826208508620244e+00
1.488267280102769652e+00
4.287908475261168473e-01
-2.916268686017788880e+00
-2.965464590581990745e+00
-2.834829814188824404e+00
-3.770214981597624693e+00
-3.687029443205898538e+00
-4.020660057492833062e+00
-5.289345774362018915e+00
-6.892855727832518653e+00
-8.362850068640780066e+00
-6.660045954890378539e+00
-6.148540761691493550e+00
-6.767815904317100006e+00
-4.320625552029277117e+00
-3.934199171925552463e+00
-4.932858690993033868e+00
-5.719320268323139445e+00
-5.964494644392877021e+00
-4.629981055509128751e+00
-4.674447980374623945e+00
-4.570897426865256463e+00
-5.191626066890184354e+00
-5.122706282782207410e+00
-5.332651699134958179e+00
-5.548891428519766578e+00
-4.596933524352438738e+00
-4.569990757840166395e+00
-4.796500140551593461e+00
-5.842633136496929502e+00
-5.734830149339815719e+00
-6.131163885827546345e+00
-6.951957764244450999e+00
-7.201548465593925030e+00
-5.778660391990133149e+00
-5.375114018210479294e+00
-6.850976503379063942e+00
-6.334632153186537273e+00
-6.418937194012468872e+00
-6.134070994030608404e+00
-5.540121489935782684e+00
-3.896132302245004730e+00
-2.266049485539933350e+00
-1.502273683575161556e-01
1.206465756422510083e+00
1.827421641728731672e+00
3.375476790086323398e+00
3.864324733875384776e+00
4.627493499138005006e+00
3.800189407496824323e+00
4.909581694810191799e+00
3.731632539016927819e+00
4.695093373364747080e+00
5.910033746525037657e+00
7.313448822570413732e+00
6.689700517384475020e+00
6.104643517652879936e+00
6.268277375367626192e+00
6.220460165506685790e+00
6.635124922908307354e+00
6.308180160173942674e+00
7.150704095106225289e+00
7.239745073509594953e+00
7.574893090622261127e+00
9.098719620026722410e+00
9.452250678430733188e+00
1.043352382366979469e+01
1.178213580559046392e+01
1.193059451083424349e+01
1.213428665651439786e+01
1.324312017274562869e+01
1.427295331185543503e+01
1.318383958525309652e+01
1.306444288348079219e+01
1.246266880656238030e+01
1.129364114494105920e+01
1.004512425694912992e+01
9.496460491491600209e+00
7.722895280378853755e+00
5.763858699550580056e+00
3.574054619474515970e+00
7.450435609135266368e-01
-1.094372310470337339e+00
-3.304065914941107351e+00
-5.708164687292924810e+00
-6.254421415592149813e+00
-4.960666308934047919e+00
-4.413675405347385450e+00
-4.338265324626076058e+00
-3.895036336322705406e+00
-3.180393418262535299e+00
-3.387319684938473241e+00
-4.386429140647329916e+00
-4.381091611908219718e+00
-3.951647606278747116e+00
-4.441453239587620061e+00
-4.731729335550489246e+00
-4.413573791468187402e+00
-4.262977470686201364e+00
-5.659304410510294758e+00
-5.963047149577145767e+00
-6.287854609234877934e+00
-6.690410863197578273e+00
-8.294597748990957697e+00
-6.020435405129612505e+00
-5.241712153679731756e+00
-7.059082233839702347e+00
-6.016799100844762549e+00
-6.277261744370392194e+00
-7.461417683929971290e+00
-7.828623660290007003e+00
-7.056927139110398706e+00
-6.310340332976100974e+00
-4.867038383092010534e+00
-2.948069920039255276e+00
-2.553816481982062570e+00
-2.024670709557854220e+00
-2.873766493937301103e+00
-4.052686776072711439e+00
-3.786438045791070905e+00
-1.998311212336942200e+00
-6.296701759824443467e-01
3.027472476914838229e+00
5.785188522094546926e+00
8.856927566405950358e+00
9.090123836290258552e+00
8.924416750157011080e+00
8.900694425721754399e+00
9.102937917682838886e+00
8.622141593494356826e+00
7.834132403447867432e+00
7.995187690917944678e+00
8.195350692608220911e+00
7.725905307315840354e+00
7.508381475608192801e+00
6.623484912049136142e+00
5.658686538383038922e+00
5.265125758175420501e+00
5.697155813065132079e+00
5.664884670102517283e+00
5.329993529306547018e+00
6.105645771882956652e+00
6.738954646268158655e+00
5.935999178423124079e+00
5.217856254874995159e+00
5.694122693982951233e+00
6.144698496939465571e+00
6.302847008848437405e+00
5.733248660934612495e+00
5.227056357335332137e+00
3.586262335100874221e+00
4.067900346917334709e-01
-2.582264361330159463e+00
-4.081430084091863364e+00
-4.709140931788399875e+00
-6.007093561513768165e+00
-6.483943745431826500e+00
-6.777028430520021907e+00
-6.610148408349908244e+00
-6.350209946076362577e+00
-7.002211177657046370e+00
-6.227262319692009385e+00
-6.253329905924226217e+00
-6.537696790348160647e+00
-5.925020481666964933e+00
-6.322848779133287245e+00
-6.155430668453506726e+00
-7.039097188156040907e+00
-5.527102322772615928e+00
-5.536394199616310630e+00
-6.086357715049437012e+00
-6.469193057958298354e+00
-7.134297369421110702e+00
-7.176008424401517871e+00
-8.037138106808782823e+00
-7.514247752363344190e+00
-6.397339072749964828e+00
-6.208274750393282915e+00
-5.938267057027198703e+00
-6.553693037873503435e+00
-7.793578599447792854e+00
-7.482344418845742418e+00
-6.437664046468775325e+00
-7.355192725317548863e+00
-6.492114367408317932e+00
-5.784700849028874714e+00
-5.858494449858136832e+00
-6.891116207229933011e+00
-7.700814336635740887e+00
-7.927414341989665658e+00
-5.867884437903665429e+00
-4.639772497778905880e+00
-9.291913997043557139e-01
-2.124483146258739352e-01
7.113509138154152645e-01
2.463828216387641490e+00
3.809263167260655614e+00
4.265454717366757187e+00
4.566269103401968898e+00
5.077398452623774538e+00
5.272185717565739616e+00
4.669010504353518165e+00
4.827612751199636065e+00
5.770537173491883109e+00
5.498488581860123681e+00
6.453069635613212895e+00
9.287849408678132690e+00
8.868844200063680461e+00
8.173464935861021630e+00
8.695158316155712441e+00
9.203053022057948951e+00
8.868271675184608682e+00
8.679758639189243397e+00
1.032417518515237020e+01
9.682424732712478388e+00
9.019220524300253672e+00
8.493043738487969563e+00
8.072426387063570630e+00
9.151226014877405390e+00
9.772148476177783039e+00
9.793527876855005587e+00
8.976780871303020604e+00
6.997186237308120837e+00
4.914015234063144888e+00
2.151642830785325256e+00
-2.485274072384060062e+00
-4.135374049372182448e+00
-5.418551804407672812e+00
-6.193361130412735172e+00
-5.798651561779094799e+00
-6.799047986507662067e+00
-6.799047986507662067e+00
-6.799047986507662067e+00
-6.799047986507662067e+00
