-1.550889140178490422e+01
-1.525329745382846092e+01
-1.497751265697669787e+01
-1.490959346362612514e+01
-1.504051889889220028e+01
-1.529409863035842321e+01
-1.558354152280455196e+01
-1.571850209854599889e+01
-1.557582033900074236e+01
-1.540841027524424867e+01
-1.542800796252491047e+01
-1.567006720378149787e+01
-1.595424155486964324e+01
-1.611761646347977006e+01
-1.618592061479645849e+01
-1.614470069197762570e+01
-1.605145422666267407e+01
-1.596884523843618631e+01
-1.611529950462502114e+01
-1.638378388163415167e+01
-1.657619438647081367e+01
-1.665342231206355095e+01
-1.674398163884884028e+01
-1.674094191755665761e+01
-1.679693534809100797e+01
-1.698358382869101035e+01
-1.728843134983214469e+01
-1.765160822870322477e+01
-1.790480041853297521e+01
-1.794834938581418626e+01
-1.781558041556020200e+01
-1.762352421195684826e+01
-1.742975089462181870e+01
-1.734843425788544380e+01
-1.738839005654870462e+01
-1.752591530962085642e+01
-1.758918095959860395e+01
-1.754157045448960872e+01
-1.748373737739006017e+01
-1.744597776056757965e+01
-1.748508236242013680e+01
-1.766179525752362522e+01
-1.787493133541724433e+01
-1.805215011284636262e+01
-1.812256383632438173e+01
-1.817561349838997131e+01
-1.830835922865266596e+01
-1.845820332984972723e+01
-1.857271536198317463e+01
-1.853615994111278198e+01
-1.839348158532003552e+01
-1.824728882366430582e+01
-1.827748314905610272e+01
-1.849373634142724754e+01
-1.894488156931382861e+01
-1.927924479211597486e+01
-1.917680123523890146e+01
-1.869123689439624769e+01
-1.812599115743842049e+01
-1.781557494385528173e+01
-1.810030368165790193e+01
-1.897830017932298574e+01
-2.008494808982057833e+01
-2.091267980750056310e+01
-2.104466064979701656e+01
-2.048693219154144884e+01
-1.952123457201939871e+01
-1.819782297225824053e+01
-1.634542249021917115e+01
-1.354472220333007115e+01
-9.280524302258621461e+00
-3.350959182969903694e+00
3.617971311962824732e+00
1.034907451280226809e+01
1.589061626215323031e+01
1.940689327384336593e+01
2.113508155506749731e+01
2.180857418205077281e+01
2.240338402718784039e+01
2.332110912162245953e+01
2.451178592496869513e+01
2.572934144970352577e+01
2.645392044916811614e+01
2.667434911291021393e+01
2.677354394022865236e+01
2.703786857087224504e+01
2.749084324729281548e+01
2.802421783018879964e+01
2.838964108086478078e+01
2.820479350557492637e+01
2.773036055676122302e+01
2.746358434543405025e+01
2.768581497329679308e+01
2.848431849332649080e+01
2.962503637485905728e+01
3.064774024265066998e+01
3.111801014489738293e+01
3.099973662783983031e+01
3.062274240656592994e+01
3.027599689810078942e+01
3.011928560982572023e+01
3.021231250347592479e+01
3.033529978433005070e+01
3.036863849934636406e+01
3.033324884126150423e+01
3.032778017375722968e+01
3.046629626354240727e+01
3.070364881886681729e+01
3.086980319547797080e+01
3.088660614027662632e+01
3.078773616039577732e+01
3.057325461514397702e+01
3.047439344801275851e+01
3.058028557913627310e+01
3.086961830098849902e+01
3.123068100394291946e+01
3.146869855431406293e+01
3.160932472589933795e+01
3.166487009277861731e+01
3.169265259339602281e+01
3.171980282610229196e+01
3.181267420806092971e+01
3.185689999217831314e+01
3.183154173224550831e+01
3.180494960206795341e+01
3.180846951306283898e+01
3.193824978473572074e+01
3.213591081942220029e+01
3.239057085657130131e+01
3.264553096332580395e+01
3.294183723349958370e+01
3.314740813994701796e+01
3.330898835077201170e+01
3.351283805050834985e+01
3.360626617005969052e+01
3.364174465690028626e+01
3.360620464967723109e+01
3.356483173622115856e+01
3.346387008151151576e+01
3.325103933937605660e+01
3.292378426996282315e+01
3.256352889344204726e+01
3.242364134193606873e+01
3.259635756282182939e+01
3.302379938636108392e+01
3.310963544236530254e+01
3.209872603806933000e+01
2.909717669522867212e+01
2.370429278829513819e+01
1.660567932271477432e+01
8.946494197601206011e+00
2.127061483796853558e+00
-2.547556340692247012e+00
-4.961657669811692983e+00
-5.752573317633066452e+00
-5.903332194817517475e+00
-6.488213720964834508e+00
-7.891938499819117325e+00
-9.824551442170630366e+00
-1.183002836682033809e+01
-1.350557507320757367e+01
-1.466003359515082138e+01
-1.541440655409596694e+01
-1.606797176121284920e+01
-1.673763319093746560e+01
-1.734059281741391700e+01
-1.776263000566854089e+01
-1.817190215265152631e+01
-1.856199877248806729e+01
-1.904973517050001774e+01
-1.975682058608343539e+01
-2.045909694310390492e+01
-2.087653975838231446e+01
-2.099524802541439783e+01
-2.089010328007072559e+01
-2.081994525095159787e+01
-2.095523535816482408e+01
-2.135979280986893514e+01
-2.190350567000750459e+01
-2.233554245832611329e+01
-2.256933944148404692e+01
-2.267574862474954145e+01
-2.276405035740998173e+01
-2.307356364739109367e+01
-2.351505931555013618e+01
-2.392981876559120735e+01
-2.415982362160033858e+01
-2.426309040767197089e+01
-2.430559800111455004e+01
-2.442125354891134492e+01
-2.469042922792866790e+01
-2.504073768343871720e+01
-2.533598818823887555e+01
-2.543938228536753954e+01
-2.546060129966764762e+01
-2.550169429804267196e+01
-2.567364061112505524e+01
-2.596941965346004011e+01
-2.622152399909649034e+01
-2.633655468575573266e+01
-2.626949311446060165e+01
-2.619722286412061507e+01
-2.623256044824003297e+01
-2.652932217214774369e+01
-2.696567930697368709e+01
-2.726206873002113795e+01
-2.723570111818598960e+01
-2.707045618114585395e+01
-2.692674130402566135e+01
-2.709832482515368923e+01
-2.757959513766466841e+01
-2.799798029577334546e+01
-2.762403662261611004e+01
-2.602925713390495233e+01
-2.301551748517128360e+01
-1.887651175558035987e+01
-1.413159325237766417e+01
-9.164670271610917851e+00
-4.209029895757186779e+00
7.971388922712634439e-01
5.741602027691556032e+00
1.038097143726687221e+01
1.420962331187883620e+01
1.681331159713309020e+01
1.796976231281525571e+01
1.814394474013867509e+01
1.806202085694161141e+01
1.814722160129020168e+01
1.876168913783891412e+01
1.973582665147754156e+01
2.057218062820083304e+01
2.086396169575759174e+01
2.071002247132749829e+01
2.057546385943581768e+01
2.066265490708387986e+01
2.116701457720772339e+01
2.198142428408041837e+01
2.271621286846328402e+01
2.300282824600684251e+01
2.276297040182751630e+01
2.223684914044238781e+01
2.190136700739502373e+01
2.179310414430283771e+01
2.193976166348925005e+01
2.205981111529897021e+01
2.203867723627696051e+01
2.187622332159208938e+01
2.144702916888610389e+01
2.118551640824261995e+01
2.123815395601693012e+01
2.144560268290332061e+01
2.162727218003109542e+01
2.169766980972341486e+01
2.162616569357310681e+01
2.144106072420210296e+01
2.141071983718854810e+01
2.151609611135591393e+01
2.191266965483575646e+01
2.231229387453652535e+01
2.255309968980026980e+01
2.253040735906669667e+01
2.238974614955729692e+01
2.218339224254523145e+01
2.202707092370432918e+01
2.204674141827699785e+01
2.225310317942052762e+01
2.242795691149516202e+01
2.242339518678139498e+01
2.236029489913190460e+01
2.223603906019796383e+01
2.204222234916959522e+01
2.191976997823412887e+01
2.191617051807157424e+01
2.195572666105161019e+01
2.205055684819872042e+01
2.212633120494772143e+01
2.223031280310629754e+01
2.246176890402637127e+01
2.270795208241824170e+01
2.289082647585321695e+01
2.294288671706798155e+01
2.291082442878481729e+01
2.286173440210779262e+01
2.300696403450271887e+01
2.338167514255915691e+01
2.367106070122495609e+01
2.320458758047100289e+01
2.108169990140864414e+01
1.678103135515377176e+01
1.041973359472913607e+01
2.643561317703002622e+00
-5.104475384116053505e+00
-1.154173695637759067e+01
-1.597971292210213790e+01
-1.844367905758423376e+01
-1.974502413608792040e+01
-2.068526342753315816e+01
-2.171756369996699121e+01
-2.299203266749078978e+01
-2.425484659589493575e+01
-2.512814604139117947e+01
-2.551550130365448865e+01
-2.570985635917929102e+01
-2.610461389582535219e+01
-2.655518688372979952e+01
-2.701897546756035595e+01
-2.724903226247393917e+01
-2.721146158602689269e+01
-2.708225134600465722e+01
-2.718760042412309375e+01
-2.666262502463391471e+01
-2.666262502463391471e+01
-2.666262502463391471e+01
-2.666262502463391471e+01
-2.666262502463391471e+01
-2.666262502463391471e+01
-2.666262502463391471e+01
