-5.926697291860685723e+00
-5.926697291860685723e+00
-5.926697291860685723e+00
-5.926697291860685723e+00
-5.926697291860685723e+00
-5.926697291860685723e+00
-5.926697291860685723e+00
-5.926697291860685723e+00
-6.123142925878056531e+00
-5.581473178282272407e+00
-5.101471326308390175e+00
-4.680981534701222024e+00
-4.854244810784466679e+00
-5.462276491961153724e+00
-6.113776048404603536e+00
-6.412934249460267466e+00
-5.998254273639281209e+00
-5.559533481085282780e+00
-4.849745903550823023e+00
-4.373188513127071353e+00
-4.080747958912978923e+00
-4.002898171951158268e+00
-4.241419800702988852e+00
-4.625495334184686058e+00
-5.289904198943228941e+00
-6.332257978554810762e+00
-7.414439539918402211e+00
-7.981464069309636145e+00
-7.989669675769857093e+00
-7.675228293473482566e+00
-6.707706717593228340e+00
-5.791354281407294913e+00
-5.489675235410992116e+00
-5.857781104204446976e+00
-6.406360006301000887e+00
-7.032419623479231774e+00
-7.184987356801937786e+00
-7.250230064556173026e+00
-6.923288638561195363e+00
-6.527219853452168152e+00
-6.623099618989887638e+00
-7.450877624847727532e+00
-7.740830472648759120e+00
-7.429587476906271526e+00
-7.056480785202698058e+00
-6.027728947564879647e+00
-4.381511822237632359e+00
-3.289430366779256154e+00
-2.952401559818501386e+00
-2.449606475376400194e+00
-1.720915407369425054e+00
-5.229662286193639265e-01
1.500303661405229416e+00
4.127221423384849430e+00
6.349406333419606696e+00
7.732390389238865680e+00
8.172060520398758854e+00
8.266891601767264675e+00
8.062843091171618681e+00
8.004005662523930198e+00
8.118952499972159842e+00
8.360602371886932005e+00
8.306675571988009210e+00
8.246918771605281862e+00
8.133287802610864148e+00
8.140057359283462191e+00
8.274773173677839821e+00
8.737397910724954642e+00
8.924333019120116006e+00
8.948139681495705489e+00
8.731187941988935108e+00
8.430186201639084942e+00
8.177040252954295596e+00
8.185142631939402946e+00
8.201557883278427497e+00
8.089128269082660694e+00
7.903012495460123965e+00
7.584338752687416196e+00
7.203201910109205741e+00
7.017611722766345927e+00
6.905114117274764318e+00
6.885266816688129232e+00
6.797789557907335301e+00
6.716943112546229777e+00
6.648988020799542653e+00
6.798514875356220344e+00
6.977867760156750698e+00
7.178862805315800344e+00
7.214728043748701580e+00
7.004892493101839257e+00
6.427390496636549599e+00
5.704327799334147464e+00
4.796614831636346388e+00
3.787677210206038758e+00
2.395508694091261326e+00
7.403452662393477102e-01
-1.291953072048795281e+00
-3.265966133202384380e+00
-5.041462940837440065e+00
-5.854349983990299933e+00
-5.807832711727682451e+00
-5.505401758645575683e+00
-5.071696798562939534e+00
-4.861737316893698591e+00
-4.896497907542337380e+00
-5.236805799665752659e+00
-5.697066477574844079e+00
-6.007217596566786000e+00
-6.304762736865062500e+00
-6.741974871598931607e+00
-7.247016015441642089e+00
-7.333436251247351656e+00
-6.984232488147775975e+00
-6.684837791550501507e+00
-6.320479813292604554e+00
-6.452941643973446162e+00
-6.987661407373175315e+00
-7.681638053862515747e+00
-7.976994583793712401e+00
-7.976640494122166913e+00
-7.501577292527831453e+00
-6.993866059536487434e+00
-7.132154254550369110e+00
-8.038862064779118910e+00
-8.856032004627028442e+00
-9.249790580862773837e+00
-9.084839679732239048e+00
-7.955863668902277475e+00
-6.040999776354720296e+00
-4.247078423247549139e+00
-2.594378280259627356e+00
-1.107042874806818622e+00
4.093359931558826492e-01
2.041904201503493610e+00
3.949598091766230112e+00
5.617215221901489031e+00
6.672009015621819472e+00
6.891968647892131372e+00
6.624411863006653078e+00
6.258493726673936663e+00
6.275702654419816007e+00
6.568276708264541242e+00
7.019046016785652320e+00
7.064102996682667168e+00
6.600800868406892619e+00
5.824157069329620739e+00
5.273366341472446983e+00
5.256548385301765158e+00
5.710121467163133957e+00
6.472134920504601041e+00
7.245347626297594879e+00
7.768261547983740911e+00
7.944225157004411564e+00
7.870967382991518768e+00
7.903619850042021611e+00
7.707748755897182669e+00
7.541519177682188158e+00
7.400512829885429689e+00
7.454453582154300761e+00
7.607421513872684393e+00
8.112594378918926097e+00
8.792163941354042223e+00
8.962918773971088271e+00
8.751608323679098689e+00
8.209312885748826005e+00
7.858533641441990625e+00
7.807095819224278088e+00
8.348422655249732927e+00
8.987241021527717422e+00
9.118016944003072055e+00
8.361358815870451267e+00
6.593925116805313458e+00
4.457393318080169919e+00
2.549898860216871288e+00
9.315396467754574195e-01
-2.269148488023748911e-01
-1.474363420205140773e+00
-2.858312917676242293e+00
-4.915388154057601433e+00
-6.098131601991497952e+00
-6.548939480219932108e+00
-5.858624648338245144e+00
-4.984807443068418387e+00
-4.550259752390807044e+00
-4.925178571833446206e+00
-5.921821218491277961e+00
-6.437860137309312059e+00
-5.837037705287159817e+00
-3.357011961508748144e+00
-3.228485430267693523e-01
1.945231149521183589e+00
1.879958527218351438e+00
-8.353933382490359438e-01
-4.842668093530532403e+00
-8.690451600287806500e+00
-1.069274931879637514e+01
-1.047872620580201009e+01
-8.522574790774573472e+00
-6.489503970932440247e+00
-5.405965539163068101e+00
-5.632120906226335322e+00
-6.949762294188228218e+00
-7.977494848509102177e+00
-8.472682743030231833e+00
-7.977934318235473832e+00
-6.804043290924235876e+00
-5.698957736798796248e+00
-5.132426325124279209e+00
-4.484643607340007776e+00
-3.635543990401562731e+00
-2.618623697083879875e+00
-7.381488290551236897e-01
1.437760587458608352e+00
3.005884776801034164e+00
4.258277006761923111e+00
5.442944080743176372e+00
6.304628593321717211e+00
6.854792335546982862e+00
7.788700157282653080e+00
8.711692412061900370e+00
9.323830162932429388e+00
9.541716964238579735e+00
9.554452055101643637e+00
9.340154727414743618e+00
8.838210286434275531e+00
8.331443490514185868e+00
8.055272837581181733e+00
7.852712761754826687e+00
7.756678171227505914e+00
7.726094926505840732e+00
7.973089979538291239e+00
7.998264425517875864e+00
7.793314707017048981e+00
7.480004972566190347e+00
7.302451362946477786e+00
7.122583478310934524e+00
6.970662792698555599e+00
7.108871337584383276e+00
7.413810519976741453e+00
7.568260379414224914e+00
7.571861002644783234e+00
7.557100941260828542e+00
7.598229193959721073e+00
7.565693826348712570e+00
7.590984497849866841e+00
7.623706368149917090e+00
7.626457170351674364e+00
7.276746639123730098e+00
6.308685077362921056e+00
4.987603221482521221e+00
3.230733468565582633e+00
9.820723326774449813e-01
-1.454396413855842063e+00
-3.568791268705541420e+00
-5.478340642105361979e+00
-6.879538050253802162e+00
-7.854519345401929975e+00
-7.911866078993933016e+00
-7.699963327451175843e+00
-7.339095188507748446e+00
-7.032244581334898825e+00
-6.599640708367775055e+00
-6.539830172389728524e+00
-6.916176311369832241e+00
-7.055464522634864011e+00
-7.167465314493052908e+00
-7.114863210800767668e+00
-6.858875600217933410e+00
-6.474622681839080407e+00
-6.376061041224002857e+00
-6.661812122767665656e+00
-7.028400976604773476e+00
-7.213296229914659463e+00
-7.112797785430349684e+00
-7.048400302827127817e+00
-7.023853211798493312e+00
-7.210475512578864432e+00
-7.885255703002583161e+00
-8.905407796453443936e+00
-9.659104605099649632e+00
-9.342617802089563384e+00
-8.001518122612221617e+00
-6.391859439129638609e+00
-5.224866533037598515e+00
-5.067314451960159616e+00
-6.050092045588011835e+00
-7.504434137086979817e+00
-8.208247093483777235e+00
-7.455263318564452568e+00
-5.678354195194692977e+00
-3.321025825760612893e+00
-9.583958350094263778e-01
8.586376710273525559e-01
1.781591456568480281e+00
2.096162276529661028e+00
2.590846824951114957e+00
3.385968403575255969e+00
4.292233926472807326e+00
5.001370875926697046e+00
5.241620170823292568e+00
5.051614795419093085e+00
4.790972867370767219e+00
4.841654746383639463e+00
5.233007719031030902e+00
5.808515381483161377e+00
6.209594563900039610e+00
5.942103920951492313e+00
5.334079831340855726e+00
4.979888338554042448e+00
4.998711043678548904e+00
5.182035432474737746e+00
5.606917450600258590e+00
6.081872011384921173e+00
6.120496219779156810e+00
5.807831719411407079e+00
5.628742394305707109e+00
5.771314833054389304e+00
