-1.596674402367029977e+01
-1.596674402367029977e+01
-1.596674402367029977e+01
-1.596674402367029977e+01
-1.596674402367029977e+01
-1.596674402367029977e+01
-1.595720760444165620e+01
-1.598350286838267031e+01
-1.670153890483282666e+01
-1.781526099623120629e+01
-1.832714430595258293e+01
-1.801381599104829334e+01
-1.731691029432544582e+01
-1.691529371542837978e+01
-1.701146885077924154e+01
-1.744957563344864937e+01
-1.785445806637150312e+01
-1.794285052021270133e+01
-1.768484052873560231e+01
-1.729321206808618072e+01
-1.714307356195562093e+01
-1.739023355704046381e+01
-1.777698388790216910e+01
-1.797569419632703713e+01
-1.780599804140814513e+01
-1.736794955168713273e+01
-1.690355002460584188e+01
-1.668962403922621007e+01
-1.680518788330094893e+01
-1.716362568526721333e+01
-1.751742372479865395e+01
-1.757885610498981777e+01
-1.739030505075097466e+01
-1.721059046799215508e+01
-1.719741102882720796e+01
-1.728297807318707413e+01
-1.737260745869721035e+01
-1.731764958693742784e+01
-1.712338915611124790e+01
-1.691949274581425300e+01
-1.682388912123209934e+01
-1.690068372998933910e+01
-1.709362441688742962e+01
-1.719954200308790959e+01
-1.710804530581966887e+01
-1.700283074001635342e+01
-1.703586233558186791e+01
-1.723998791558538457e+01
-1.756845414379735004e+01
-1.789509344264173052e+01
-1.797096593748464244e+01
-1.774451381770787606e+01
-1.737841056363932424e+01
-1.715211076509040922e+01
-1.719336911761838138e+01
-1.747284261215420642e+01
-1.777551233679932707e+01
-1.784211360757374010e+01
-1.758781804669390780e+01
-1.711890835410824252e+01
-1.668782375218406600e+01
-1.649064590421549070e+01
-1.668951633236158116e+01
-1.713115545890130420e+01
-1.746756752742320273e+01
-1.747080949549991757e+01
-1.702463730576876344e+01
-1.592904467954401682e+01
-1.379562795818588583e+01
-1.074317633730685984e+01
-6.647881271904210188e+00
-1.507914059694430264e+00
4.002726552314584296e+00
9.257829065225921639e+00
1.377975273484698349e+01
1.711786668649020271e+01
1.942954446986429673e+01
2.139748232326195776e+01
2.371487873926261614e+01
2.623591758069792590e+01
2.933223553684150886e+01
3.232415032851510261e+01
3.483525916677987055e+01
3.635515848564243413e+01
3.650928287178663822e+01
3.568614602774884759e+01
3.500095277227985235e+01
3.456261976316083206e+01
3.444676311688164816e+01
3.493613245089711228e+01
3.541968156921997490e+01
3.509407142957167025e+01
3.402831396362568483e+01
3.221379746738681860e+01
3.011926586590703536e+01
2.832290342637565317e+01
2.743171104574393837e+01
2.677913557623920937e+01
2.673629898307292763e+01
2.653585293210374729e+01
2.605964082441003882e+01
2.553253984225068507e+01
2.489432275737717148e+01
2.438291277728164630e+01
2.396209581285275902e+01
2.393009402885011028e+01
2.436594784653143719e+01
2.492243157907819295e+01
2.572080575378430467e+01
2.663647848255996564e+01
2.742003841424978461e+01
2.765438548456757317e+01
2.748762209690903902e+01
2.748447506980370747e+01
2.741378692766713954e+01
2.796625564405799125e+01
2.865724307882445032e+01
2.947250059062326599e+01
2.976926110150209226e+01
2.933856076221293563e+01
2.822201361103288519e+01
2.721701752944063557e+01
2.674387034641975092e+01
2.698435974108242519e+01
2.784800505126342429e+01
2.858780409010593360e+01
2.905648659768495179e+01
2.900227946053094996e+01
2.885938248858171917e+01
2.904797916376079314e+01
3.009866436823272551e+01
3.137890966162224871e+01
3.197815964995588089e+01
3.189631586557367626e+01
3.114089691136905103e+01
2.996626995995508480e+01
2.928361953064381851e+01
3.011158267890586160e+01
3.152271186124414371e+01
3.232070744966019760e+01
3.239913731012557463e+01
3.210948487931296569e+01
3.100197211307896694e+01
3.063257310728258176e+01
3.186407200999349598e+01
3.453209876426691949e+01
3.684991097448415331e+01
3.812865548680311178e+01
3.800676900104969747e+01
3.602585901605051788e+01
3.234739438217652463e+01
2.790692258443536389e+01
2.391965031202822090e+01
2.009428940819574194e+01
1.611559592332347179e+01
1.232529293417891481e+01
8.615259749009481993e+00
4.945338086912262732e+00
1.501887554260266544e+00
-1.261153068393921162e+00
-3.755624200676405344e+00
-6.202545142387436705e+00
-8.533449264297569670e+00
-1.043014556186228248e+01
-1.178942639466899323e+01
-1.272427999372911778e+01
-1.325266815597740866e+01
-1.345722789138702957e+01
-1.368529552558898210e+01
-1.411443899531253621e+01
-1.452299212166907161e+01
-1.471953428930526542e+01
-1.477422648378297154e+01
-1.487928128010578277e+01
-1.504155376908216724e+01
-1.524505057785161632e+01
-1.548723201683930739e+01
-1.574603272363058970e+01
-1.582937169937344635e+01
-1.572042140652545683e+01
-1.562879134928489577e+01
-1.576052113299159885e+01
-1.603415742306991021e+01
-1.625083900644284185e+01
-1.634049472139481907e+01
-1.630067572421163291e+01
-1.618763058969521396e+01
-1.608911882824688888e+01
-1.625150350455673376e+01
-1.670750480987750564e+01
-1.721670123463269775e+01
-1.748187815145755408e+01
-1.739658186366293791e+01
-1.701570960470855098e+01
-1.649713344291967587e+01
-1.610831355253383634e+01
-1.600546465452569933e+01
-1.616429313844244575e+01
-1.639081254928154863e+01
-1.655808365639517277e+01
-1.662259319344553887e+01
-1.664003659719698192e+01
-1.659049043906702892e+01
-1.645638140773341718e+01
-1.638584097877830814e+01
-1.646537089560453637e+01
-1.660221947651430341e+01
-1.674884337688559555e+01
-1.695650644023346132e+01
-1.714509209774795551e+01
-1.715576376858197705e+01
-1.701756131458440180e+01
-1.677910735024786248e+01
-1.661133069680703400e+01
-1.657921273069660728e+01
-1.657117060387759722e+01
-1.653786793178718284e+01
-1.652338781842535909e+01
-1.655458779356511556e+01
-1.658401472228933216e+01
-1.680287756729220305e+01
-1.720630845396856756e+01
-1.758457421050415093e+01
-1.764552915712821957e+01
-1.735555959902699996e+01
-1.688777507964998392e+01
-1.645518664112144336e+01
-1.619009703119193233e+01
-1.624004530444799244e+01
-1.650542573685118697e+01
-1.672288615876773932e+01
-1.663239728091975422e+01
-1.639540059987151110e+01
-1.620958483958024843e+01
-1.614039298640925679e+01
-1.615800512010795842e+01
-1.625245485077104135e+01
-1.632564771101688805e+01
-1.624610470607181512e+01
-1.605864981267203717e+01
-1.599299284454077963e+01
-1.614200200697743526e+01
-1.642011446264358554e+01
-1.661229373337930681e+01
-1.664742677194902498e+01
-1.647648239181848240e+01
-1.619212612655766037e+01
-1.595424457807156493e+01
-1.598886370092680664e+01
-1.620138533082905496e+01
-1.639104265501037361e+01
-1.642551362499111889e+01
-1.641845205728639456e+01
-1.641573497034524820e+01
-1.644860460236541400e+01
-1.656855878135892723e+01
-1.673510513246950993e+01
-1.677901713009461560e+01
-1.658725597716227540e+01
-1.632769648698695519e+01
-1.626987010812328904e+01
-1.645833485835161270e+01
-1.673136908356512365e+01
-1.694861969222018772e+01
-1.701954356634267995e+01
-1.688334368530290774e+01
-1.667812198226821607e+01
-1.663685316180502838e+01
-1.686831688378972771e+01
-1.717569992516454747e+01
-1.724693726808012784e+01
-1.703301026130229801e+01
-1.670965457017831923e+01
-1.648492488124098188e+01
-1.645182998635440086e+01
-1.669854590801258709e+01
-1.705701463965456810e+01
-1.713211412248952925e+01
-1.675005672834433668e+01
-1.621949302226294876e+01
-1.597389507217652138e+01
-1.616756906905984081e+01
-1.673166099363368531e+01
-1.748773546899013809e+01
-1.794737819949194702e+01
-1.758089399095106131e+01
-1.621605708841191529e+01
-1.403299372045519711e+01
-1.108177082713470618e+01
-7.441593443258229357e+00
-2.991110515298015304e+00
1.745408943262461987e+00
6.648786320694983765e+00
1.109574437812807268e+01
1.478914302469148900e+01
1.736749717496658363e+01
1.954288570792315838e+01
2.189939790879071779e+01
2.460760215162881082e+01
2.715988251945494625e+01
2.925066875701353197e+01
3.054208941564360913e+01
3.069171696558944973e+01
3.014750177488722827e+01
2.980047003019119956e+01
3.001598184705011718e+01
3.051843983989243370e+01
3.128398634522030619e+01
3.193231079879556944e+01
3.220852345098850833e+01
3.230018839030845612e+01
3.234015703098398120e+01
3.191414228073399428e+01
3.068553766616301814e+01
2.852212136563628420e+01
2.548010897540401132e+01
2.250767986349569583e+01
