6.498504270270069938e+00
-5.631221939087146744e+00
-1.586634829060649210e+01
-2.165841554732116592e+01
-2.304156623788777480e+01
-2.095267756171373819e+01
-1.785629380044936809e+01
-1.503653323958427279e+01
-1.167413284932455575e+01
-6.189982729177224030e+00
1.310778331360232585e+00
8.659136222445784625e+00
1.342413805790825343e+01
1.360561433119809394e+01
9.564429947959126821e+00
3.488315639987451533e+00
-1.705758412535286261e+00
-4.055270507023556625e+00
-4.289733052440813488e+00
-3.604754530558333947e+00
-2.621321081822335586e+00
-5.993075099786939752e-01
2.634086117920158010e+00
7.808747542013553478e+00
1.390146601358755341e+01
1.871854522068274207e+01
1.989582385510626850e+01
1.713502830833641610e+01
1.164769629469514811e+01
5.583444885344356123e+00
7.370939191612473351e-01
-2.621458374767568600e+00
-4.770016051178529892e+00
-6.047024273084391943e+00
-5.282995192316582767e+00
-1.407644164892321026e+00
6.214995661529636450e+00
1.542062452980342613e+01
2.233833530672204404e+01
2.279795318768492507e+01
1.587393809795448618e+01
2.740892119034370467e+00
-1.175049864226800622e+01
-2.179366322604559514e+01
-2.422022049693190482e+01
-1.948315702585523823e+01
-9.859746497374164420e+00
1.420619074361802348e+00
9.701276023120298575e+00
1.259831422033484039e+01
9.646189307060778262e+00
9.630951213637626296e-01
-1.126235035530619655e+01
-2.225115055734041647e+01
-2.642522918198931237e+01
-2.120053833706394641e+01
-7.651714415313630724e+00
8.595832460582180090e+00
1.994680955505629782e+01
2.089069503374765802e+01
1.126912089256848937e+01
-3.264111580690945758e+00
-1.303070657959274570e+01
-1.303515646320339982e+01
-3.041535975013774262e+00
8.643312557692800269e+00
2.032816109039937658e+01
3.201300962310595111e+01
4.369785815581252564e+01
5.538270668851910727e+01
6.706755522122567470e+01
7.875240375393225634e+01
9.043725228663882376e+01
1.021221008193454054e+02
1.138069493520519728e+02
1.254917978847585402e+02
1.371766464174651219e+02
1.488614949501717035e+02
1.605463434828782852e+02
1.722311920155848384e+02
1.839160405482914200e+02
1.956008890809980016e+02
2.072857376137045833e+02
2.189705861464111649e+02
2.306554346791177181e+02
2.423402832118242998e+02
2.540251317445308814e+02
2.657099802772374346e+02
2.773948288099440447e+02
2.890796773426505979e+02
3.007645258753571511e+02
3.124493744080637612e+02
3.241342229407703144e+02
3.358190714734769244e+02
3.475039200061834777e+02
3.591887685388900309e+02
3.708736170715966409e+02
3.825584656043031941e+02
3.942433141370098042e+02
4.059281626697163574e+02
4.176130112024229106e+02
4.292978597351295207e+02
4.409827082678360739e+02
4.526675568005426271e+02
4.643524053332492372e+02
4.760372538659557904e+02
4.877221023986624004e+02
4.994069509313689537e+02
5.110917994640755637e+02
5.227766479967820032e+02
5.344614965294886133e+02
5.461463450621952234e+02
-1.047320267451917530e+00
-1.047320267451917530e+00
-1.047320267451917530e+00
-1.047320267451917530e+00
-1.047320267451917530e+00
-1.047320267451917530e+00
-1.047320267451917530e+00
-1.047320267451917530e+00
-1.047320267451917530e+00
-1.047320267451917530e+00
-1.047320267451917530e+00
-1.047320267451917530e+00
-1.047320267451917530e+00
-1.047320267451917530e+00
-1.047320267451917530e+00
-1.047320267451917530e+00
-1.047320267451917530e+00
-1.047320267451917530e+00
-1.047320267451917530e+00
-1.047320267451917530e+00
-1.047320267451917530e+00
-1.047320267451917530e+00
-1.047320267451917530e+00
-1.047320267451917530e+00
-1.047320267451917530e+00
-1.047320267451917530e+00
-1.047320267451917530e+00
-1.047320267451917530e+00
-1.047320267451917530e+00
-1.047320267451917530e+00
-1.047320267451917530e+00
-1.047320267451917530e+00
-1.047320267451917530e+00
-1.047320267451917530e+00
-1.047320267451917530e+00
-1.047320267451917530e+00
-1.047320267451917530e+00
-1.047320267451917530e+00
-1.047320267451917530e+00
-1.047320267451917530e+00
-1.047320267451917530e+00
-1.047320267451917530e+00
-1.047320267451917530e+00
-1.047320267451917530e+00
-1.047320267451917530e+00
-1.047320267451917530e+00
-1.047320267451917530e+00
-1.047320267451917530e+00
-1.047320267451917530e+00
-1.047320267451917530e+00
-1.047320267451917530e+00
-1.047320267451917530e+00
-1.047320267451917530e+00
-1.047320267451917530e+00
-1.047320267451917530e+00
-1.047320267451917530e+00
-1.047320267451917530e+00
-1.047320267451917530e+00
-1.047320267451917530e+00
-1.047320267451917530e+00
-1.047320267451917530e+00
-1.047320267451917530e+00
-1.047320267451917530e+00
-1.047320267451917530e+00
-1.047320267451917530e+00
-1.047320267451917530e+00
-1.047320267451917530e+00
-1.047320267451917530e+00
-1.047320267451917530e+00
-1.047320267451917530e+00
-1.047320267451917530e+00
-1.047320267451917530e+00
-1.047320267451917530e+00
-1.047320267451917530e+00
-1.047320267451917530e+00
-1.047320267451917530e+00
-1.047320267451917530e+00
-1.047320267451917530e+00
-1.047320267451917530e+00
-1.047320267451917530e+00
-1.047320267451917530e+00
-1.047320267451917530e+00
-1.047320267451917530e+00
-1.047320267451917530e+00
-1.047320267451917530e+00
-1.047320267451917530e+00
-1.047320267451917530e+00
-1.047320267451917530e+00
-1.047320267451917530e+00
-1.047320267451917530e+00
-1.047320267451917530e+00
-1.047320267451917530e+00
-1.047320267451917530e+00
-1.047320267451917530e+00
-1.047320267451917530e+00
-1.047320267451917530e+00
-1.047320267451917530e+00
-1.047320267451917530e+00
-1.047320267451917530e+00
-1.047320267451917530e+00
-1.047320267451917530e+00
-1.047320267451917530e+00
-1.047320267451917530e+00
-1.047320267451917530e+00
-1.047320267451917530e+00
-1.047320267451917530e+00
-1.047320267451917530e+00
-1.047320267451917530e+00
-1.047320267451917530e+00
-1.047320267451917530e+00
-1.047320267451917530e+00
-1.047320267451917530e+00
-1.047320267451917530e+00
-1.047320267451917530e+00
-1.047320267451917530e+00
-1.047320267451917530e+00
-1.047320267451917530e+00
-1.047320267451917530e+00
-1.047320267451917530e+00
-1.047320267451917530e+00
-1.047320267451917530e+00
-1.047320267451917530e+00
-1.047320267451917530e+00
-1.047320267451917530e+00
-1.047320267451917530e+00
-1.047320267451917530e+00
-1.047320267451917530e+00
-1.047320267451917530e+00
-1.047320267451917530e+00
-1.047320267451917530e+00
-1.047320267451917530e+00
-1.047320267451917530e+00
-1.047320267451917530e+00
-1.047320267451917530e+00
-1.047320267451917530e+00
-1.047320267451917530e+00
-1.047320267451917530e+00
-1.047320267451917530e+00
-1.047320267451917530e+00
-1.047320267451917530e+00
-1.047320267451917530e+00
-1.047320267451917530e+00
-1.047320267451917530e+00
-1.047320267451917530e+00
-1.047320267451917530e+00
-1.047320267451917530e+00
-1.047320267451917530e+00
-1.047320267451917530e+00
-1.047320267451917530e+00
-1.047320267451917530e+00
-1.047320267451917530e+00
-1.047320267451917530e+00
-1.047320267451917530e+00
-1.047320267451917530e+00
-1.047320267451917530e+00
-1.047320267451917530e+00
-1.047320267451917530e+00
-1.047320267451917530e+00
-1.047320267451917530e+00
-1.047320267451917530e+00
-1.047320267451917530e+00
-1.047320267451917530e+00
-1.047320267451917530e+00
-1.047320267451917530e+00
-1.047320267451917530e+00
-1.047320267451917530e+00
-1.047320267451917530e+00
-1.047320267451917530e+00
-1.047320267451917530e+00
-1.047320267451917530e+00
-1.047320267451917530e+00
-1.047320267451917530e+00
-1.047320267451917530e+00
-1.047320267451917530e+00
-1.047320267451917530e+00
-1.047320267451917530e+00
-1.047320267451917530e+00
-1.047320267451917530e+00
-1.047320267451917530e+00
-1.047320267451917530e+00
-1.047320267451917530e+00
-1.047320267451917530e+00
-1.047320267451917530e+00
-1.047320267451917530e+00
-1.047320267451917530e+00
-1.047320267451917530e+00
-1.047320267451917530e+00
-1.047320267451917530e+00
-1.047320267451917530e+00
-1.047320267451917530e+00
-1.047320267451917530e+00
-1.047320267451917530e+00
-1.047320267451917530e+00
-1.047320267451917530e+00
-1.047320267451917530e+00
-1.047320267451917530e+00
-1.047320267451917530e+00
-1.047320267451917530e+00
-1.047320267451917530e+00
-1.047320267451917530e+00
-1.047320267451917530e+00
-1.047320267451917530e+00
-1.047320267451917530e+00
-1.047320267451917530e+00
-1.047320267451917530e+00
-1.047320267451917530e+00
-1.047320267451917530e+00
-1.047320267451917530e+00
-1.047320267451917530e+00
-1.047320267451917530e+00
-1.047320267451917530e+00
-1.047320267451917530e+00
-1.047320267451917530e+00
-1.047320267451917530e+00
-1.047320267451917530e+00
-1.047320267451917530e+00
-1.047320267451917530e+00
-1.047320267451917530e+00
-1.047320267451917530e+00
-1.047320267451917530e+00
-1.047320267451917530e+00
-1.047320267451917530e+00
-1.047320267451917530e+00
-1.047320267451917530e+00
-1.047320267451917530e+00
-1.047320267451917530e+00
-1.047320267451917530e+00
-1.047320267451917530e+00
-1.047320267451917530e+00
-1.047320267451917530e+00
-1.047320267451917530e+00
-1.047320267451917530e+00
-1.047320267451917530e+00
-1.047320267451917530e+00
-1.047320267451917530e+00
-1.047320267451917530e+00
-1.047320267451917530e+00
-1.047320267451917530e+00
-1.047320267451917530e+00
-1.047320267451917530e+00
-1.047320267451917530e+00
-1.047320267451917530e+00
-1.047320267451917530e+00
-1.047320267451917530e+00
-1.047320267451917530e+00
-1.047320267451917530e+00
-1.047320267451917530e+00
-1.047320267451917530e+00
-1.047320267451917530e+00
-1.047320267451917530e+00
-1.047320267451917530e+00
-1.047320267451917530e+00
-1.047320267451917530e+00
-1.047320267451917530e+00
-1.047320267451917530e+00
-1.047320267451917530e+00
-1.047320267451917530e+00
-1.047320267451917530e+00
-1.047320267451917530e+00
-1.047320267451917530e+00
-1.047320267451917530e+00
-1.047320267451917530e+00
-1.047320267451917530e+00
