-9.590144193042883458e+00
-9.590144193042883458e+00
-9.590144193042883458e+00
-9.590144193042883458e+00
-9.590144193042883458e+00
-9.590144193042883458e+00
-1.198917767653439270e+01
-1.091818058568996896e+01
-9.847183494845545226e+00
-8.776186404001121488e+00
-1.052946033264149150e+00
5.807122501875282339e+00
2.876881533633722121e+00
-7.709324280092012316e+00
-1.749427829061077588e+01
-1.827718358405647336e+01
-8.296320037920574819e+00
6.687715049484253882e+00
1.723229389087172336e+01
1.547266771664979501e+01
2.108375233064396781e+00
-1.484103199868726719e+01
-2.506190466705151820e+01
-2.297491452734782058e+01
-9.685572484381715697e+00
6.223976936630212009e+00
1.422883127648874435e+01
9.953882698028010623e+00
-3.652260329253307347e+00
-1.848556085824105111e+01
-2.614538738714541921e+01
-2.154367646231860434e+01
-7.409014435015244260e+00
8.841463316274868589e+00
1.996013630578051234e+01
2.200326013649284107e+01
1.493855270362927534e+01
2.970664404602178621e+00
-8.380602767464303327e+00
-1.511558644696694387e+01
-1.659648713793762909e+01
-1.372201586154523412e+01
-8.726891925782570780e+00
-4.743374444667807666e+00
-3.400781694994319260e+00
-5.163750258889241884e+00
-7.946193626739704641e+00
-1.099709057977390003e+01
-1.195592114035676623e+01
-9.634625119843931884e+00
-3.749815947940623673e+00
3.626955374917774311e+00
1.081608500906922288e+01
1.604666572039169026e+01
1.758723593074471836e+01
1.514958792389610664e+01
9.672775365236855549e+00
2.941001910594625457e+00
-2.891345383839909466e+00
-5.468596161297897496e+00
-3.470441698818683474e+00
2.675388863298107545e+00
1.074812367519677281e+01
1.744331605601727375e+01
1.988728570010388097e+01
1.754366312958262597e+01
1.195736006599027945e+01
6.097787374521822734e+00
2.656885603428951637e+00
2.455156309021491179e+00
3.812533950457083431e+00
4.537625283631498085e+00
3.691100845709037070e+00
2.065931989305975769e+00
1.975897295601329651e+00
5.159242493767650650e+00
1.117641054763825359e+01
1.706469759670580189e+01
1.882080925144585848e+01
1.435021808374763097e+01
4.985075637327788911e+00
-4.807528337925859319e+00
-9.713143990815616746e+00
-6.413348677925891472e+00
3.942355389342882432e+00
1.602865913081525662e+01
2.386556935448017569e+01
2.292959358770019662e+01
1.354461705662448701e+01
-4.142869978834085032e-02
-1.095278265291299391e+01
-1.427704683361299764e+01
-8.700509330816259990e+00
2.443965900302133676e+00
1.275836625764393517e+01
1.576956518248364070e+01
9.483444404110802139e+00
-3.505561495305057562e+00
-1.692021370010329662e+01
-2.416802232285153451e+01
-2.113675588901651281e+01
-9.708109089889333632e+00
3.549258419981834223e+00
1.084564377285982317e+01
8.071691499088533561e+00
-3.465602049938480533e+00
-1.715520416362829437e+01
-2.484065409049467377e+01
-2.132074120345081525e+01
-8.326444582376518966e+00
7.358286951041231205e+00
1.726484345361055972e+01
1.632248949874190203e+01
5.017116461578581266e+00
-1.050406258958131644e+01
-2.263659217466242524e+01
-2.641354820189429731e+01
-2.180621576096234548e+01
-1.235475983537441635e+01
-2.021274025742306968e+00
6.297833760664565794e+00
1.209894695090846994e+01
1.577075065808210574e+01
1.741037002041329629e+01
1.520657657742059854e+01
8.294358415442761867e+00
-2.889763376866611999e+00
-1.457861029084522286e+01
-2.226558867414432541e+01
-2.211836123914918772e+01
-1.425552203296016174e+01
-1.980502525401970360e+00
9.195654996052471830e+00
1.477374617707875970e+01
1.385362823349086980e+01
8.309459864754877856e+00
1.416044441668187659e+00
-3.990352811906656250e+00
-6.671466880929390442e+00
-7.174139385740304853e+00
-6.012795725346575360e+00
-3.066769380767603081e+00
1.902365629170668093e+00
8.435490771667810250e+00
1.477745281177448788e+01
1.831593947263438338e+01
1.738309137189527576e+01
1.170476201377936576e+01
3.739286415557221410e+00
-3.139899422829268261e+00
-6.108994898145180485e+00
-4.641177540183890393e+00
1.266817838348170966e-01
6.266232118491885217e+00
1.188125504609319449e+01
1.597137008729011676e+01
1.811125083887667842e+01
1.820589388317788604e+01
1.550883070838253630e+01
9.890846235891924465e+00
2.429094075269325081e+00
-4.553491918964089891e+00
-8.478213313789510153e+00
-7.038438677004480226e+00
-2.068336064653912842e-01
9.450143279803349117e+00
1.756346620983195450e+01
2.034129095786225250e+01
1.599647359574562167e+01
5.912149560912352442e+00
-6.203056894174540759e+00
-1.569049534642881127e+01
-1.876547616977057231e+01
-1.459681833743003665e+01
-5.049570154084593199e+00
6.057258036973039772e+00
1.455467012241154023e+01
1.631764540585920642e+01
1.120478747863681335e+01
1.190825874641715743e+00
-1.039472621621800918e+01
-2.043393381125643060e+01
-2.562166534596653733e+01
-2.519949151063359949e+01
-2.016437286676548268e+01
-1.169336318290223531e+01
-1.721405294007956499e+00
7.143384119559993195e+00
1.261617642554594809e+01
1.243063859113061653e+01
5.959659219547476461e+00
-5.655610125020548828e+00
-1.850109059083649754e+01
-2.783878358709681322e+01
-2.912578297634538416e+01
-2.139556099385949040e+01
-7.999565910019056147e+00
5.119811479507801799e+00
1.223550453603699317e+01
1.006181443573304968e+01
3.347671778311323010e-01
-1.201583533377722723e+01
-2.164043434783081565e+01
-2.560948314782946156e+01
-2.315905749410026715e+01
-1.605980015828644625e+01
-6.933625058975636968e+00
2.483453772034549978e+00
1.137663207437130808e+01
1.857395004339624478e+01
2.194884226519093673e+01
1.929916252878904714e+01
1.073956275844739139e+01
-1.255503774678912166e+00
-1.215133763081321483e+01
-1.707952104308878205e+01
-1.338064892633312652e+01
-2.909201339057151614e+00
8.863006100063561377e+00
1.644567693349237558e+01
1.734147942299376410e+01
1.190939505855613234e+01
4.197973078413092196e+00
-1.150404617980754551e+00
-1.059872883497215090e+00
2.973358038523601365e+00
8.426472341541295208e+00
1.209959548143802266e+01
1.230901046283107547e+01
8.683481022399039517e+00
3.055686880703878394e+00
-2.064789542059937144e+00
-4.120581022007830718e+00
-1.732168199192461344e+00
4.868928461146785125e+00
1.390563129958893285e+01
2.168266109801857411e+01
2.347094952752095764e+01
1.746888173734508243e+01
5.682267004824687717e+00
-6.476507705379241031e+00
-1.339386842966537472e+01
-1.059356999290309531e+01
3.204436613030381409e-01
1.248916222233449602e+01
1.770309348625268697e+01
1.234810512885778877e+01
-1.907334132802047222e+00
-1.772376155287062716e+01
-2.629677577092267171e+01
-2.276370826777352363e+01
-1.009151123151536211e+01
3.616098958737584468e+00
9.776458539490805677e+00
5.459166625467823941e+00
-6.155574480750319211e+00
-1.727845792459281071e+01
-2.078239787774339575e+01
-1.429960700136685858e+01
-2.820314405200578634e+00
5.155431537444082224e+00
4.737226691243511034e+00
-4.176308567769679847e+00
-1.584866871671042254e+01
-2.261080705107467992e+01
-1.891736229817156811e+01
-6.287417398808718971e+00
8.347285701336680575e+00
1.665426329479030443e+01
1.423572067400019492e+01
2.184513653069608097e+00
-1.262264326572470452e+01
-2.214068466244675193e+01
-2.095263223430910315e+01
-1.007669170376851220e+01
4.413429109615588430e+00
1.449311885814937639e+01
1.465298710233266988e+01
4.776249427604200903e+00
-9.794174007927491488e+00
-2.125887799900622355e+01
-2.380998958869533766e+01
-1.652867250153207124e+01
-3.529918082035662152e+00
8.579842357580195866e+00
1.436327238410394358e+01
1.209732583427135566e+01
4.483625969911662068e+00
-3.191873135263481487e+00
-6.246184159447388140e+00
-3.628253527779384147e+00
2.877706370387361545e+00
9.502222792992419897e+00
1.280939534891332166e+01
1.147368599567113634e+01
6.949408507921724265e+00
1.483549813863729305e+00
-2.454184733127019680e+00
-3.329335593417903194e+00
-5.515947419209457081e-01
5.134594182187010247e+00
1.226182278720972896e+01
1.855127130728990892e+01
2.167187833348042147e+01
1.969405525492288334e+01
1.294479964443010900e+01
3.759991910999256781e+00
-3.604451520880969984e+00
-5.564203421092243751e+00
-6.554659167902281425e-01
8.467041817320914987e+00
1.687138321172390931e+01
1.998557967708486061e+01
1.514545818099601959e+01
4.129313720720054093e+00
-8.640526540807384137e+00
-1.815139544306870789e+01
