-3.703322757321967629e+01
-3.703322757321967629e+01
-3.703322757321967629e+01
-3.703322757321967629e+01
-3.703322757321967629e+01
-3.703322757321967629e+01
-3.703322757321967629e+01
-3.773742184189455173e+01
-3.742304940052184037e+01
-3.710867695914912900e+01
-3.679430451777641764e+01
-3.692625287646608001e+01
-3.851501376686739775e+01
-4.141428406336795121e+01
-4.346015278096568579e+01
-4.294911695121744799e+01
-4.045736309943322340e+01
-3.808862780711119456e+01
-3.763379795174522258e+01
-3.953725515759601450e+01
-4.271671757315120033e+01
-4.539653266646052998e+01
-4.601457792538413116e+01
-4.439900841087698069e+01
-4.145775794445144413e+01
-3.871086429881916047e+01
-3.756867103519272888e+01
-3.849835272866803138e+01
-4.092176598208763494e+01
-4.359875950725312066e+01
-4.520549451203107338e+01
-4.463968973892685455e+01
-4.206432724002894474e+01
-3.882363682758829526e+01
-3.677313626670387237e+01
-3.728886980244134719e+01
-4.079754017800568988e+01
-4.594865285813334310e+01
-5.015551791868746534e+01
-5.113941865980036283e+01
-4.850583521122589303e+01
-4.370366912859246611e+01
-3.928873473137475969e+01
-3.747915828166038210e+01
-3.887246965669576326e+01
-4.190386643659044807e+01
-4.420874979167719232e+01
-4.441731455821990693e+01
-4.279002238002123448e+01
-4.088514939383804148e+01
-3.991902792969585789e+01
-4.023807604401296345e+01
-4.096671269242126812e+01
-4.113574132650425952e+01
-4.066829933990420898e+01
-4.089935681347643026e+01
-4.314286711111938644e+01
-4.709676882966015654e+01
-5.071267114196894710e+01
-5.123518715945540691e+01
-4.733515244448254577e+01
-4.061127196449265853e+01
-3.499635607313599195e+01
-3.426541183548315672e+01
-3.916501272523865396e+01
-4.660618526611826695e+01
-5.154851518060471705e+01
-5.088161817514678376e+01
-4.561300297725745168e+01
-4.022796794502576745e+01
-3.916620302154773725e+01
-4.307434766205921051e+01
-4.669208764734062811e+01
-4.204475061439530492e+01
-2.428775541736153798e+01
3.568315916528451481e+00
3.129182638644334347e+01
4.611007450056796131e+01
4.091451488649219925e+01
1.930725739871181190e+01
-5.341293621555969651e+00
-1.709546563909632155e+01
-6.243679550131831846e+00
2.494999998033043198e+01
6.283371654838367704e+01
9.026184081843535978e+01
9.545740919652891421e+01
7.816242121768075890e+01
4.845882025746882960e+01
2.154493007759563383e+01
9.904280376853760615e+00
1.659103821297405545e+01
3.605493824255403723e+01
5.748897260893836147e+01
7.103003195363862687e+01
7.154218195148233406e+01
6.133422525393454805e+01
4.752836499792567793e+01
3.796804469111975777e+01
3.732240157854511864e+01
4.578872743560539504e+01
5.896824838887253861e+01
7.019798444472593246e+01
7.374005866226447381e+01
6.848562227547041914e+01
5.792881451658416836e+01
4.822396655392913090e+01
4.486975697894617099e+01
4.996098150400067084e+01
6.058972982890224301e+01
7.041841177983859268e+01
7.361690258871594494e+01
6.846218712539672424e+01
5.805548718242858541e+01
4.832718962597043344e+01
4.472672887863128466e+01
4.889356201380145706e+01
5.805191597134643899e+01
6.707906857302474180e+01
7.177109631249324195e+01
7.107137604921484808e+01
6.658839201013732634e+01
6.103415368323909007e+01
5.643697565731012844e+01
5.314155522826089140e+01
5.039561360620111685e+01
4.793899511978512606e+01
4.693361970079843104e+01
4.875256700498174922e+01
5.405871641004343786e+01
6.144902090423594387e+01
6.815970440905539363e+01
7.124223195521567220e+01
6.963167441461132512e+01
6.430798037020667834e+01
5.785542069647893726e+01
5.285019371259821952e+01
5.065530992947263655e+01
5.142966266257182184e+01
5.490596210357537643e+01
6.077940361337456210e+01
6.840696727905208263e+01
7.618038371981691625e+01
8.150189359324592431e+01
8.165472608232494167e+01
7.563749852507832827e+01
6.555762264719852794e+01
5.628683232314137541e+01
5.260725289827521323e+01
5.604133193140750535e+01
6.360852403627134777e+01
6.891422996698872794e+01
6.598117612102986129e+01
5.317368551066840610e+01
3.519595647017895601e+01
2.043491920013985919e+01
1.659213837361832589e+01
2.595519261973327829e+01
4.388975629895426067e+01
6.099741191583427735e+01
6.768580483307978568e+01
5.828250315482479493e+01
3.495489691689465417e+01
4.592885748791246669e+00
-2.376723944874566286e+01
-4.282979030899564066e+01
-4.812353592443756156e+01
-4.078003668142277149e+01
-2.532247651819982792e+01
-8.034685413994461456e+00
4.579049679196113942e+00
7.459453588620267972e+00
-5.177304675429432734e-01
-1.635996128888274725e+01
-3.380453996669785255e+01
-4.602065371944034666e+01
-4.854074033979557612e+01
-4.147706745787281335e+01
-2.941530975493457944e+01
-1.869161645445095132e+01
-1.438114646986754508e+01
-1.738277016449240620e+01
-2.560605208046034775e+01
-3.487731345613859446e+01
-4.190371931835436214e+01
-4.555861794127409325e+01
-4.703284033793019603e+01
-4.716876619919958102e+01
-4.600890005988116371e+01
-4.327846801348556482e+01
-3.881093087520077489e+01
-3.364566622645308769e+01
-3.032284476057041545e+01
-3.108658451323557159e+01
-3.629132867415785313e+01
-4.380640871750413368e+01
-5.017908827784376768e+01
-5.239554151365809531e+01
-5.003838608225414930e+01
-4.527151584391916828e+01
-4.123774635087622897e+01
-4.011233209782712095e+01
-4.189103850991430988e+01
-4.473000313806972628e+01
-4.669230091769590274e+01
-4.714107049081089684e+01
-4.697425238095032540e+01
-4.743464853097976430e+01
-4.886472749260923365e+01
-5.019522316761855762e+01
-4.982716229488500659e+01
-4.724715615378996603e+01
-4.377343927448090710e+01
-4.179869127340221269e+01
-4.295038517880912110e+01
-4.676224494700179690e+01
-5.075329630876350961e+01
-5.209502583863429237e+01
-4.984069965385232592e+01
-4.602373426967984926e+01
-4.427487678854343045e+01
-4.699567468017600902e+01
-5.296893834258054312e+01
-5.769381897842001905e+01
-5.599104269535857981e+01
-4.592553658105357073e+01
-3.082839291899156109e+01
-1.793248420568600210e+01
-1.361212039683799446e+01
-1.892356509843497037e+01
-2.785090182894096955e+01
-3.098292653339650471e+01
-1.953930173152577510e+01
7.142876694655999614e+00
4.023087606410961570e+01
6.506470416878177332e+01
7.044843777890065439e+01
5.342878920863128656e+01
2.178032871721730857e+01
-8.898795556328026990e+00
-2.277246311674335999e+01
-1.407678087490702978e+01
1.234952335369293408e+01
4.333282480247159896e+01
6.469771300136608261e+01
6.699979211340607321e+01
5.234491566133300466e+01
3.098085066577332114e+01
1.512988159618783257e+01
1.263358071332399213e+01
2.449855262277222678e+01
4.356636098665195789e+01
5.948124206085840626e+01
6.455809814674421432e+01
5.805360761732494979e+01
4.499218263189192157e+01
3.358149719335493444e+01
3.016748817428488749e+01
3.632194004381439356e+01
4.765604354478024618e+01
5.713388833847744763e+01
5.908877072696389376e+01
5.321698626843428315e+01
4.388588058211317389e+01
3.730148282766501211e+01
3.835224175217815201e+01
4.662779207399321280e+01
5.680088455623960897e+01
6.189908569424197538e+01
5.817752096850446719e+01
4.721547387879716950e+01
3.527220540282687722e+01
2.963304901955486059e+01
3.407654673717107841e+01
4.606599388108668336e+01
5.834819829881772080e+01
6.347580105066428047e+01
5.875869036977879745e+01
4.748057996383332835e+01
3.687628034941548805e+01
3.346307753836129706e+01
3.905041895520840001e+01
4.967103005173682106e+01
5.852360038190121827e+01
6.070720188858234678e+01
5.612795739292441510e+01
4.893390594419757633e+01
4.428472813715423939e+01
4.439132771924384002e+01
4.703073040125221382e+01
4.729540736973395809e+01
4.192098905620028404e+01
3.187959228225775021e+01
2.195153486545054733e+01
1.741183276137999059e+01
1.984304723960551087e+01
2.509389199488996169e+01
2.576950954249364756e+01
1.566199953060963246e+01
-5.475569063279364102e+00
-3.091908387029241467e+01
-5.036905089630465682e+01
-5.605481328925355911e+01
-4.654508560670890915e+01
-2.723837835859827550e+01
-7.998116196359267960e+00
2.248425572436094200e+00
-1.679334197926722894e-01
-1.253362589738476984e+01
-2.898025197460058067e+01
-4.301089442052625600e+01
-5.040268089980170174e+01
-5.033562550228766241e+01
-4.508854503574340811e+01
-3.781285231431493798e+01
-3.176349017334144165e+01
-2.979247838536824133e+01
