-4.590513720518981877e+00
-4.590513720518981877e+00
-4.590513720518981877e+00
-4.590513720518981877e+00
-4.590513720518981877e+00
-4.590513720518981877e+00
-4.590513720518981877e+00
-4.590513720518981877e+00
-4.590513720518981877e+00
-4.590513720518981877e+00
-4.590513720518981877e+00
-5.362192874853430880e+00
-7.434474781554014200e+00
-9.431741434494337994e+00
-1.002680137957368700e+01
-9.810315467106024201e+00
-9.029291099155521749e+00
-9.507114912830466835e+00
-9.980225576660327391e+00
-9.356526574871102397e+00
-1.079733754527010348e+01
-9.744626706254702952e+00
-8.330826616005001739e+00
-8.352180268038820188e+00
-7.762020864777626983e+00
-8.430941726067420205e+00
-1.020474043127386565e+01
-1.062261359095426627e+01
-1.047001399855155768e+01
-7.964109880577490586e+00
-4.201427853772100818e+00
-2.447676445937355449e+00
-1.242782542945766622e+00
-2.146652739159261802e+00
-5.446716795156127944e+00
-6.731287100214277785e+00
-7.862964199276422761e+00
-8.765281714750448927e+00
-8.350575443586734536e+00
-8.079416472269087990e+00
-9.466125402244674802e+00
-1.112549346733083944e+01
-9.566875451728865443e+00
-7.505609695126748804e+00
-3.992926002013090780e+00
2.151640073945664255e-01
4.178011180581548523e+00
7.044980421090741629e+00
8.391896269581861745e+00
9.061807397986674673e+00
1.113523881510910485e+01
1.067599669101130644e+01
1.116491511798427538e+01
1.142238278738219037e+01
1.176560627205134502e+01
1.130197316539850938e+01
1.201635199050925884e+01
1.281522123618555575e+01
1.226125580054938879e+01
1.223182280416566492e+01
1.218412446209096345e+01
1.227970462146939568e+01
1.259040188505728075e+01
1.355621161654115348e+01
1.445879841333841753e+01
1.287771971090275436e+01
1.163961293914772632e+01
9.094272536309242483e+00
8.414247873514931086e+00
8.162836680838397641e+00
9.702873193127096840e+00
1.099299474423198753e+01
1.020746574376519256e+01
9.575085334962965433e+00
8.810932745638671904e+00
7.514739600818455045e+00
7.169212531176547998e+00
8.206188737157187774e+00
9.445998857301583840e+00
9.510088038114592024e+00
8.503817671199534800e+00
8.091670201966987719e+00
8.291761667680750847e+00
7.529147117160466252e+00
7.766840774080157495e+00
6.298101693252140976e+00
2.291404209794222879e+00
-1.626550432684132907e+00
-5.160706180953484434e+00
-8.987686509770171028e+00
-8.923382429285140915e+00
-8.577131352814431509e+00
-1.048750250741017709e+01
-1.125390253680788177e+01
-1.046496117429565054e+01
-1.126610835048419013e+01
-8.933464961632237689e+00
-3.620408694732009103e+00
-3.701101962079929031e-01
-1.470209315187855637e-01
-2.075459140777197842e+00
-7.095729337006476456e+00
-1.205878277135054510e+01
-1.396146013122383600e+01
-1.247572952842405236e+01
-9.263519009915331281e+00
-6.840270728893180774e+00
-7.667785425650739839e+00
-1.190799872829514428e+01
-1.542128901943782715e+01
-1.889456724476980654e+01
-1.977366302522766972e+01
-1.464649492163222178e+01
-1.054950390175046593e+01
-7.389936995194835490e+00
-6.631860084685951229e+00
-7.640967965540905737e+00
-1.045179067869280054e+01
-1.166284704721392096e+01
-1.107511337048185851e+01
-1.004305477017010695e+01
-8.294572775691138489e+00
-7.662096657396011423e+00
-7.498455507483157589e+00
-8.603413827124811064e+00
-7.340968071355485236e+00
-3.281103626219851854e+00
-9.867577736702353164e-01
3.530159580379451434e+00
6.600919806462939299e+00
7.270693087456546522e+00
6.894626318636334794e+00
6.392086797630814665e+00
6.441285799661637057e+00
6.279130096557187457e+00
6.641905676134561176e+00
7.437020701211936036e+00
8.506924417809191397e+00
8.024097754546145822e+00
7.900144110448064971e+00
8.024659566216209683e+00
8.497398731622279655e+00
7.838562356342678505e+00
8.596896562506472605e+00
9.912704239027025466e+00
1.041895509568274392e+01
1.110737154409710215e+01
1.232623562795209970e+01
1.235504813801876089e+01
1.295042588406541206e+01
1.285539398192324434e+01
1.266216233042496064e+01
1.317469414928743277e+01
1.286782940175430134e+01
1.234068333218146307e+01
1.314577474625040487e+01
1.352368996803947709e+01
1.244485865060889296e+01
1.345065894492170422e+01
1.340473151265737961e+01
1.378521185468720134e+01
1.447677394483051572e+01
1.541635948940590950e+01
1.615646736726403176e+01
1.426334816555874063e+01
1.136143941854370354e+01
6.155350920307958162e+00
9.813485034340687641e-01
-4.937117500267533821e+00
-7.324584740375996716e+00
-8.084141178994270760e+00
-9.568783200916060494e+00
-7.319768906140929232e+00
-7.833726606818001592e+00
-9.145867320506599896e+00
-9.746861074535157599e+00
-9.407558916686539874e+00
-8.749049580146893490e+00
-6.899064456941360390e+00
-4.768757153209481459e+00
-3.832729630506151342e+00
-4.157343130388533758e+00
-4.067126262679887638e+00
-6.255579021230025738e+00
-6.936089247524845902e+00
-7.376452935725084537e+00
-7.820059795674207948e+00
-9.407582856770190460e+00
-9.070915836646513242e+00
-8.927300424734310624e+00
-7.680523471216330833e+00
-7.668882436340747510e+00
-7.803714072839739835e+00
-6.337936628798392036e+00
-8.110871976621931267e+00
-9.067840784621070682e+00
-8.226524346145222211e+00
-7.892319404381221482e+00
-8.326779997593742877e+00
-8.141669882002689818e+00
-7.374683041622743573e+00
-8.398406556787902488e+00
-9.809413885911496322e+00
-7.412724082301913597e+00
-3.903099846623662383e+00
-9.938283184286418326e-01
3.161165450060523519e+00
7.373856715185716837e+00
1.000332463492973112e+01
1.094827801540989043e+01
1.169140009918270273e+01
1.272204814507873216e+01
1.364380567948852274e+01
1.313688507741729339e+01
1.323913999455946922e+01
1.329524875213981616e+01
1.194917291966860518e+01
1.127403481333297108e+01
1.037876077345085690e+01
1.123188503096361579e+01
1.188746530039949434e+01
1.236064283094258265e+01
1.346450303882143729e+01
1.348888897138807863e+01
1.290249791906677146e+01
1.112473699603495803e+01
8.936950783429360001e+00
8.514327344475971060e+00
8.203134530291874782e+00
8.472319752386713532e+00
1.091484969356559098e+01
1.226301030195429576e+01
1.187210472423545049e+01
1.046340178878676497e+01
7.010259669806895744e+00
2.990900338786504964e+00
6.951489473833571964e-01
-2.916120402340039774e+00
-4.311477267511273581e+00
-6.542921114685059436e+00
-6.449700701780783696e+00
-8.379818202303770391e+00
-8.089191465170529227e+00
-5.849857382723751442e+00
-5.314604752468842008e+00
-5.131275310906222131e+00
-5.616363757328951323e+00
-8.262940730082313223e+00
-1.030892836158332670e+01
-1.152253638640326905e+01
-1.155741964717095271e+01
-9.597553102461638730e+00
-8.350055069698665733e+00
-8.328984089551370928e+00
-6.442750101395790630e+00
-6.261442525781644619e+00
-6.592332272064225229e+00
-7.028765921917265125e+00
-6.664161109697486651e+00
-6.483931532516928442e+00
-8.289127526966899140e+00
-9.210881871500324891e+00
-8.555550830625829661e+00
-7.623641761872938183e+00
-7.817899947246022663e+00
-5.616785198027994142e+00
-5.978470604490337514e+00
-8.999664210551443944e+00
-1.201826555983457645e+01
-1.145546094801963832e+01
-9.709969374408883525e+00
-4.061897673130427933e+00
1.564611095799760765e+00
6.196788485886425946e+00
5.623337394777789378e+00
7.557255041603454515e-01
-4.509550175359928303e+00
-8.593838856991057540e+00
-1.144491031788541058e+01
-7.127291979950267198e+00
-2.452151088702455350e+00
1.726186526270041988e+00
5.644169581074942599e+00
6.208593925576996853e+00
6.515060808587794128e+00
7.532689513249902546e+00
9.363978957779595547e+00
1.143837349020891558e+01
1.336872859216944143e+01
1.372302476095213208e+01
1.350879951104057319e+01
1.290626230009918274e+01
1.233982591122026662e+01
1.320056927674351321e+01
1.479381064488373632e+01
1.574016775775776011e+01
1.591734729199869136e+01
1.513090763968126318e+01
1.488559410502233327e+01
1.448632598982065467e+01
1.489616713255540326e+01
1.596538008058171698e+01
1.532374919917903533e+01
1.330782488127552732e+01
9.261752218777676404e+00
4.833672596312185377e+00
-7.075910965727896240e-01
-4.578762354312106986e+00
-6.401946255656472573e+00
-6.490470383392740850e+00
-6.215379477629344507e+00
-5.025892892421937930e+00
-6.378147092675879648e+00
-6.212510111263092050e+00
-7.388485538884881798e+00
-6.632186958065441118e+00
-7.557020193931709429e+00
