-2.692885617228624895e+01
-2.692885617228624895e+01
-2.692885617228624895e+01
-2.692885617228624895e+01
-2.692885617228624895e+01
-2.692885617228624895e+01
-2.673436220375441863e+01
-2.649363813088864816e+01
-2.632225242925740716e+01
-2.622658830423961618e+01
-2.625599955547172470e+01
-2.645343271441684507e+01
-2.644702421428987904e+01
-2.624314510119641142e+01
-2.609502284634657343e+01
-2.606177652871767236e+01
-2.608378275375518385e+01
-2.628943188308311107e+01
-2.650721481427629556e+01
-2.650973630096796896e+01
-2.644102530713428223e+01
-2.633083167894733378e+01
-2.623217335993756194e+01
-2.629041354113481788e+01
-2.619666933737313030e+01
-2.626775922535450647e+01
-2.632910872872785291e+01
-2.642757787346598874e+01
-2.659233546195711995e+01
-2.677683482546644456e+01
-2.691820908431063941e+01
-2.686292529102658833e+01
-2.673507258960997390e+01
-2.633947934745874875e+01
-2.614952547713541975e+01
-2.599342791958790144e+01
-2.608594398700748584e+01
-2.621536513154768144e+01
-2.633657502374490633e+01
-2.624311560056577619e+01
-2.601499515652204408e+01
-2.596714009399106615e+01
-2.589772601258374607e+01
-2.598132475249758855e+01
-2.623646075433369518e+01
-2.632228421837693944e+01
-2.622656509070864317e+01
-2.584337274842598120e+01
-2.549692620985941005e+01
-2.539759025534493020e+01
-2.553096977672681334e+01
-2.579830910380661635e+01
-2.613623295296364901e+01
-2.619242541929444457e+01
-2.568152235983864529e+01
-2.524227734491831399e+01
-2.508236975690727988e+01
-2.531020865949410137e+01
-2.590401394856501582e+01
-2.609492958393808593e+01
-2.446062541961155645e+01
-2.020620577335553492e+01
-1.318751483047086914e+01
-4.207550887919595972e+00
5.241437261671400449e+00
1.250290411999917062e+01
1.821872185834699920e+01
1.943438450266305040e+01
2.092558230874844583e+01
2.162329332705191121e+01
2.283676182269246624e+01
2.461681230253579500e+01
2.715409891207967163e+01
2.875272324478064689e+01
2.936254128596331014e+01
2.921997935562378856e+01
2.960267418702929021e+01
3.053455294710488843e+01
3.111738542520528839e+01
3.233824339138641335e+01
3.287397297201882651e+01
3.185854005149136725e+01
3.156560591640889157e+01
3.070041081182504072e+01
3.017601898578869779e+01
3.084559338239169790e+01
3.073404205798849631e+01
3.052541163917562628e+01
3.096235179111985758e+01
3.084925478730868420e+01
3.100245329278629214e+01
3.210685040298465509e+01
3.261130104035876798e+01
3.141966831677413907e+01
2.992638663222871642e+01
2.803880941671765825e+01
2.674502558763042614e+01
2.676037546051811233e+01
2.898662129995990000e+01
3.149767044047943187e+01
3.325037104806079924e+01
3.338650691009583227e+01
3.225269917869260183e+01
3.117219347093671900e+01
3.078718866708510404e+01
3.183259688124257991e+01
3.423049698880965508e+01
3.659514636694137124e+01
3.719792980260056225e+01
3.629828254287732392e+01
3.442021173584180360e+01
3.206279535839840378e+01
3.087345585362785272e+01
3.097077972303405602e+01
3.168094321712405659e+01
3.264412141591077443e+01
3.291536538640045961e+01
3.278455227154414331e+01
3.224701329465789001e+01
3.205129995089083650e+01
3.209235719420888699e+01
3.287298955730840788e+01
3.355870424219686754e+01
3.435531741954396523e+01
3.456076131546860353e+01
3.424109656864985141e+01
3.468457656798369726e+01
3.478517474216575778e+01
3.499113148793223615e+01
3.661076145390758541e+01
3.787845861304094086e+01
3.890166047840523333e+01
3.930634695959305702e+01
3.849824660427793077e+01
3.758081422814436223e+01
3.621313571997361436e+01
3.544808628032517106e+01
3.608976200448376659e+01
3.684802121565516586e+01
3.626970258021325577e+01
3.392342259285190664e+01
2.852845413249808715e+01
2.038129100557031137e+01
1.188698233353488476e+01
3.505905442392077909e+00
-2.530587176876339051e+00
-6.017595020114195670e+00
-9.279709875144654063e+00
-1.041971874380075747e+01
-1.247353898019076190e+01
-1.508677131179324249e+01
-1.608304938825191499e+01
-1.700593932370344774e+01
-1.787623264438428095e+01
-1.778068328629235850e+01
-1.803502759195789551e+01
-1.895155535285581649e+01
-1.922948494502301742e+01
-1.969107534627854506e+01
-1.924408547386528312e+01
-1.910911901329790652e+01
-1.900099849529030038e+01
-1.977518288261832424e+01
-2.075084311409331050e+01
-2.209007834457851160e+01
-2.265637734079277621e+01
-2.273799090914180709e+01
-2.269555853349270080e+01
-2.263411469568180223e+01
-2.290520093401316259e+01
-2.347609320091275009e+01
-2.402972430992556241e+01
-2.405358813799980311e+01
-2.383760237829899964e+01
-2.363151786930679421e+01
-2.371295869474615259e+01
-2.404388947331806392e+01
-2.448823734004472641e+01
-2.474343334527733163e+01
-2.475604928075697586e+01
-2.444546558409497194e+01
-2.431930903100970554e+01
-2.449792914844767111e+01
-2.488297392001314989e+01
-2.530978411917149273e+01
-2.538329613948565822e+01
-2.515378452693075673e+01
-2.485993221530210562e+01
-2.478599759205892283e+01
-2.505452702091013606e+01
-2.544606932993403703e+01
-2.575659786677685048e+01
-2.574784604243026820e+01
-2.537089177085580616e+01
-2.499497871245103298e+01
-2.501955938577443916e+01
-2.541599790032310580e+01
-2.584471266552905888e+01
-2.601966074314072586e+01
-2.584303060982669464e+01
-2.538483227806692710e+01
-2.498864525140490400e+01
-2.521166668695434510e+01
-2.575935351623544278e+01
-2.617500562074769732e+01
-2.626379023054992601e+01
-2.584380328217160638e+01
-2.516720862019105454e+01
-2.487647182395948775e+01
-2.532191030587252811e+01
-2.583734109997189421e+01
-2.529606338386300735e+01
-2.249666109827674987e+01
-1.690542179252368982e+01
-9.229538183800798379e+00
-4.779538314751228256e-01
5.951660992397214578e+00
9.855023853581414528e+00
1.142550187528990513e+01
1.113513437349832103e+01
1.133900509074287655e+01
1.297969968813571207e+01
1.786520449460995863e+01
2.238380927936321285e+01
2.673213327145858642e+01
3.044978209853269746e+01
2.982499134711682842e+01
2.796658483119213656e+01
2.761481858922289945e+01
2.651267061081869514e+01
2.694696462048378294e+01
2.942127342347060193e+01
3.037954831861803484e+01
3.097697265562143443e+01
3.068562607664030040e+01
2.998907972844484249e+01
2.937440156174593398e+01
2.997886546346587266e+01
3.041854090864804760e+01
3.010895378741504302e+01
2.941980874686758796e+01
2.759879090794228418e+01
2.582973889530883227e+01
2.575504795418961024e+01
2.683924925859495048e+01
2.885479557644735848e+01
3.083176426982241125e+01
3.117125987784725538e+01
3.051033014372005070e+01
2.936828071830477782e+01
2.730462978192502987e+01
2.691415071693071681e+01
2.752518358720258007e+01
2.785709637890657220e+01
2.783154884843047583e+01
2.754210006948344258e+01
2.764323838107462805e+01
2.791974812280031415e+01
2.835225143692326455e+01
2.931063914219469524e+01
2.998823683913646576e+01
2.867575277946446022e+01
2.676110221085459173e+01
2.691007788421343960e+01
2.756061883637460497e+01
2.964790038637866587e+01
3.230800320983712481e+01
3.282233332431138706e+01
2.987094287848021068e+01
2.414637462904856235e+01
1.835463035450001712e+01
1.515916844660888074e+01
1.550176021439069451e+01
1.835924348314615528e+01
2.386637013633169602e+01
2.736271787328373151e+01
2.793599721331866803e+01
2.770206475650869038e+01
2.590868733829899995e+01
2.628975667908127178e+01
2.728165605325942167e+01
2.752567963744015245e+01
2.661748926557683603e+01
2.141246066066175757e+01
1.321456110816613894e+01
4.470147165077118956e+00
-3.553042884246510713e+00
-9.525007612690689740e+00
-1.248513545736523689e+01
-1.425190074268394014e+01
-1.503434367765714086e+01
-1.576839042875689501e+01
-1.702491063836464491e+01
-1.767172045388103996e+01
-1.776435604816506242e+01
-1.812104625376569089e+01
-1.877702803491336780e+01
-1.963863793983366079e+01
-2.049334071179876915e+01
-2.165156385992244026e+01
-2.222703116274000479e+01
-2.198608774690112000e+01
-2.199251658141901444e+01
-2.221318735820299395e+01
-2.283847179478998868e+01
-2.349735855667232087e+01
-2.399986695957077032e+01
-2.399598633814511928e+01
-2.373012100756834286e+01
-2.342027031546595595e+01
-2.358772837375162368e+01
-2.405723156765265713e+01
-2.448731397093743922e+01
-2.473024834836154540e+01
-2.467833090139750496e+01
-2.444110277870733583e+01
-2.431931495630596629e+01
