7.876073251734135638e+00
1.006646096628083598e+01
1.047555024302632809e+01
1.030857531471356836e+01
1.130243206011896895e+01
1.078423240701745556e+01
8.159354844965847064e+00
4.831784584409759553e+00
1.558052154565562564e+00
-4.238787057161637506e+00
-5.339812478001206841e+00
-5.840596824127139541e+00
-7.311058240950204734e+00
-4.116234564176686206e+00
-5.452991835384697339e+00
-6.653958300181112229e+00
-6.573368493673970470e+00
-6.771386467660363451e+00
-7.095046739913852818e+00
-6.876556963149448087e+00
-5.319263922025971425e+00
-6.716218828529197715e+00
-7.150455436174945945e+00
-6.958506031815593573e+00
-1.051223757117887558e+01
-1.130918565788453556e+01
-1.041957679545727089e+01
-9.582950264010612784e+00
-8.771269807781656880e+00
-8.977956780164747741e+00
-7.802755066799294426e+00
-6.857656119183372034e+00
-9.682108905457081249e+00
-8.798642227113228742e+00
-6.985817302984044908e+00
-8.568804154466917566e+00
-7.690573582001011488e+00
-8.973521947195269632e+00
-7.666012179535170112e+00
-8.897834498713278251e+00
-9.220588968265870378e+00
-8.055410004086041909e+00
-7.417663142206657234e+00
-7.488425218249707527e+00
-5.945566716328992030e+00
-7.002507087937162922e+00
-6.076826847108231178e+00
-4.123992991136322672e+00
-1.193261797704823213e+00
1.841475398011225506e+00
4.958485155562513569e+00
5.393799072778158177e+00
5.094605396361244765e+00
5.972203103352687670e+00
6.202902012407638388e+00
6.870206241387247559e+00
9.033436516976600217e+00
9.073599214376912414e+00
8.323765764390026689e+00
7.071022867087448205e+00
6.815339148281180037e+00
5.673136620660314655e+00
5.666687930318270894e+00
7.331943405086160048e+00
7.424753746250265074e+00
7.339220869644041301e+00
7.492303161953572932e+00
8.487215703641318498e+00
6.536442797878593503e+00
5.633432395940508819e+00
7.415609393285802042e+00
7.000133749307071440e+00
6.795676188090901348e+00
6.749760292751150637e+00
4.840251826394613488e+00
5.749280012740159762e+00
5.930943974300143751e+00
5.598531527487584647e+00
7.212762510952803297e+00
6.597853144044815821e+00
6.928535055441312096e+00
7.269360440398395795e+00
6.001060529852653147e+00
3.342840541439017876e+00
-5.195474782751032805e-01
-1.239667856640230603e+00
-5.600215629973869902e+00
-5.027098771794178411e+00
-9.108742272310440313e+00
-1.139287974187086228e+01
-1.159628817879844753e+01
-1.201561337849246236e+01
-1.023220785742264205e+01
-9.648159707400884244e+00
-8.277664913582770012e+00
-1.083114938496965252e+01
-1.066039316918842239e+01
-9.565795684354828410e+00
-1.032448317950145089e+01
-8.152834830626323637e+00
-4.675159533164338299e+00
-1.623926162137091733e+00
1.069790459783722225e+00
3.581463142438525260e+00
4.638768550367739607e+00
4.901802747459135468e+00
5.147849417553699070e+00
4.918150745704140903e+00
5.637716287196957055e+00
5.622487418352711153e+00
6.420477749148563618e+00
6.813755716291700182e+00
6.415799282614250032e+00
5.281747489613029423e+00
3.565669563801829867e+00
-8.298682529635916794e-01
-5.014569044186489855e+00
-9.198866256988443624e+00
-9.800098565134662820e+00
-6.351912449535365823e+00
-4.822477978374658747e+00
-2.179313059672222330e+00
1.241283458393447336e-01
4.465197131338642933e+00
5.162562220116460487e+00
4.534675218364093041e+00
4.738032827122292900e+00
4.368977610040969850e+00
5.821593189786414158e+00
8.981722593234346519e+00
1.068735718379812027e+01
1.215659644065332756e+01
1.268251089238543550e+01
1.163472521366858103e+01
1.140627903531027876e+01
1.000138614349365618e+01
9.572518505132652678e+00
7.438303516603752996e+00
8.462730255771273136e+00
7.407070493273229417e+00
6.453584771633399164e+00
3.745545883727739334e+00
2.524166567334399591e+00
7.563175334471459177e-01
7.903576532533721499e-01
2.830392379580870532e+00
5.884107584835335913e+00
9.888370677402402720e+00
1.230279723711114137e+01
1.322144133763678298e+01
1.274472555429170484e+01
1.012242525888351707e+01
8.135923324108661703e+00
6.096965969747602188e+00
6.085304448557065982e+00
7.274846675715695099e+00
8.670004873266213608e+00
9.355736083507739664e+00
8.859222472168596596e+00
7.660556449696334980e+00
5.478638868876818613e+00
4.587196363053262615e+00
1.811425415335845557e-01
-7.544607234277556085e-01
-3.803736567059882834e+00
-5.840991388504054527e+00
-7.102370377285514458e+00
-4.911271955302563441e+00
-3.901264670867631956e+00
-2.746920021458391759e+00
-1.327060112520994650e-02
5.067084772595842335e-02
-2.477254792528784666e+00
-5.532609724455644695e+00
-6.616956906681510375e+00
-7.364912399448257929e+00
-4.899116482624577884e+00
-4.233606765114499737e+00
-4.441908308193193378e+00
-6.832620022745188315e+00
-5.869010292724420985e+00
-7.467450650277584145e+00
-7.511998029396351306e+00
-5.251611813354916336e+00
-1.568026801848960261e+00
-2.259023488956628523e+00
-2.969298756841423970e+00
-6.196360410037026867e+00
-1.050205833836430891e+01
-8.948463195280481841e+00
-5.295916763365945634e+00
-3.251159943514592587e+00
-1.893112406519078528e+00
-9.467172335202218569e-01
-5.661906161872185095e+00
-9.295359908503687763e+00
-8.598406268976294342e+00
-6.939553411153227103e+00
-2.623026856603494217e+00
2.485265975912366976e+00
6.095419470167708909e+00
5.625770325764865909e+00
4.701233067189109605e+00
1.446276395634176648e+00
1.558284437691163760e+00
5.907465397303544918e+00
8.060907881007622677e+00
9.469991254201877595e+00
8.274081273350715193e+00
5.612513262427725635e+00
2.754883330813719500e+00
1.189670070202112573e+00
2.247167942826809650e+00
-1.717125728374515958e+01
-1.717125728374515958e+01
-1.717125728374515958e+01
-1.717125728374515958e+01
-1.717125728374515958e+01
-1.717125728374515958e+01
-1.717125728374515958e+01
-1.717125728374515958e+01
-1.717125728374515958e+01
-1.717125728374515958e+01
-1.717125728374515958e+01
-1.717125728374515958e+01
-1.717125728374515958e+01
-1.717125728374515958e+01
-1.717125728374515958e+01
-1.717125728374515958e+01
-1.717125728374515958e+01
-1.717125728374515958e+01
-1.717125728374515958e+01
-1.717125728374515958e+01
-1.717125728374515958e+01
-1.717125728374515958e+01
-1.717125728374515958e+01
-1.717125728374515958e+01
-1.717125728374515958e+01
-1.717125728374515958e+01
-1.717125728374515958e+01
-1.717125728374515958e+01
-1.717125728374515958e+01
-1.717125728374515958e+01
-1.717125728374515958e+01
-1.717125728374515958e+01
-1.717125728374515958e+01
-1.717125728374515958e+01
-1.717125728374515958e+01
-1.717125728374515958e+01
-1.717125728374515958e+01
-1.717125728374515958e+01
-1.717125728374515958e+01
-1.717125728374515958e+01
-1.717125728374515958e+01
-1.717125728374515958e+01
-1.717125728374515958e+01
-1.717125728374515958e+01
-1.717125728374515958e+01
-1.717125728374515958e+01
-1.717125728374515958e+01
-1.717125728374515958e+01
-1.717125728374515958e+01
-1.717125728374515958e+01
-1.717125728374515958e+01
-1.717125728374515958e+01
-1.717125728374515958e+01
-1.717125728374515958e+01
-1.717125728374515958e+01
-1.717125728374515958e+01
-1.717125728374515958e+01
-1.717125728374515958e+01
-1.717125728374515958e+01
-1.717125728374515958e+01
-1.717125728374515958e+01
-1.717125728374515958e+01
-1.717125728374515958e+01
-1.717125728374515958e+01
-1.717125728374515958e+01
-1.717125728374515958e+01
-1.717125728374515958e+01
-1.717125728374515958e+01
-1.717125728374515958e+01
-1.717125728374515958e+01
-1.717125728374515958e+01
-1.717125728374515958e+01
-1.717125728374515958e+01
-1.717125728374515958e+01
-1.717125728374515958e+01
-1.717125728374515958e+01
-1.717125728374515958e+01
-1.717125728374515958e+01
-1.717125728374515958e+01
-1.717125728374515958e+01
-1.717125728374515958e+01
-1.717125728374515958e+01
-1.717125728374515958e+01
-1.717125728374515958e+01
-1.717125728374515958e+01
-1.717125728374515958e+01
-1.717125728374515958e+01
-1.717125728374515958e+01
-1.717125728374515958e+01
-1.717125728374515958e+01
-1.717125728374515958e+01
-1.717125728374515958e+01
-1.717125728374515958e+01
-1.717125728374515958e+01
-1.717125728374515958e+01
-1.717125728374515958e+01
-1.717125728374515958e+01
-1.717125728374515958e+01
-1.717125728374515958e+01
-1.717125728374515958e+01
-1.717125728374515958e+01
-1.717125728374515958e+01
-1.717125728374515958e+01
-1.717125728374515958e+01
