-1.883437938992811667e+01
-1.915538729084552116e+01
-1.940901494769277136e+01
-1.934562886331416820e+01
-1.917369923466337056e+01
-1.904272166732632598e+01
-1.906179952134421285e+01
-1.931195766381090095e+01
-1.946363776911732657e+01
-1.956299509526896330e+01
-1.950588845739590127e+01
-1.933773365911356024e+01
-1.933588301907969864e+01
-1.925789422653702232e+01
-1.954666254098543021e+01
-1.973761128198746562e+01
-1.980020581809841573e+01
-1.992774148839044557e+01
-1.985383610776247210e+01
-1.992434103912707499e+01
-2.000917412076322677e+01
-1.994124461798420000e+01
-2.008830718683621797e+01
-2.025525696373114926e+01
-2.021665736703353744e+01
-2.027824310989485213e+01
-2.018018784762530160e+01
-2.005708124389287050e+01
-1.989292160300572121e+01
-1.992017665149192851e+01
-1.994650714941017355e+01
-2.023992680813807254e+01
-2.044184102782899259e+01
-2.056412111779912877e+01
-2.057795503606063647e+01
-2.036792420853103636e+01
-2.003848671756357902e+01
-1.985974058487793670e+01
-1.993062712912963974e+01
-2.007940826050533545e+01
-2.018745844388927324e+01
-2.024960386821933156e+01
-2.027431435851296371e+01
-2.006652278926745581e+01
-1.976312446791305533e+01
-1.977144448471897320e+01
-1.980359964029473474e+01
-1.975289586243603424e+01
-1.986661329404448395e+01
-1.972654562135207712e+01
-1.976816591178657845e+01
-1.976948454829178203e+01
-1.992285357292447756e+01
-2.008461534869746501e+01
-2.017077623230057526e+01
-1.992999167534571825e+01
-1.962949617082704634e+01
-1.979585506608569645e+01
-2.018770595840986459e+01
-2.054654437055414107e+01
-2.034476915216088955e+01
-1.892032305804029590e+01
-1.490553962947404187e+01
-9.031672989292676590e+00
-1.601149340863445403e+00
6.004458624023690128e+00
1.343421190161901890e+01
1.901791593760717447e+01
2.275038873257421557e+01
2.556182651216657220e+01
2.883220609336860107e+01
3.139084781012336478e+01
3.371703604724950054e+01
3.646619588714536775e+01
3.768684963201998528e+01
3.839886384300260147e+01
3.828664251075186797e+01
3.863971128456581994e+01
3.948490199507858023e+01
3.961284730529175846e+01
4.025867480805912635e+01
4.048518763177644786e+01
3.922509838154071105e+01
3.755281912582045578e+01
3.683632336950342534e+01
3.572001454392016484e+01
3.545350675578469435e+01
3.659773393690777965e+01
3.677844004094566799e+01
3.738057983673133577e+01
3.736414216533027144e+01
3.687835805615472395e+01
3.680614005737109551e+01
3.702792725396340501e+01
3.745229318118019535e+01
3.821041453001913624e+01
3.885564541425569729e+01
3.889779691348550728e+01
3.864739456813018847e+01
3.867696892616583426e+01
3.876420814949810989e+01
3.904356648653853057e+01
3.975149537624784557e+01
4.031743976086545445e+01
4.030730037812804767e+01
4.014910939947020552e+01
3.978969479296659273e+01
3.960304379543554631e+01
3.946092329337785287e+01
3.968999420876725281e+01
4.015073002552561832e+01
4.003698957623867472e+01
3.990774586293348847e+01
4.000096310997682281e+01
3.988060342530204139e+01
3.997825859630491863e+01
4.023481049945444710e+01
4.025805875301760040e+01
4.011394539614958177e+01
3.982977188504859356e+01
3.963578283629883714e+01
3.963614200435742418e+01
3.980322544651589567e+01
4.023050628424565645e+01
4.055594825899519407e+01
4.093912176863324959e+01
4.121515772559826019e+01
4.184146718312042879e+01
4.247149039993736608e+01
4.323863886661230538e+01
4.353703371773181630e+01
4.367835634119028754e+01
4.372162967332308625e+01
4.352058417611860364e+01
4.364533325716710976e+01
4.409903939649930038e+01
4.453057586245586208e+01
4.465542557860946005e+01
4.440899525155538896e+01
4.428872540140329050e+01
4.414592349230230894e+01
4.454792491215536643e+01
4.452540348786070723e+01
4.344457157938095548e+01
4.016132569182422429e+01
3.395665181399807153e+01
2.541559497123350297e+01
1.654617889279990095e+01
8.398854435136819063e+00
1.591890742944468862e+00
-2.282481998062505291e+00
-5.213808732063835549e+00
-8.265466643409189018e+00
-1.005780106767902105e+01
-1.208245009282455307e+01
-1.380695547072274820e+01
-1.420496041358378925e+01
-1.397556462966565327e+01
-1.378554885890645743e+01
-1.420489616310526770e+01
-1.539410945499597894e+01
-1.692723831881711760e+01
-1.838275994121999091e+01
-1.884307643582392089e+01
-1.881198777403410816e+01
-1.841516728578157824e+01
-1.872668017528826923e+01
-1.946735642997666105e+01
-2.059324216805438823e+01
-2.133872427541885486e+01
-2.144428534695568800e+01
-2.114168156630154627e+01
-2.073322959656520226e+01
-2.081997006376586867e+01
-2.140544204447283150e+01
-2.204845735231254622e+01
-2.235726428409467914e+01
-2.218824846125659533e+01
-2.161754660357501479e+01
-2.116547875315303173e+01
-2.113760634920456738e+01
-2.161617604905707068e+01
-2.223839145409087337e+01
-2.260252115893164060e+01
-2.262000473221997510e+01
-2.238771297492916190e+01
-2.242411103839845765e+01
-2.294101934786279173e+01
-2.367344711623233522e+01
-2.423632517186398516e+01
-2.427874862153830549e+01
-2.382199220896320924e+01
-2.338894081655611146e+01
-2.321686439398817470e+01
-2.347530094571825998e+01
-2.389028439925276004e+01
-2.425072665674796824e+01
-2.428909733058357290e+01
-2.398318467494284789e+01
-2.389305562877850875e+01
-2.439933361290906078e+01
-2.509655857975736382e+01
-2.582626808480306835e+01
-2.612874192973491105e+01
-2.590531685610230639e+01
-2.538107111740843536e+01
-2.512165976658538469e+01
-2.551567023979502835e+01
-2.631309103077788336e+01
-2.702767833634977279e+01
-2.720415992054140730e+01
-2.685157505730865779e+01
-2.618961851827236487e+01
-2.585235462148649077e+01
-2.606186188637915535e+01
-2.672505308745818553e+01
-2.723992661916634361e+01
-2.710122458167147386e+01
-2.632440281539273386e+01
-2.544550142603693033e+01
-2.497359531294543800e+01
-2.504524698557098006e+01
-2.559829475586775160e+01
-2.574620277405767510e+01
-2.538149173628901067e+01
-2.479539549193853176e+01
-2.444870892688449615e+01
-2.507893993160513801e+01
-2.635089273351492523e+01
-2.735851242324755361e+01
-2.650975911982222755e+01
-2.271846969269792282e+01
-1.598509936241394058e+01
-7.368629017168578876e+00
6.479827672451516918e-01
6.932608881663517408e+00
1.086470620173295210e+01
1.294416681170969241e+01
1.417972400934020527e+01
1.639838350884484797e+01
1.965915233005545559e+01
2.212443941919260837e+01
2.484760147983320167e+01
2.647768546866421602e+01
2.684766900022833269e+01
2.618700117386467596e+01
2.595721325920570877e+01
2.564998800073574259e+01
2.577237501869382896e+01
2.599497688960117614e+01
2.662385606472068744e+01
2.696729274407395138e+01
2.737634054670753514e+01
2.735587160866046119e+01
2.718848935849051784e+01
2.736575549625227666e+01
2.725100773397710796e+01
2.788982654672836503e+01
2.875101172279576645e+01
2.954201718246659425e+01
2.975779704556372707e+01
2.952458044238713697e+01
2.884071122581478619e+01
2.817583972032232253e+01
2.782278379480534980e+01
2.821504492685077281e+01
2.908078204993391580e+01
2.933871748369219645e+01
2.912523891346668492e+01
2.844076711456524365e+01
2.747839834403909620e+01
2.715503361354615564e+01
2.815296777426663510e+01
2.967833141719345136e+01
3.145754605488095734e+01
3.322470535493095412e+01
3.349192196670412613e+01
3.330818068632787998e+01
3.335284652283251461e+01
3.364531203909126589e+01
3.398763881058550851e+01
3.510426145291445721e+01
3.571349999281589049e+01
3.489349025585716646e+01
3.240649065275174223e+01
2.902288921489161666e+01
2.401160558366395037e+01
1.750051040084922960e+01
1.140510020825092319e+01
-2.257263457354492786e+01
-2.257263457354492786e+01
-2.257263457354492786e+01
-2.257263457354492786e+01
-2.257263457354492786e+01
-2.257263457354492786e+01
-2.257263457354492786e+01
-2.257263457354492786e+01
-2.257263457354492786e+01
-2.257263457354492786e+01
-2.257263457354492786e+01
-2.257263457354492786e+01
-2.257263457354492786e+01
-2.257263457354492786e+01
-2.257263457354492786e+01
-2.257263457354492786e+01
-2.257263457354492786e+01
-2.257263457354492786e+01
-2.257263457354492786e+01
-2.257263457354492786e+01
-2.257263457354492786e+01
-2.257263457354492786e+01
-2.257263457354492786e+01
-2.257263457354492786e+01
-2.257263457354492786e+01
-2.257263457354492786e+01
-2.257263457354492786e+01
-2.257263457354492786e+01
