-6.115229993177773160e+00
-6.003537141483169748e+00
-5.749208802509135907e+00
-5.769987128998710801e+00
-6.043389787305748939e+00
-6.136682713456978355e+00
-6.197270891994783426e+00
-6.138178709572055247e+00
-5.839084678430068287e+00
-5.196462689814167035e+00
-4.683386586987459133e+00
-4.876999375516863466e+00
-5.465636613329996507e+00
-6.093553505357883537e+00
-6.294452617353345047e+00
-6.166745388659268912e+00
-5.624167872633711873e+00
-5.012439098106394653e+00
-4.759806870087528452e+00
-4.943037624071542346e+00
-5.188260800561791619e+00
-4.950780149801581764e+00
-4.173319487368189584e+00
-2.923980651801387776e+00
-1.719460230677324342e+00
-8.806244530545437321e-01
-8.145304384612123139e-01
-1.658053460351486930e+00
-3.011448942201015555e+00
-4.187807435347008500e+00
-4.937226328793136609e+00
-5.453693956938503007e+00
-5.720880025227708998e+00
-5.880965514287824547e+00
-6.092620647041606219e+00
-6.359935521109644441e+00
-6.426164616132799878e+00
-6.328075533706997824e+00
-6.202208235997423991e+00
-5.955818946059139307e+00
-5.564475790768480756e+00
-5.116681004088996509e+00
-4.508676632346664270e+00
-3.448581198380599400e+00
-2.108304267645312979e+00
-6.171780309667922459e-01
1.150288014883953824e+00
3.164579583728251322e+00
5.258854588274384234e+00
7.353162745790110755e+00
9.208313350357119731e+00
1.050951686432779120e+01
1.083840894681943290e+01
1.007692673417500018e+01
8.641749802522165069e+00
7.480604664978365292e+00
7.159264221798408379e+00
8.167629994615010602e+00
1.031850574938696674e+01
1.284718626142553433e+01
1.454137105833073740e+01
1.492198841898446382e+01
1.417913828237329454e+01
1.297871709058103562e+01
1.183265073650379939e+01
1.118159772175717492e+01
1.103434191866356073e+01
1.094594014995361420e+01
1.027865604948545908e+01
9.255711909925997460e+00
8.248216909798692598e+00
7.508001175757154755e+00
7.126126479217120391e+00
7.288994546186085444e+00
7.668952154805344534e+00
7.834969981976586340e+00
7.731846241659492414e+00
7.624235691291611161e+00
7.510232899886221780e+00
7.448963206776910262e+00
7.077136189652233789e+00
6.011094636754639176e+00
4.263290815013488277e+00
2.013302851371236546e+00
-4.724583360737479865e-01
-2.460170507808943974e+00
-3.166616502318094550e+00
-3.072159313290548699e+00
-3.050405305061751005e+00
-3.271679486678842785e+00
-3.952687227123484970e+00
-5.341160736469438675e+00
-6.779140042238031683e+00
-7.203666304804153597e+00
-6.785330273716674299e+00
-6.212595075326419192e+00
-5.480306116450978315e+00
-4.842319802770469472e+00
-4.760444237858265204e+00
-5.244265558296252294e+00
-5.579266489064637291e+00
-5.436160874864948589e+00
-5.172446830907204252e+00
-5.164725854259439863e+00
-5.274851783749567424e+00
-5.239442889499674294e+00
-5.319221027976968053e+00
-5.431992769024507339e+00
-5.071176370162858049e+00
-4.556697789353010286e+00
-4.518110334027795716e+00
-5.047573576234828607e+00
-5.586466987258948080e+00
-5.992006528217530992e+00
-6.200451474196842838e+00
-6.332467631173564371e+00
-6.178173344228283348e+00
-5.985578024466214231e+00
-6.019248644682893001e+00
-6.355551503439984984e+00
-6.598306042291277151e+00
-6.497642106571397846e+00
-6.163139822508365562e+00
-5.401158547094475182e+00
-4.117087216089566404e+00
-2.417000420413844886e+00
-6.574912916624569004e-01
1.137877143991937734e+00
2.883851190321483404e+00
4.196535970072112320e+00
4.719176462970988695e+00
4.604137594657589538e+00
4.407817341520077647e+00
4.365351932418161773e+00
4.569813743006990947e+00
5.092991303751397858e+00
5.957449904602883706e+00
6.635364588705625621e+00
6.800278471341790087e+00
6.595588488756281897e+00
6.302525339990107334e+00
6.092533300957418518e+00
6.063450802941977358e+00
6.380588412567271384e+00
6.917867710095294775e+00
7.516461318829013472e+00
8.026109751888538923e+00
8.616058515350941249e+00
9.423294086004020187e+00
1.045086508531785086e+01
1.139973908122232871e+01
1.216416977337805250e+01
1.271566039408779325e+01
1.297296507182562486e+01
1.283524930493098637e+01
1.258190119192856571e+01
1.234676944321482672e+01
1.190656659549167706e+01
1.115383039202145099e+01
1.045444405149633482e+01
9.604969898645361326e+00
8.115081745561925075e+00
6.022477983281434355e+00
3.567960322759635705e+00
8.928873079567785087e-01
-1.637774376408409616e+00
-3.777159089740718123e+00
-5.309141161774007855e+00
-5.721247824573729268e+00
-5.371294043144331454e+00
-4.925889370581878701e+00
-4.368789745216427711e+00
-3.802052801683026839e+00
-3.856091173897171487e+00
-4.304161802237678636e+00
-4.395718310395415607e+00
-4.310532470929409499e+00
-4.426095243674392776e+00
-4.710057492787250055e+00
-4.745709747076094054e+00
-4.759719929031485997e+00
-5.101483862440002071e+00
-5.422260148353700515e+00
-5.296753874827714093e+00
-5.467202939573565068e+00
-6.066496817409893438e+00
-6.389166279711462337e+00
-6.226579848321167177e+00
-6.265632574753212225e+00
-6.323465696851504170e+00
-6.306508434530393892e+00
-6.547952805096099560e+00
-7.183377536262399055e+00
-7.543171846336617747e+00
-7.303090969432940227e+00
-6.366618640646972693e+00
-4.902286140294853212e+00
-3.374021481179970916e+00
-2.345744042732889501e+00
-2.356135237417117168e+00
-3.056436222565250382e+00
-3.729817798603110468e+00
-3.568863205774931657e+00
-2.275376545950036355e+00
1.303897763788501862e-01
3.238174988728330206e+00
6.076583181737711392e+00
7.970799873070625985e+00
8.797715148934887708e+00
8.864607567923918907e+00
8.481673736782974871e+00
8.020630672890257884e+00
7.959683650378628350e+00
8.327610821567660082e+00
8.652580172713017603e+00
8.643172805374497614e+00
8.237996190023757492e+00
7.527828886356101812e+00
6.552592754036493439e+00
5.548886621154164978e+00
5.068465704920287251e+00
5.178987428714842522e+00
5.582450087470543387e+00
5.828925217438323259e+00
6.055965118112342616e+00
6.018577976600325563e+00
5.635342148984030075e+00
5.383500776809706956e+00
5.626767761946823043e+00
6.058345563847256088e+00
6.232557397169903979e+00
6.016445274329857540e+00
5.052325494434573905e+00
3.076432811280920276e+00
5.060759257307849701e-01
-1.964988730480249357e+00
-3.788437180902676893e+00
-5.091175224957226852e+00
-5.846417946136408084e+00
-6.258566302965567374e+00
-6.416961000610855947e+00
-6.682449955488226401e+00
-6.863552543396346906e+00
-6.609747446612326272e+00
-6.082718459927637156e+00
-5.796394550461147155e+00
-5.709925880422403566e+00
-5.546864975011567722e+00
-5.758461349426593046e+00
-6.079860895968531409e+00
-6.030204341357435993e+00
-5.681354350949384013e+00
-5.510784618714205330e+00
-5.691214344211696030e+00
-6.123624857728288795e+00
-6.892201921570752177e+00
-7.383861064794198015e+00
-7.547391116552520707e+00
-7.352369350729305530e+00
-6.802706056370555032e+00
-6.182138045770388501e+00
-6.165725919145771172e+00
-6.746614171898328571e+00
-7.218893764821625147e+00
-7.301793240399046425e+00
-7.208755403281316809e+00
-6.764151122537451322e+00
-6.227763895283541018e+00
-5.947853479291551615e+00
-6.154306724327028633e+00
-6.545083700808685734e+00
-6.845965576525157914e+00
-6.779854134419496248e+00
-6.091177751000111940e+00
-4.530408536556369548e+00
-2.476575447568234445e+00
-4.407083903991688700e-01
1.220339994487900315e+00
2.597079089719515288e+00
3.597462973364366601e+00
4.256792595974479454e+00
4.628039392474504687e+00
4.749967535492133131e+00
4.728339302686269008e+00
4.766311654720578161e+00
4.912491507073505126e+00
5.408315031063409606e+00
6.299867576982917328e+00
7.433214308399659132e+00
8.230027326316600167e+00
8.698699625082328524e+00
8.837945304993274576e+00
8.781372567906672089e+00
8.692330837517507902e+00
8.871012185716462994e+00
9.193596082042592599e+00
9.370599703493727617e+00
9.288119853178898211e+00
8.948776122868343563e+00
8.580906944456641483e+00
8.493637511937519591e+00
8.941367971024330785e+00
9.518125561375940791e+00
9.840711376131443089e+00
9.283552686462371639e+00
7.588618590190978175e+00
4.580611124537455225e+00
1.009955691070278050e+00
-2.058888125335158747e+00
-4.215426378954777675e+00
-5.578213961810732258e+00
-6.063253793908754297e+00
-5.867381453189861595e+00
-4.355368399476661878e+00
-4.355368399476661878e+00
-4.355368399476661878e+00
-4.355368399476661878e+00
