-1.498410077458565404e+01
-1.545470251545308926e+01
-1.532434693493762623e+01
-1.502713932803608365e+01
-1.488790820851568775e+01
-1.499595461117071160e+01
-1.527861141191023187e+01
-1.556789086047554349e+01
-1.567916306614342581e+01
-1.557720724135399060e+01
-1.541211931336989771e+01
-1.540678132887677165e+01
-1.561725463993965946e+01
-1.590601264898981881e+01
-1.612070320929710832e+01
-1.617427477472560327e+01
-1.610067884290166162e+01
-1.598482243877925768e+01
-1.597947276869331290e+01
-1.612506213125377030e+01
-1.636521918901835448e+01
-1.656976181096485945e+01
-1.667596400316506688e+01
-1.671364544556861631e+01
-1.674182653285843969e+01
-1.680608748166616095e+01
-1.698306212011891958e+01
-1.730079895985996075e+01
-1.765966467106264659e+01
-1.789188068921184183e+01
-1.793947542211868651e+01
-1.784666901152952789e+01
-1.765905753604278061e+01
-1.745824042851804947e+01
-1.735614823579395605e+01
-1.741278234770560474e+01
-1.752829827294036136e+01
-1.758580139876830373e+01
-1.755575906850353363e+01
-1.751044076231733371e+01
-1.749856908156984048e+01
-1.754804101507147251e+01
-1.767486851864995856e+01
-1.785798825589393601e+01
-1.802708697160312568e+01
-1.813525070632965353e+01
-1.822170051710732608e+01
-1.834279635238337036e+01
-1.846416525930917274e+01
-1.852020256426390432e+01
-1.848165982812919950e+01
-1.836987537895070588e+01
-1.826226250731387424e+01
-1.829519624111761544e+01
-1.856540739598482759e+01
-1.897438811680870785e+01
-1.925720466710629708e+01
-1.917644889560638433e+01
-1.872674504367635251e+01
-1.816807339432914858e+01
-1.787913522666103106e+01
-1.815029887433772160e+01
-1.899304042441611529e+01
-2.005993544626160130e+01
-2.086263651097516458e+01
-2.103426446591781129e+01
-2.053952612991633941e+01
-1.955157708101317837e+01
-1.819922095581148014e+01
-1.632093339167860080e+01
-1.346222313291903028e+01
-9.132993304247181143e+00
-3.240879237140608993e+00
3.606404978955015217e+00
1.029988622384520269e+01
1.572364325010417119e+01
1.929299502430643543e+01
2.110079044634357359e+01
2.186211445585462343e+01
2.241519938563042302e+01
2.329858998481272891e+01
2.449997050658386755e+01
2.565171653014774122e+01
2.637766276682794953e+01
2.665971043052211797e+01
2.677806127131820091e+01
2.701314318799106928e+01
2.748575373666298560e+01
2.803723964135204838e+01
2.832458470653029536e+01
2.816286213432082164e+01
2.775651810370873562e+01
2.749426763421960018e+01
2.770012775513545122e+01
2.849040964833933032e+01
2.961705233912059754e+01
3.058852183803298885e+01
3.104455268202816498e+01
3.098378389589397486e+01
3.063497744351024821e+01
3.028318911331336949e+01
3.012810777154838959e+01
3.018095422209502843e+01
3.030053257734613936e+01
3.034379656783427492e+01
3.030258468155892970e+01
3.029467507972301377e+01
3.042586416213708844e+01
3.065504424875673450e+01
3.085098429819601762e+01
3.089385277932455764e+01
3.076524278882734720e+01
3.057742631572237002e+01
3.049479801076183350e+01
3.059671172883724211e+01
3.085893500346877616e+01
3.118011275516433400e+01
3.143515225454285300e+01
3.156417091573664635e+01
3.161279845648234499e+01
3.165765236453565024e+01
3.172641037648349638e+01
3.179927179444838359e+01
3.183485252569854396e+01
3.181013386094302220e+01
3.177031296809735039e+01
3.179200404659853163e+01
3.190469182052004271e+01
3.210608023248772014e+01
3.237070033415056969e+01
3.264433143981155894e+01
3.287912005789677039e+01
3.309507780190885740e+01
3.330566656212453580e+01
3.347894383249143857e+01
3.357801805834466791e+01
3.361268459157719235e+01
3.359820124912405959e+01
3.354135276688202794e+01
3.342888073554431827e+01
3.321135563904817900e+01
3.288247521222248082e+01
3.256439076870921667e+01
3.244368141861399124e+01
3.263413988097956064e+01
3.300163845871436052e+01
3.304852752161357188e+01
3.193216196037586840e+01
2.887565037859132389e+01
2.359008189224932650e+01
1.656315725224473567e+01
8.975602921574228787e+00
2.284250462874035215e+00
-2.419703855379167656e+00
-4.906113760307028393e+00
-5.770362217619794620e+00
-6.038051560114202410e+00
-6.617834220280228941e+00
-7.938610272080400598e+00
-9.850978607358939598e+00
-1.185469302366912103e+01
-1.348657457091044698e+01
-1.463671707350189699e+01
-1.546221875557957937e+01
-1.615370061323286421e+01
-1.677759493716429162e+01
-1.734173375138524875e+01
-1.780608954269643007e+01
-1.817307749600924538e+01
-1.854053829346637272e+01
-1.907407764512331738e+01
-1.977694265955339148e+01
-2.046691758512522696e+01
-2.091605713577523673e+01
-2.103318784315213108e+01
-2.093284428247163476e+01
-2.086380648149123118e+01
-2.101889514285050709e+01
-2.142366204940051944e+01
-2.194805829251628637e+01
-2.238517748144622388e+01
-2.261087279664356942e+01
-2.270477429787649015e+01
-2.282728348197568025e+01
-2.311378861750876013e+01
-2.353452468766117889e+01
-2.394445173603716270e+01
-2.420455906983291783e+01
-2.430923315828668763e+01
-2.434902820873133678e+01
-2.447253891311307683e+01
-2.475529840887304189e+01
-2.509587802322837646e+01
-2.534773918056453823e+01
-2.545645036233259972e+01
-2.547621052955176069e+01
-2.552341657773844474e+01
-2.569931920597047892e+01
-2.599719458785018844e+01
-2.627810979407012582e+01
-2.639639488619437202e+01
-2.633046702400102035e+01
-2.623226627164146407e+01
-2.630980605251605198e+01
-2.661978639896369714e+01
-2.701619768593161552e+01
-2.728022164458760912e+01
-2.728020156066525814e+01
-2.708808843322062643e+01
-2.696196867877609549e+01
-2.716431211327957129e+01
-2.765286621396081301e+01
-2.801140723940666533e+01
-2.761928831829557041e+01
-2.598570790403419295e+01
-2.298163306875205691e+01
-1.887803126574839041e+01
-1.416247351787358433e+01
-9.222190017008765395e+00
-4.229836757067126030e+00
7.798233431566377050e-01
5.704278189919781639e+00
1.029358943211805943e+01
1.407901421262906894e+01
1.661151945681452347e+01
1.782846070639903857e+01
1.810101568952905993e+01
1.803329224540509657e+01
1.816526116352328302e+01
1.877973065651977436e+01
1.968350296136846822e+01
2.043804158441963637e+01
2.075434279671181415e+01
2.069431962159110938e+01
2.056498192565918615e+01
2.067960439443246656e+01
2.119522657023339107e+01
2.195896665224735145e+01
2.261637697318891682e+01
2.285185641483974806e+01
2.264996137189127623e+01
2.224625844281145604e+01
2.190082803705017156e+01
2.176847839606674384e+01
2.184540669011557412e+01
2.198393127576399664e+01
2.196793718314462041e+01
2.173694190529621650e+01
2.142408049166564155e+01
2.121718056242433192e+01
2.119595337214613195e+01
2.132970302668680773e+01
2.151773884365804435e+01
2.161143063276677623e+01
2.154194361961523541e+01
2.140203808550159792e+01
2.136729500810285387e+01
2.152516138015333524e+01
2.184176125210798247e+01
2.219365413524726804e+01
2.244068889181297877e+01
2.249592362528467504e+01
2.236142806431444541e+01
2.213057151409894985e+01
2.198047163467509080e+01
2.201313063181761365e+01
2.216312552347816833e+01
2.231591042736270936e+01
2.239823065029109017e+01
2.236404418998878896e+01
2.218815919923455127e+01
2.196861118146252423e+01
2.183623529683028863e+01
2.184517121642630144e+01
2.190498778660130696e+01
2.196795967822036388e+01
2.206809236870441993e+01
2.222319247736905368e+01
2.239398763065690900e+01
2.258947861807854451e+01
2.279618835548539835e+01
2.291474212202780691e+01
2.288943286889791651e+01
2.283932822664224105e+01
2.296828922993414679e+01
2.331572687821365975e+01
2.355517857156460337e+01
2.301245140219687713e+01
2.089186521337863311e+01
1.661971211838875817e+01
1.023130971827898605e+01
2.550052964394851074e+00
-5.090326026288284567e+00
-1.146145700106650267e+01
-1.587862049145151211e+01
-1.843117791132232952e+01
-1.979017406661706246e+01
-2.078340069674004909e+01
-2.189415857980224089e+01
-2.316801321748674880e+01
-2.431781712709140209e+01
-2.508216537859647843e+01
-2.550396574286133244e+01
-2.582790985634379410e+01
-2.621651228410360090e+01
-2.668864330407189911e+01
-2.714906847695407777e+01
-2.737367831489578052e+01
-2.725456296991244898e+01
-2.706025399688754618e+01
-2.726102083332908421e+01
-2.632304987046822475e+01
-2.632304987046822475e+01
-2.632304987046822475e+01
-2.632304987046822475e+01
-2.632304987046822475e+01
-2.632304987046822475e+01
