-1.944278698120751869e+01
-1.944278698120751869e+01
-1.944278698120751869e+01
-1.944278698120751869e+01
-1.944278698120751869e+01
-1.944278698120751869e+01
-1.944278698120751869e+01
-1.944278698120751869e+01
-1.944278698120751869e+01
-1.944278698120751869e+01
-2.296602764201661984e+01
-2.345552980813685195e+01
-1.482959833257811333e+01
-3.692344079735942586e+00
1.868636105617103915e+00
-1.666582116549615300e-01
-7.388612435770340880e+00
-1.480478069517022455e+01
-1.679886467245392012e+01
-1.351149308280888128e+01
-6.205998921731249673e+00
-3.909587961033762937e+00
-7.253196949813934147e+00
-1.429828446311417345e+01
-2.001370706057370796e+01
-1.795513198107827790e+01
-1.112513219470251258e+01
-4.541900768596591753e+00
-8.990145063837386985e-01
-1.824842043801117475e+00
-1.024073487979798358e+01
-1.648548095989075790e+01
-1.777759150167205249e+01
-1.508150916954127396e+01
-1.276030993261525914e+01
-9.478512447388597550e+00
-1.010988436537047797e+01
-9.690757576165275111e+00
-9.615054660814726262e+00
-5.042034305021001472e+00
-2.445120807430919641e+00
-3.491909345833754230e+00
-5.483074052679862476e+00
-9.656789199486054187e+00
-1.156807196192030140e+01
-9.778202417607776198e+00
-3.201861789603549724e+00
-4.875347455232312832e-01
-8.479715649140678879e-01
-5.969426171584363949e+00
-8.131156923248596513e+00
-9.776342469613325648e+00
-5.216640695325381216e+00
-8.149685281820802096e-01
2.900042539322430279e+00
1.842232940608394820e+00
-4.803320180926595739e-01
-1.223785365495497324e+00
3.102217502378567637e+00
9.971967593927919538e+00
1.776818368764709177e+01
1.913712382708872184e+01
1.520706325988832575e+01
9.505970079357584979e+00
5.984462398751958290e+00
7.143141504746337134e+00
1.235078003282804104e+01
1.756278547928459943e+01
1.711563432151193354e+01
1.299048394913137017e+01
8.797226105432930154e+00
7.555786114292464717e+00
1.138792176565341663e+01
1.735040147091070750e+01
2.047422989738670296e+01
1.837269314942458820e+01
1.372225928655737270e+01
9.313082071413166574e+00
9.215933954009638995e+00
1.232656413460870226e+01
1.532066075961560259e+01
1.459565389693503512e+01
1.032554892503476118e+01
6.024583927213972956e+00
5.028241014169362089e+00
7.734386845335377458e+00
1.072341108019025846e+01
9.672065601189926198e+00
2.714362965519177884e+00
-8.319155815126705988e+00
-1.564971390666812923e+01
-1.547422524052440096e+01
-1.021214594896163419e+01
-4.777767696448260715e+00
-6.022980790996327549e+00
-1.446513650401635331e+01
-2.606068262388929568e+01
-3.130731893230006335e+01
-2.345976141247665936e+01
-5.307677889273666239e+00
7.901448171594116943e+00
7.855346998663653935e+00
-2.924116402632324530e+00
-2.138161220283037522e+01
-3.217754556667948407e+01
-2.757420619019907804e+01
-9.132483765911711515e+00
1.142373104274112805e+01
1.843309013195770518e+01
8.597981560031398018e+00
-1.311623927426178327e+01
-3.067622986092275994e+01
-3.376511647509553171e+01
-2.276697851761749547e+01
-4.598514184162715068e+00
9.229684873472606910e+00
9.107825790560912793e+00
-3.409477812987431022e+00
-1.710497838929318704e+01
-2.235818390785702903e+01
-1.656272826789975738e+01
-3.502813521670596231e+00
8.581394325525893763e+00
1.187749769740449857e+01
6.104986145711119860e+00
-6.544070436203822894e+00
-1.455803457859666850e+01
-1.694548611574049346e+01
-1.552368904749886980e+01
-1.061959299212721142e+01
-3.521736304358402236e+00
3.262294233445316660e+00
8.840601790600258525e+00
1.127593137258647893e+01
1.084985976629478444e+01
8.997122932715846844e+00
6.214737290667597946e+00
4.288473365035676110e+00
7.018841096578899652e+00
1.339341005370855520e+01
1.658705898085095498e+01
1.507865874727430366e+01
1.013711943653433067e+01
4.321442561821829287e+00
2.368144918927608700e+00
5.512757316899216775e+00
1.306050401312922560e+01
1.906186258631205988e+01
1.938780483400777754e+01
1.395055705133446011e+01
7.765799547268329661e+00
5.311783845559961748e+00
8.488125598524053572e+00
1.519864906424519368e+01
2.097070733289355360e+01
2.188783126610499608e+01
1.785790192771093388e+01
1.198466871828287061e+01
9.584882730340355650e+00
1.192973515622369440e+01
1.424012225060914716e+01
1.516379649898830628e+01
1.427304521026282913e+01
1.164501708847659778e+01
1.187692560593034585e+01
1.559078824160296328e+01
2.123697047517171299e+01
2.155099616818683828e+01
1.191536843443557458e+01
-1.976392633814914035e-01
-9.073738594760426324e+00
-8.072557232258848359e+00
3.648748339629351634e+00
1.706921058210555842e+01
2.308341208449045467e+01
1.526127117253052390e+01
-1.365544297487220504e+00
-1.780076715582132607e+01
-2.020618676465091568e+01
-7.717369524023705907e+00
9.686842886188987478e+00
1.811871086243718665e+01
1.203452035857267788e+01
-5.696747744995766638e+00
-2.431704320941439335e+01
-2.825835894135968829e+01
-1.553009195829686995e+01
5.293261724958309600e+00
1.891032287433338865e+01
1.626884271814921235e+01
-9.058215202483843598e-02
-1.953172673734697184e+01
-3.107278929529608646e+01
-2.477104700036984042e+01
-5.629785283537678708e+00
9.097305210263636255e+00
1.074804820795646343e+01
1.745556718505975269e+00
-1.271712864091752060e+01
-1.976796628599691630e+01
-1.582616905672420415e+01
-3.329435253398028038e+00
7.004827353822237868e+00
9.234876955322640413e+00
-8.061402097690741897e-01
-1.026001424693561326e+01
-1.458844395869467370e+01
-1.192277860937215905e+01
-1.579143278121852845e+00
8.857985396970367020e+00
1.132481420045726672e+01
1.076335116913221057e+01
7.284582724288145350e+00
7.061458812766161053e+00
1.259324743554088499e+01
1.747430669919775070e+01
1.921851781378594737e+01
1.739816894980396000e+01
1.392209153218210460e+01
9.871868134817745499e+00
1.097127477611809709e+01
1.542856496811853617e+01
2.080692429735972837e+01
2.253561764693287728e+01
2.091213374039220696e+01
1.740531828935929326e+01
1.441656615863067437e+01
1.446672200171230038e+01
1.592127911684329256e+01
1.820392620886097035e+01
1.970876742329517484e+01
1.877762329183984491e+01
1.825526888456744246e+01
1.772522449354617180e+01
1.676190306477548475e+01
1.565657950331528525e+01
1.468838317089982048e+01
1.373858685663089396e+01
1.529607220314013638e+01
1.739100742823706369e+01
2.024489586659712970e+01
2.121494207957264777e+01
1.961913190577333665e+01
1.718381775399366873e+01
1.642799173746148256e+01
1.674818851141096943e+01
1.822469458666777697e+01
1.758179319919815953e+01
1.487840370074827590e+01
7.877909227471517006e+00
5.137421447955325959e-02
-4.441201815457719526e+00
-1.121681145527189116e+00
4.318327151364194982e+00
6.087385865767144466e+00
5.260547967964456006e+00
-1.640911105964106831e+00
-8.591403510199839388e+00
-1.139052804727849555e+01
-9.556606429271134573e+00
-4.628676915806184233e+00
-5.018348687918354756e-01
-2.263311954775722779e+00
-5.947907649138657327e+00
-1.007229488379273086e+01
-6.958137080162032362e+00
2.312391556196127240e-01
5.700229283516964784e+00
6.163657487956442083e+00
1.319929800116196539e+00
-9.204339001090216854e+00
-1.554694769233428353e+01
-1.321295480629263963e+01
-5.051001213388287781e+00
2.699341117389444378e+00
5.178853911149732703e+00
-2.036454183570523213e+00
-1.045852173206014335e+01
-1.665500091430666885e+01
-1.423557994576755981e+01
-6.158917645513102279e+00
2.565561562743473800e+00
2.776557174434154618e+00
-2.876708609327528698e+00
-1.314527251185556622e+01
-1.810980728315276167e+01
-1.507232192307839824e+01
-3.433602910017221177e+00
5.881504373079846637e+00
1.008342882388825679e+01
4.872025040221535264e+00
-3.850650849391129338e+00
-9.371428517141835002e+00
-9.860058106530431132e+00
-5.553319125231714892e+00
6.985157638984347273e-01
7.540881820950866565e-01
-2.519310267272000026e+00
-7.228984116897444245e+00
-9.649208956140585158e+00
-1.107217814905066611e+01
-9.539915790603602730e+00
-1.076279451920520280e+01
-1.484400460908021557e+01
-1.812894807435025513e+01
-1.772901909221662820e+01
-1.087833106487939716e+01
-2.515862985134670105e+00
2.683992400094038278e+00
3.577956681258208427e+00
-3.075927468767427175e+00
-1.160498371360651504e+01
-1.253923502250841615e+01
-9.952965121258403158e+00
-3.472978546969597069e+00
7.327804193757376794e-01
8.028549965184297310e-01
