-2.285572668895735049e+01
-2.285572668895735049e+01
-2.285572668895735049e+01
-2.285572668895735049e+01
-2.285572668895735049e+01
-2.285572668895735049e+01
-2.285572668895735049e+01
-2.285572668895735049e+01
-2.285572668895735049e+01
-2.285572668895735049e+01
-2.285572668895735049e+01
-2.285572668895735049e+01
-2.377865696892291680e+01
-2.240970965141333693e+01
-1.988163030299607215e+01
-1.895388781752965457e+01
-2.065055160402188861e+01
-2.392840930326190474e+01
-2.611623432842406700e+01
-2.574833332218869941e+01
-2.325044753410994147e+01
-2.087009781113477658e+01
-2.053177592530245477e+01
-2.218687061367634072e+01
-2.415958363889527405e+01
-2.510077911506684956e+01
-2.379172717496687994e+01
-2.130179377513486116e+01
-1.987661271417889353e+01
-2.055431096897403975e+01
-2.275070455567491834e+01
-2.481811869613795452e+01
-2.503657514725901478e+01
-2.350655611488425833e+01
-2.178110907952089903e+01
-2.092493704385672615e+01
-2.162568126315693817e+01
-2.296692569264804362e+01
-2.338798628648729050e+01
-2.237180279480095990e+01
-2.106412810573326766e+01
-2.076247388542639882e+01
-2.223436812640973415e+01
-2.433379771733741492e+01
-2.553235045665221747e+01
-2.474397939311604233e+01
-2.245108173241806071e+01
-2.043551814447205572e+01
-2.064994521422908491e+01
-2.299949768896597035e+01
-2.544929344201306876e+01
-2.603580981176963149e+01
-2.404534420311221510e+01
-2.100810927968211317e+01
-1.933495049566042567e+01
-2.064536461108332333e+01
-2.355479460502517597e+01
-2.576462289606752876e+01
-2.475259536748817624e+01
-2.088619483253113174e+01
-1.677016062626945825e+01
-1.576881257949710324e+01
-1.902730810783741333e+01
-2.428521480595115989e+01
-2.775983311425618894e+01
-2.691743258011822704e+01
-2.259930020672020490e+01
-1.830830455795412703e+01
-1.803305050571645296e+01
-2.208733001292089071e+01
-2.708581555389301343e+01
-2.820460492031692468e+01
-2.307633009179091843e+01
-1.378272016904774055e+01
-5.375955867170586266e+00
-3.373956951995471076e+00
-8.412799703075364732e+00
-1.554155374780533805e+01
-1.870726007667655111e+01
-1.389998684728148604e+01
-2.373501342942860859e+00
1.119743417015768294e+01
1.957331902303899440e+01
2.094328635309698328e+01
1.929793903785684606e+01
1.749643004023452164e+01
2.032199636067561954e+01
2.715730288444847673e+01
3.349568238204040682e+01
3.512151486140226098e+01
3.276144654098536080e+01
2.814748662253654743e+01
2.688970045185520163e+01
2.944412452733699581e+01
3.521066565884929389e+01
4.015762320679460373e+01
4.085593281317352421e+01
3.799400745580184946e+01
3.555509512383576975e+01
3.575853523994175021e+01
3.953227354125955628e+01
4.344031803412023862e+01
4.334596693881541540e+01
3.844145238907841389e+01
3.085812078808627135e+01
2.609164433082418100e+01
2.845722190173362875e+01
3.593896674567477589e+01
4.413582181860586928e+01
4.687482350824741673e+01
4.136930974368130620e+01
3.141327756467600096e+01
2.330229433867522459e+01
2.277894013666979234e+01
3.094086960998933478e+01
4.195497438049053329e+01
4.937553342147509738e+01
4.882970326499888358e+01
4.092063642344464824e+01
3.188389301110807494e+01
2.746295461611586219e+01
3.040682108938295514e+01
3.835679925493840159e+01
4.518245287722719894e+01
4.690514132906591271e+01
4.244782271642520044e+01
3.525845093576314326e+01
3.032072395272067311e+01
3.081192674640605489e+01
3.602868453575423047e+01
4.275821672218345526e+01
4.746649826821198559e+01
4.798819781383969740e+01
4.505946288930840637e+01
4.090222033466753970e+01
3.790912639594539968e+01
3.696593303641768102e+01
3.771127247167012086e+01
3.913909123624645758e+01
4.064708652719227899e+01
4.147621665668146562e+01
4.184424141929794416e+01
4.208269077255906154e+01
4.169321646892917244e+01
4.113751759991802004e+01
4.103901398330901884e+01
4.121656324084874257e+01
4.252433239755135475e+01
4.472984115097980151e+01
4.566362741750860721e+01
4.566928914497167113e+01
4.334799396631886736e+01
3.935621137539626346e+01
3.501436303406618578e+01
3.201623668124466349e+01
3.122477676365382138e+01
3.237575894591653736e+01
3.482410305537009521e+01
3.644108651932410226e+01
3.532033945584912260e+01
3.025642707847570279e+01
2.208919054690541728e+01
1.184985205702099975e+01
1.549514900725078803e+00
-5.888868502893232382e+00
-9.429761534726004868e+00
-9.605052903466136272e+00
-6.091990801589318494e+00
-2.557028445006547912e+00
7.381302493584964708e-01
7.947337136254775114e-01
-6.976366788721936052e-01
-4.506800662736694996e+00
-8.638161699681937478e+00
-1.149292645811921965e+01
-1.147639646459484908e+01
-9.359231310552003080e+00
-5.850403663867925097e+00
-2.953451286319725977e+00
-2.226403550471834691e+00
-5.080959034760400783e+00
-9.533778502972866775e+00
-1.335220479975664531e+01
-1.469154990253805337e+01
-1.298391643570144716e+01
-9.338230953143494162e+00
-6.821525422276851103e+00
-7.867063469885263061e+00
-1.173812780770033370e+01
-1.668043351887565251e+01
-1.949861285964841784e+01
-1.844345015989858538e+01
-1.448672832115483722e+01
-1.065421393907068648e+01
-9.597217471360149688e+00
-1.270093231606085027e+01
-1.765064026564481026e+01
-2.127140235994022177e+01
-2.137974860435551960e+01
-1.799712380334709394e+01
-1.388115365479842112e+01
-1.211376356456760561e+01
-1.392912663650659688e+01
-1.768390833840514631e+01
-2.078815862883983812e+01
-2.096934552668426832e+01
-1.831676740987932206e+01
-1.514177163494210099e+01
-1.399170368800425202e+01
-1.589261934544428101e+01
-1.920936460851214989e+01
-2.149151972646955500e+01
-2.113995463059501034e+01
-1.852504354490427829e+01
-1.595781777423951198e+01
-1.550708025141542556e+01
-1.745175935525703892e+01
-2.031151797737159725e+01
-2.175355293431347548e+01
-2.078914113787858398e+01
-1.829092361518684129e+01
-1.634970717590555367e+01
-1.657698495992695698e+01
-1.867234698428620376e+01
-2.095619854639048896e+01
-2.167073420444920373e+01
-2.028501869936569335e+01
-1.815041411667620608e+01
-1.718355757022361985e+01
-1.810091812507985409e+01
-2.014221484298919052e+01
-2.154180584431481549e+01
-2.101795376979152152e+01
-1.898018372624127537e+01
-1.724362293187839867e+01
-1.740578670869390621e+01
-1.922818356948197760e+01
-2.142671559204085696e+01
-2.198478868021750898e+01
-2.033008498946735543e+01
-1.765302409013028040e+01
-1.617219058132559795e+01
-1.710271877884432001e+01
-1.986970268688308394e+01
-2.237628938444280635e+01
-2.263428428412608184e+01
-2.056111552292714251e+01
-1.767579175051179874e+01
-1.643754477556592164e+01
-1.774151549247764592e+01
-2.051726290899483374e+01
-2.247429554893698977e+01
-2.202355458818659173e+01
-1.958737354124673757e+01
-1.717311649463479384e+01
-1.681947027247622373e+01
-1.884035059344411778e+01
-2.166100148155017635e+01
-2.286585635809511885e+01
-2.140536315534108880e+01
-1.857109536556799512e+01
-1.664442599711866677e+01
-1.718323413107580677e+01
-1.975832743981171902e+01
-2.224434111213594534e+01
-2.247046602518002700e+01
-2.015896089797967861e+01
-1.727072381692022418e+01
-1.629052460212144737e+01
-1.818949766922535716e+01
-2.164351713234319163e+01
-2.384774645816577632e+01
-2.299169583681479523e+01
-1.954828807670826052e+01
-1.624960416626446857e+01
-1.595965742695950773e+01
-1.876333646257395316e+01
-2.260793052049591623e+01
-2.430191114547728759e+01
-2.220746169363865263e+01
-1.796106898693169995e+01
-1.499581215261704692e+01
-1.586456469132081004e+01
-2.035542516006227842e+01
-2.495250073863158136e+01
-2.570842411059089727e+01
-2.103798437409965061e+01
-1.303257449861275319e+01
-6.399465286139370157e+00
-4.470063359449848228e+00
-7.583550080018990336e+00
-1.187023586098463745e+01
-1.351770211122548737e+01
-9.282245675312211119e+00
-6.086450230942395123e-01
8.800123379084311637e+00
1.591880279463927295e+01
1.986901995815097521e+01
2.033862710978899813e+01
2.204680689527766901e+01
2.408288585988396235e+01
2.687957850557898354e+01
2.896615316196515266e+01
3.090826706485592723e+01
3.231365073254587372e+01
3.468729154405411919e+01
3.939126795182349383e+01
4.384983256818346575e+01
4.549687180911707429e+01
4.303250390731686537e+01
3.837653498347032155e+01
3.324837027209520102e+01
3.059051502436873093e+01
3.300567857959277518e+01
3.720992940233915647e+01
3.967226474332563413e+01
4.028426550423707653e+01
