5.161307322691504496e+00
3.668306792707548780e+00
1.318562332999329234e+00
-1.357542103499798980e+00
-4.335600506023324030e+00
-6.501420937812449452e+00
-7.433697999741945672e+00
-7.512545973452866122e+00
-7.277860467169108283e+00
-6.867648510850319354e+00
-6.532179096152749942e+00
-7.257119003138532420e+00
-8.493960343883957265e+00
-9.772708117636446090e+00
-9.595248472566058950e+00
-8.181550267277023281e+00
-6.091686225310084524e+00
-3.954829716463843070e+00
-2.140250016413793421e+00
-2.106825314664684701e+00
-3.517424700345229027e+00
-4.949801757056210505e+00
-5.723959480890046692e+00
-6.235621991727160918e+00
-6.486676409423822953e+00
-5.656625106884406229e+00
-5.472935399683780844e+00
-6.124939953048905039e+00
-6.316086649411935205e+00
-5.675940662164691730e+00
-6.003468070360653108e+00
-6.073467374825797016e+00
-5.210035887794188803e+00
-5.367365172518306693e+00
-6.164055653577273475e+00
-6.512525966485710249e+00
-6.811296726515758237e+00
-6.885485110593925207e+00
-6.024895583252910747e+00
-5.737227965516395578e+00
-5.884750817562847125e+00
-5.210357029406988971e+00
-4.130707608610267201e+00
-3.318797403768180665e+00
-1.487724856459626599e+00
1.281659665460397335e+00
3.238002685473339248e+00
4.507539554969026696e+00
5.792970782543282127e+00
6.815079182688813297e+00
6.995306950320723693e+00
6.792422158421374867e+00
7.167343863611024268e+00
7.594706719046187438e+00
7.271985560875647181e+00
6.399429612648428467e+00
5.970458295938730231e+00
5.609123058384553495e+00
4.896647981200331401e+00
4.575442833096481365e+00
4.907738951319706722e+00
5.358477143216723526e+00
5.979408491532683279e+00
6.565998869930226078e+00
7.280821799500228231e+00
7.742726227803029104e+00
8.020018002904269139e+00
8.383457443536171283e+00
9.230191611594101175e+00
1.048069065480985884e+01
1.145383401730750528e+01
1.210406387515092597e+01
1.233048510939474163e+01
1.161986180755298115e+01
1.043634171665325816e+01
9.530807377982457140e+00
9.920917464765013349e+00
1.062922647295694745e+01
1.137591993454051575e+01
1.080022539773199242e+01
8.837506631760204456e+00
5.845220031098263824e+00
1.972187273819142384e+00
-1.172832704172977802e+00
-3.496475422337198768e+00
-4.214208284185701814e+00
-4.794112762824936702e+00
-4.412953261853157727e+00
-4.621925123551561043e+00
-4.915277830052329655e+00
-5.699951259591417241e+00
-5.815651253899819295e+00
-5.929614677682116586e+00
-5.841521868461628131e+00
-5.683935757222258189e+00
-5.703763960602190153e+00
-6.000725276531486685e+00
-6.543919913334367067e+00
-6.687912033494507469e+00
-6.899146578562969090e+00
-7.051158815791747081e+00
-6.843289334206345664e+00
-6.454775325274161979e+00
-6.235995325116194365e+00
-5.739060409814334740e+00
-5.371958648004691916e+00
-4.959233919269383506e+00
-5.147214757975166144e+00
-5.797922985604740731e+00
-6.239565071479830749e+00
-6.283087306581414566e+00
-5.494595224067730044e+00
-5.197612394069514252e+00
-4.462899045790222452e+00
-4.693384594162404611e+00
-5.025659562753109988e+00
-5.691741244556779655e+00
-6.220062040645482071e+00
-6.810921604174017041e+00
-6.608107317929842850e+00
-5.676038798636800387e+00
-3.806501293895889759e+00
-1.176591883913870706e+00
2.412733586956365528e+00
6.128073029960761531e+00
9.606075257283849922e+00
1.176804853398756023e+01
1.274417920776192581e+01
1.222257171394467257e+01
1.129962483521337546e+01
1.050271147597434229e+01
1.021145656991511785e+01
1.040192242012047785e+01
1.062762767120784524e+01
1.044543003346675292e+01
8.907283433955429430e+00
7.482690292063119308e+00
6.522387966393295322e+00
6.350859356734313899e+00
6.320111868350889672e+00
7.016221343731944948e+00
7.260298319041660342e+00
6.849317926822817704e+00
5.677654877761618479e+00
5.303013419107956317e+00
5.541826553240857045e+00
6.485731985611794315e+00
7.202995836815715869e+00
7.633393884953834529e+00
6.961682853447843655e+00
4.902419840668999385e+00
1.993901362156240253e+00
-3.182034989327726660e-01
-1.619765007779734756e+00
-1.787107306153432162e+00
-1.894343950036503132e+00
-1.239760519768379643e+00
-7.160379263262391936e-01
-1.106386539329961227e+00
-2.630861515077790536e+00
-3.181996238227612128e+00
-3.727288210772862875e+00
-4.796434568958994227e+00
-5.250905487400802762e+00
-4.996595365477827677e+00
-5.330844571642717966e+00
-6.257442155306372378e+00
-6.184206881436281833e+00
-6.068675911429140868e+00
-6.347133641500490420e+00
-7.066101640845497300e+00
-6.704941320986764985e+00
-6.622869465724583904e+00
-6.471494327549750736e+00
-6.147011802289608973e+00
-5.725858188481283584e+00
-5.406304973919841217e+00
-5.201105495425252911e+00
-6.059656411083908623e+00
-7.416623468873936531e+00
-8.106894497787754617e+00
-7.957454453415153672e+00
-7.796549864867396984e+00
-6.371280873668606404e+00
-4.711612706212438439e+00
-4.278550146917305064e+00
-5.143046561309231990e+00
-5.939278560900966397e+00
-6.361385741598751586e+00
-6.941583245540061675e+00
-6.082807294827444089e+00
-3.385659807719229697e+00
-6.578683074050581947e-01
1.498205331418445363e+00
3.287326216165922688e+00
4.627997342842510520e+00
4.901157573118815058e+00
5.472093134436017969e+00
6.217428138132327753e+00
7.027067661984816915e+00
7.423633843903671981e+00
7.846001598262599686e+00
8.000207129897786373e+00
8.780369230939028213e+00
9.522082056730921451e+00
9.928381919084586116e+00
9.992270148985413769e+00
1.023168486568566315e+01
1.027939483287917355e+01
1.013250738480541280e+01
1.071767403604223468e+01
1.139647325568338943e+01
1.145647719479823579e+01
1.100947852786193160e+01
1.055045089453883556e+01
9.995721314094630827e+00
9.754220506048401518e+00
1.028510229435997303e+01
1.153573786679735313e+01
1.196356276739479441e+01
1.114268894868262549e+01
8.242710408069738648e+00
4.541483738778252288e+00
4.318880406613714307e-01
-2.270133794081337086e+00
-4.014390818265402672e+00
-4.006957678413695767e+00
-4.095296731518703659e+00
-4.222911768809741950e+00
-5.122879378918159254e+00
-5.602404122493662264e+00
-5.963135202673470303e+00
-5.670277235302253693e+00
-5.340150192790025230e+00
-4.882786525311893833e+00
-4.722104994695024871e+00
-4.963855774173324242e+00
-5.354849679377824856e+00
-5.508994976437185720e+00
-5.180652512365248263e+00
-4.955014707177063826e+00
-4.988897113583221632e+00
-5.460475414760138868e+00
-1.067302581449520460e+01
-1.067302581449520460e+01
-1.067302581449520460e+01
-1.067302581449520460e+01
-1.067302581449520460e+01
-1.067302581449520460e+01
-1.067302581449520460e+01
-1.067302581449520460e+01
-1.067302581449520460e+01
-1.067302581449520460e+01
-1.067302581449520460e+01
-1.067302581449520460e+01
-1.067302581449520460e+01
-1.067302581449520460e+01
-1.067302581449520460e+01
-1.067302581449520460e+01
-1.067302581449520460e+01
-1.067302581449520460e+01
-1.067302581449520460e+01
-1.067302581449520460e+01
-1.067302581449520460e+01
-1.067302581449520460e+01
-1.067302581449520460e+01
-1.067302581449520460e+01
-1.067302581449520460e+01
-1.067302581449520460e+01
-1.067302581449520460e+01
-1.067302581449520460e+01
-1.067302581449520460e+01
-1.067302581449520460e+01
-1.067302581449520460e+01
-1.067302581449520460e+01
-1.067302581449520460e+01
-1.067302581449520460e+01
-1.067302581449520460e+01
-1.067302581449520460e+01
-1.067302581449520460e+01
-1.067302581449520460e+01
-1.067302581449520460e+01
-1.067302581449520460e+01
-1.067302581449520460e+01
-1.067302581449520460e+01
-1.067302581449520460e+01
-1.067302581449520460e+01
-1.067302581449520460e+01
-1.067302581449520460e+01
-1.067302581449520460e+01
-1.067302581449520460e+01
-1.067302581449520460e+01
-1.067302581449520460e+01
-1.067302581449520460e+01
-1.067302581449520460e+01
-1.067302581449520460e+01
-1.067302581449520460e+01
-1.067302581449520460e+01
-1.067302581449520460e+01
-1.067302581449520460e+01
-1.067302581449520460e+01
-1.067302581449520460e+01
-1.067302581449520460e+01
-1.067302581449520460e+01
-1.067302581449520460e+01
-1.067302581449520460e+01
-1.067302581449520460e+01
-1.067302581449520460e+01
-1.067302581449520460e+01
-1.067302581449520460e+01
-1.067302581449520460e+01
-1.067302581449520460e+01
-1.067302581449520460e+01
-1.067302581449520460e+01
-1.067302581449520460e+01
-1.067302581449520460e+01
-1.067302581449520460e+01
