-2.537194953699661681e+01
-2.543039638540395231e+01
-2.565999953412514145e+01
-2.587923866543422946e+01
-2.589701006493996260e+01
-2.573170498782449656e+01
-2.544105639963767018e+01
-2.527164218005571072e+01
-2.530400682268167145e+01
-2.556891457917695476e+01
-2.585178590171468116e+01
-2.604675855266213347e+01
-2.599646449511877933e+01
-2.582136631845745356e+01
-2.569809574937481855e+01
-2.572965229838058221e+01
-2.588044599095415066e+01
-2.606020103644380370e+01
-2.616490873814083784e+01
-2.606292417170900677e+01
-2.587781290826493219e+01
-2.577077699040978942e+01
-2.590600701213643475e+01
-2.616169499333074455e+01
-2.633818086846699913e+01
-2.631464765284730589e+01
-2.614137326452886612e+01
-2.585239620895953294e+01
-2.559495881982125454e+01
-2.560155255712930966e+01
-2.585850557652677040e+01
-2.610649425019458292e+01
-2.616982929455276619e+01
-2.609946509701365258e+01
-2.596672253441358080e+01
-2.588651842830398664e+01
-2.598154023393660594e+01
-2.625757853434651068e+01
-2.646867818587232790e+01
-2.633788734394118336e+01
-2.602578023421071762e+01
-2.569769929020536381e+01
-2.556106290400527925e+01
-2.577560848550371730e+01
-2.625783774039614116e+01
-2.659704988799652625e+01
-2.654720213177791521e+01
-2.624582622610259364e+01
-2.584266130434742337e+01
-2.569633331490864236e+01
-2.614514191674998500e+01
-2.681439278750584165e+01
-2.661804540778011940e+01
-2.444545856104473458e+01
-2.005890441486397791e+01
-1.265845523954564378e+01
-3.563929388932946196e+00
5.416559568248844769e+00
1.269387048141482843e+01
1.808467898559987930e+01
2.124704144585382792e+01
2.248752258091671763e+01
2.354469256885671413e+01
2.504458771748810264e+01
2.661320928543101516e+01
2.782316126970715331e+01
2.857950091092993716e+01
2.907802864541324084e+01
2.909453061111998906e+01
2.929080603846684383e+01
2.990927334897562417e+01
3.093534128467782907e+01
3.189611881927444159e+01
3.246843214695105928e+01
3.261537137684954502e+01
3.241300370540740516e+01
3.216797659786524832e+01
3.213996423238285161e+01
3.237447941480395741e+01
3.266239316792380265e+01
3.278367700611646995e+01
3.259917502096573116e+01
3.236587526264293047e+01
3.230389904034571202e+01
3.251912359904306271e+01
3.290388057622365636e+01
3.325148036237850135e+01
3.324855611042717385e+01
3.282258491176654047e+01
3.218751665562545128e+01
3.180921364630316006e+01
3.185122862199961702e+01
3.216828314831412428e+01
3.249760832620972195e+01
3.274490472959725196e+01
3.275600967891143256e+01
3.254508072130005303e+01
3.242773701289846855e+01
3.264896407281271706e+01
3.294319414217260800e+01
3.303674426250825036e+01
3.298137430228265998e+01
3.282386034099162231e+01
3.258238642837124388e+01
3.251936700564045424e+01
3.271633183098646924e+01
3.297323256524342128e+01
3.312067238125304414e+01
3.303949205031940295e+01
3.273197505522838213e+01
3.252126665890961021e+01
3.259992540039652198e+01
3.273251068089688687e+01
3.283251214878099233e+01
3.295960830866818725e+01
3.295031778727097560e+01
3.290893057976673219e+01
3.324491983314009502e+01
3.391048173990125036e+01
3.440546907697886070e+01
3.450318345789082741e+01
3.424709677578564282e+01
3.381044968268515305e+01
3.344811919148609292e+01
3.353095327942756398e+01
3.406119579123315333e+01
3.464113000659603614e+01
3.474942437401703188e+01
3.440018949269711612e+01
3.401801598721992548e+01
3.416581185723873659e+01
3.507872947418531595e+01
3.616712679503767447e+01
3.611505895135444888e+01
3.297121380998499518e+01
2.613107439721468239e+01
1.650276106651421060e+01
5.591309979468161551e+00
-4.067768377180899009e+00
-1.066102287005858962e+01
-1.344542408589827431e+01
-1.401070340121852809e+01
-1.350288363951441362e+01
-1.359942063288734104e+01
-1.489333085671394841e+01
-1.716546228787415629e+01
-1.949879539198110123e+01
-2.114185378792894454e+01
-2.181443341023351223e+01
-2.190761543332690309e+01
-2.201026311820016801e+01
-2.237922020326820416e+01
-2.306688415698169337e+01
-2.380154088115558508e+01
-2.429742719655887839e+01
-2.445075042530508469e+01
-2.449521965806805568e+01
-2.461605792527633696e+01
-2.483049373039374785e+01
-2.514040552652004834e+01
-2.545363609893258428e+01
-2.565762346075307221e+01
-2.571631665051420157e+01
-2.571018307157858018e+01
-2.576532763165147699e+01
-2.591631738857891420e+01
-2.608614932700128364e+01
-2.620951202000740565e+01
-2.626830394835105409e+01
-2.630838608741997220e+01
-2.633353368335757594e+01
-2.636459125753753696e+01
-2.642907113176789480e+01
-2.648328033027685890e+01
-2.654066373180285154e+01
-2.660737795424046226e+01
-2.673720676435271670e+01
-2.681768095058415113e+01
-2.683236899211266646e+01
-2.679691151727889675e+01
-2.679667874133285466e+01
-2.681927963931121184e+01
-2.689311385014046962e+01
-2.700260999321206867e+01
-2.708628753803867539e+01
-2.707159485253340847e+01
-2.696571489706507663e+01
-2.691066633585392864e+01
-2.696561824855410450e+01
-2.712083230375290199e+01
-2.719129212110064486e+01
-2.712444272548632895e+01
-2.696768560087181399e+01
-2.687957942744167639e+01
-2.694317164344672122e+01
-2.721690495592084602e+01
-2.759224727264645338e+01
-2.778921493417243482e+01
-2.762389830283999359e+01
-2.723207239543573266e+01
-2.705107490277370985e+01
-2.738086916494141931e+01
-2.796697074790984061e+01
-2.825640275653322675e+01
-2.707855502878198095e+01
-2.331801241520409107e+01
-1.674638550366264056e+01
-7.869303088760282172e+00
1.277095290579555176e+00
9.670884758115837698e+00
1.579770027182584791e+01
1.957951226372362541e+01
2.107734465980895777e+01
2.219326702130761575e+01
2.335140425320397028e+01
2.475187631019970169e+01
2.622386813335515043e+01
2.757712773899687164e+01
2.823540771102053526e+01
2.854305573126138285e+01
2.885299897371382727e+01
2.933832971436163461e+01
3.005930735958553868e+01
3.081681296492235944e+01
3.125317915773934985e+01
3.113804535492582559e+01
3.067599259371916531e+01
3.013172358697278952e+01
2.979595894182986981e+01
2.987209386014363943e+01
3.021172072458824687e+01
3.055005922935838925e+01
3.076047299921280853e+01
3.090494782038948784e+01
3.085684415206149822e+01
3.080082037792425709e+01
3.092328864339194539e+01
3.120721612542789103e+01
3.135755285201804909e+01
3.139746043333481751e+01
3.137990573315865106e+01
3.135968762483678418e+01
3.136017534168037457e+01
3.144588006863817498e+01
3.159923648636332061e+01
3.165860653001021063e+01
3.161796155834292676e+01
3.141797173843337632e+01
3.120744200783002142e+01
3.111708084961288989e+01
3.125819997791306548e+01
3.149843231581351333e+01
3.175718117680488106e+01
3.183758247872068381e+01
3.170344053957105857e+01
3.140481212560770174e+01
3.122927824356941073e+01
3.117727826587047346e+01
3.131694494583239674e+01
3.146856461967035301e+01
3.155982173598306062e+01
3.141743646531825362e+01
3.124299750140775345e+01
3.131217842424154796e+01
3.177069700070048697e+01
3.238376057217508475e+01
3.302165431409466834e+01
3.329541235873154648e+01
3.304941403899528041e+01
3.249721044113069013e+01
3.234005524030126111e+01
3.291337396713208818e+01
3.385101473653585202e+01
3.411940424433775121e+01
3.264033310960019918e+01
2.801746883896014850e+01
2.038159495312359581e+01
1.064863971715507418e+01
1.286465778836363150e+00
-6.434236922811480852e+00
-1.127901398126829058e+01
-1.336598873198663462e+01
-1.393326569742564125e+01
-1.467004519785820094e+01
-1.613867816865979421e+01
-1.797565922292675111e+01
-1.991093356012365589e+01
-2.135819666491149604e+01
-2.194849307825610651e+01
-2.207331783151864713e+01
-2.231537569465536563e+01
-2.279039354843239806e+01
-2.350993589934194716e+01
-2.425746328169723753e+01
-2.485184232074296773e+01
-2.505391528477725416e+01
-2.506614991538807757e+01
-2.518817987548337811e+01
-2.562213409306460932e+01
-2.614449660336439862e+01
-2.654453352269883482e+01
-2.669926210719430770e+01
-2.667932315419126255e+01
-2.662198981256234731e+01
-2.669676873027430730e+01
-2.698214885561178278e+01
-2.734099364296047341e+01
-2.756833931733354248e+01
-2.755283489267697306e+01
-2.742830057850272851e+01
-2.738635104189929237e+01
-2.749688977683219093e+01
-2.771343530704028169e+01
-2.766025613265891536e+01
-2.766025613265891536e+01
-2.766025613265891536e+01
-2.766025613265891536e+01
