496.587828  
373.7917031  
345.597645  
344.0074123  
343.1198976  
343.5246622  
343.2828604  
342.6169177  
342.1754038  
343.2172884  
343.1767254  
342.436426  
342.5661898  
343.1403811  
343.6822741  
343.3286137  
342.5096254  
341.9064213  
342.7208876  
342.8581404  
342.3589651  
341.9541002  
341.7223219  
342.366195  
342.4773564  
341.83278  
342.1669833  
342.7149549  
343.4489086  
343.6325465  
341.9686112  
342.720415  
343.5965862  
342.7461954  
342.4524386  
342.3440676  
342.9423451  
343.0482693  
342.4785133  
342.7174057  
343.3397366  
343.8832778  
343.4836175  
343.6857747  
343.660688  
345.2869763  
344.6004963  
345.1052095  
345.4088162  
347.0992246  
347.8229184  
347.5125314  
346.7435949  
346.958771  
348.0250189  
348.9768822  
348.2956393  
348.6346248  
348.7180013  
350.4035777  
350.4338215  
349.7230383  
351.2208007  
353.1600274  
352.4271725  
352.6119464  
352.2942909  
353.686168  
354.1169067  
353.4533956  
353.4468402  
354.6430342  
355.6518972  
356.1693806  
355.4936353  
355.2331156  
356.2578999  
357.2984554  
356.6503533  
356.5417449  
355.8790765  
357.4787223  
357.0279498  
355.4053628  
354.3931778  
354.5066406  
354.2288017  
352.3786807  
352.1517123  
352.1221055  
352.7653979  
351.9566493  
351.9522483  
351.8313753  
352.6843484  
353.2817366  
351.94615  
351.8631782  
351.7530671  
352.3927917  
351.073121  
350.4347829  
350.4536312  
350.8481231  
351.8799947  
352.1090625  
352.1258279  
351.8668327  
352.8666794  
353.0739418  
351.5522851  
351.1224486  
350.5871007  
352.0200602  
352.4526023  
352.012891  
352.2858377  
352.9951213  
353.6140591  
352.4066606  
352.6646754  
353.309694  
353.7148015  
353.2726573  
354.2983522  
355.4710212  
356.8585729  
356.942408  
356.3322379  
356.8877124  
358.0407812  
359.0275205  
358.0570969  
357.2622365  
358.6443367  
359.1719707  
358.4505794  
358.1549004  
357.71564  
358.9318941  
358.687714  
358.0531483  
358.1317433  
358.6194063  
358.4552829  
357.5855656  
357.3954126  
358.1941471  
357.7596132  
357.597437  
357.6005328  
358.1824289  
357.0044164  
357.1049223  
356.9974126  
357.690778  
356.8248054  
356.5482755  
357.0907171  
355.9791249  
355.7813698  
354.8621501  
354.8532182  
353.0824627  
352.4227216  
351.7759123  
350.4612084  
350.3503157  
349.7837157  
349.8361307  
349.3955816  
350.091489  
350.4794691  
350.2725094  
350.5051717  
350.9874469  
349.3470772  
348.6505976  
348.2162174  
347.6172665  
347.2591291  
347.1859857  
350.5412695  
350.5080295  
348.8818943  
347.7601839  
347.4157345  
346.969633  
345.7555315  
345.3842838  
346.2838086  
346.4982484  
346.9492266  
346.1112166  
345.9138703  
346.7668871  
346.811699  
346.1001948  
345.9964364  
346.7335492  
346.9242877  
346.8999614  
347.2654293  
347.6794308  
348.3319646  
348.047095  
349.6881834  
351.3477389  
352.0305019  
351.5487242  
352.0897396  
353.3317205  
352.555231  
352.7163839  
353.3565731  
353.8345358  
353.5419454  
354.4295644  
356.1486533  
356.1215145  
354.5007259  
356.4645998  
357.545512  
358.7157201  
358.1237337  
357.2425744  
356.7381166  
357.6814174  
358.6028327  
358.3536292  
356.2125619  
354.3319173  
354.1135863  
354.5445573  
353.1867575  
351.6972414  
350.3699686  
351.62018  
351.5844932  
351.7126351  
350.938114  
351.5460188  
351.1882763  
349.6009623  
349.3962234  
349.084636  
350.1522288  
350.2284115  
349.3059581  
349.0039936  
350.1858584  
350.2556077  
349.4922829  
349.4499025  
350.1729013  
350.8424684  
350.855602  
349.9341399  
349.7101548  
350.917439  
351.1352883  
350.3473762  
350.9098972  
351.4112666  
351.5871829  
351.1341133  
350.3091047  
350.247337  
350.6901889  
351.3388337  
351.5572398  
352.5962685  
352.7160449  
354.2025665  
354.5940392  
354.6093428  
354.5467174  
355.5913283  
356.0743878  
356.3418875  
356.0656883  
355.9686483  
356.9137003  
356.5039449  
356.5380006  
356.5257635  
357.7630379  
358.0579007  
357.9446683  
357.7919381  
356.9343422  
357.3042224  
356.9970243  
356.2530346  
355.709846  
355.2389856  
355.3561225  
354.9861111  
354.9182643  
353.8939688  
354.4934907  
352.9626877  
354.1886873  
353.3113363  
352.1325186  
351.4730481  
352.1953618  
350.9234837  
349.2045833  
348.1031533  
347.602147  
347.2663019  
347.2066812  
346.3586829  
345.7332983  
346.4193666  
346.3554416  
345.6474068  
345.5817541  
345.3314783  
