494.3022168  
359.9609473  
345.9987402  
344.0728516  
342.8136426  
343.7339551  
343.1517187  
342.464082  
342.2792676  
343.2147559  
343.2287305  
342.352334  
342.6501172  
343.0400195  
343.9395215  
343.1561328  
342.4563477  
341.921123  
342.5962598  
343.0911133  
342.1578809  
342.1101953  
341.4449707  
342.5433301  
342.5269434  
341.7140234  
342.2843457  
342.673252  
343.6510352  
343.4908789  
341.756582  
342.9126465  
343.8579004  
342.6474902  
342.4579102  
342.1660645  
343.0742188  
343.0544629  
342.3760742  
342.6569043  
343.193623  
344.2092773  
343.2968945  
343.7211914  
343.580791  
345.6278613  
344.4552344  
345.1133398  
345.3033301  
347.5362305  
348.0707227  
347.1795117  
346.8600781  
346.8941016  
347.978291  
349.3039258  
348.0477344  
348.811377  
348.4797852  
350.6534961  
350.6715039  
349.649541  
351.005625  
353.602832  
352.2116602  
352.8105664  
351.9904492  
353.8850781  
354.3241797  
353.4667871  
353.5503027  
354.2308887  
355.9102246  
356.2524609  
355.6114648  
355.0182617  
356.1738672  
357.6268262  
356.5848438  
356.560957  
355.5516992  
357.706709  
357.0800488  
355.2773828  
354.1946582  
354.4187109  
354.3928906  
352.303252  
352.0919043  
351.8186621  
353.0361035  
351.7926465  
352.052666  
351.6580469  
352.7114258  
353.5049316  
351.8184961  
351.8336719  
351.573418  
352.6175488  
351.006123  
350.713252  
350.1577246  
350.7866113  
352.1842188  
352.0702344  
352.1869824  
351.7280762  
352.6984668  
353.2700488  
351.4971094  
351.342959  
350.2927441  
352.1163086  
352.5196484  
352.1060645  
352.3511914  
352.7484668  
353.8167188  
352.5340527  
352.6686328  
353.1575  
353.9250879  
353.3804785  
354.4653809  
355.0858301  
357.2034082  
356.8537305  
356.4616602  
356.8150391  
357.9413184  
359.2881543  
357.9972754  
357.3103027  
358.2752051  
359.4216797  
358.3387402  
358.3395898  
357.3356543  
359.1449316  
358.7289844  
358.1492871  
357.8694238  
358.6874023  
358.5880469  
357.6669434  
357.1018848  
358.2592871  
357.8118945  
357.5999512  
357.3596973  
358.3705859  
357.1110645  
357.0868164  
356.7469336  
357.9898438  
356.9773535  
356.1836523  
356.9055762  
356.2824121  
355.7302441  
354.366543  
354.9784277  
353.2278613  
352.2622168  
351.242207  
350.9339941  
350.5761621  
349.1593066  
350.0690723  
349.6842578  
349.6593848  
350.6561816  
350.42  
350.2766504  
350.7997949  
349.4552344  
348.7041602  
347.7339355  
347.8055664  
347.602627  
346.9968945  
350.457832  
350.6737305  
348.6519238  
347.6438965  
347.1268359  
347.0938086  
345.620752  
345.4450391  
346.0240137  
346.7184277  
346.9485937  
346.1953027  
345.7324414  
346.7044531  
346.9502539  
346.0852246  
346.116377  
346.3587402  
347.3020703  
347.0894531  
347.3608105  
347.2333008  
348.615332  
348.2462207  
349.6413965  
351.325166  
352.2862793  
351.617666  
351.8949609  
353.3197266  
352.6820313  
352.6783203  
353.1747656  
354.0687402  
353.7359082  
354.1936621  
356.225625  
356.4020117  
354.5016992  
356.2128027  
357.757373  
358.9802539  
357.9161426  
357.2629688  
356.7238574  
357.424082  
358.7970703  
358.3355469  
355.8885742  
354.3955176  
353.7419238  
354.6364746  
353.1251855  
351.6741309  
350.1057617  
351.8043066  
351.6855469  
351.9907324  
350.6910449  
351.1614648  
351.3360449  
349.6540625  
349.5261328  
348.6743164  
350.0699805  
350.3811621  
349.6138867  
349.0062598  
349.6724121  
350.4782129  
349.7572461  
349.7625195  
349.5467773  
350.9497754  
350.9782715  
350.3194922  
349.491123  
350.4746777  
351.3134668  
350.8149121  
350.7711816  
350.8144629  
351.7559766  
351.4156934  
350.6373828  
349.7558887  
350.2700098  
351.6408398  
351.8923633  
352.8901074  
352.2419434  
354.2324805  
354.761875  
354.8323926  
354.5429102  
355.3458301  
356.3294629  
356.5521191  
356.3335059  
355.7899609  
356.9279395  
356.9864941  
356.7698828  
356.2187109  
357.4381836  
358.2124805  
358.1482031  
357.9365137  
356.460293  
357.115  
357.042627  
356.590957  
356.0891309  
354.4681641  
355.1899414  
355.2067676  
355.732334  
353.4000098  
354.602002  
352.7203125  
354.0589355  
353.2026758  
352.2331445  
351.030625  
351.8429102  
350.9861816  
349.0046387  
348.2355371  
347.0942285  
347.333877  
347.2085449  
346.4687598  
345.5322656  
346.17125  
346.6175391  
345.7410059  
345.6958496  
344.985752  
