496.3516744  
373.6189124  
345.5216439  
343.9369991  
343.0548541  
343.446807  
343.1982782  
342.5579061  
342.1183691  
343.1502204  
343.0953529  
342.3756932  
342.5035922  
343.0730035  
343.5997349  
343.2461218  
342.4507951  
341.8411827  
342.6537688  
342.7823124  
342.292774  
341.8916918  
341.6639012  
342.2986787  
342.3986281  
341.7729301  
342.1100342  
342.6534547  
343.3747888  
343.5587689  
341.9343303  
342.6857763  
343.5374975  
342.6961997  
342.4062153  
342.2973602  
342.8905657  
342.9865386  
342.4358871  
342.6746662  
343.3114184  
343.835434  
343.4479162  
343.659579  
343.6425382  
345.2384624  
344.5560549  
345.0719291  
345.3863626  
347.0558535  
347.7467671  
347.4476488  
346.702723  
346.9071137  
347.9802858  
348.9162855  
348.2402705  
348.5897031  
348.6783907  
350.358984  
350.3707538  
349.6921694  
351.2066885  
353.1191818  
352.3816557  
352.573364  
352.2548733  
353.6499545  
354.0566617  
353.4101811  
353.3930441  
354.6057292  
355.6155972  
356.1206108  
355.4538165  
355.1907499  
356.2248945  
357.2473609  
356.5968532  
356.4947095  
355.8464087  
357.4428221  
356.979789  
355.3721482  
354.3665797  
354.4841255  
354.1962327  
352.3504023  
352.1202496  
352.1128887  
352.7446491  
351.9425897  
351.9527273  
351.8312905  
352.6911179  
353.270099  
351.9451102  
351.8657302  
351.7640004  
352.3947711  
351.0772807  
350.4175245  
350.4346807  
350.8521121  
351.8730921  
352.0951129  
352.1251007  
351.8619366  
352.8783484  
353.0719899  
351.5585867  
351.1114232  
350.582632  
352.0255204  
352.4517881  
352.0191211  
352.2739334  
353.0028897  
353.6100455  
352.4044683  
352.6455257  
353.2962096  
353.6956669  
353.2623605  
354.2706882  
355.4667331  
356.8465615  
356.925305  
356.3197049  
356.8689733  
358.0333  
359.0063579  
358.0366959  
357.2614871  
358.6576272  
359.1657497  
358.4515067  
358.1492795  
357.7181354  
358.9371214  
358.6821817  
358.0562933  
358.1361861  
358.626915  
358.4559698  
357.5809044  
357.3923412  
358.2033999  
357.7624255  
357.6089632  
357.618645  
358.1973418  
357.0124268  
357.1006415  
357.007018  
357.6992705  
356.8163507  
356.5457457  
357.1099981  
355.9875178  
355.7813698  
354.8847531  
354.8825172  
353.0998344  
352.4357385  
351.822164  
350.5057444  
350.3527989  
349.7972189  
349.881302  
349.4089209  
350.1148313  
350.5208741  
350.3101935  
350.5432855  
351.0485952  
349.4095281  
348.6976657  
348.2839501  
347.6893893  
347.3133475  
347.2461874  
350.6031315  
350.5463162  
348.9256595  
347.8038201  
347.4695317  
347.0165891  
345.8145659  
345.4341587  
346.352396  
346.5635635  
347.0022422  
346.1750573  
345.9676545  
346.8377171  
346.8686311  
346.1671068  
346.0479378  
346.8110302  
346.9940354  
346.9534475  
347.2989718  
347.7296487  
348.3914222  
348.0988372  
349.7329091  
351.4084077  
352.0706491  
351.5865505  
352.1313048  
353.3906015  
352.5980997  
352.7648882  
353.4211642  
353.8969333  
353.5901891  
354.4772688  
356.2090391  
356.1560769  
354.5406129  
356.54063  
357.620135  
358.7650126  
358.1755407  
357.3062282  
356.7959931  
357.7558912  
358.6706309  
358.4038053  
356.2913029  
354.40369  
354.2019485  
354.6332509  
353.2715838  
351.7901147  
350.4839236  
351.7288094  
351.6796634  
351.8014229  
351.0185765  
351.654398  
351.2960595  
349.7129734  
349.4803994  
349.1886409  
350.2758496  
350.3489519  
349.4130313  
349.0767612  
350.2989372  
350.3795276  
349.6074577  
349.5207987  
350.266586  
350.9594796  
350.961985  
350.0197211  
349.7744363  
351.0212381  
351.2618681  
350.4456416  
350.9785852  
351.5252793  
351.7225407  
351.2425058  
350.3918486  
350.3304871  
350.8409092  
351.4960051  
351.6878171  
352.6967587  
352.8352062  
354.3410361  
354.7220023  
354.7354842  
354.6589095  
355.7219068  
356.1932537  
356.4476753  
356.1588108  
356.0530815  
357.0030821  
356.5549479  
356.56296  
356.5555683  
357.8244602  
358.1292783  
358.0110922  
357.8399016  
356.9916864  
357.3813918  
357.0740816  
356.3322408  
355.7423224  
355.2950283  
355.4503471  
355.0798951  
354.9531199  
353.9009376  
354.5530478  
353.017945  
354.2701544  
353.3925994  
352.2212865  
351.6050918  
352.3591706  
351.0675953  
349.3468502  
348.2408903  
347.7669518  
347.4521025  
347.3844436  
346.5390915  
345.9060166  
346.630673  
346.5562937  
345.851315  
345.7694332  
345.5228325  
