-1.877809645704743602e+01
-1.877809645704743602e+01
-1.877809645704743602e+01
-1.877809645704743602e+01
-1.877809645704743602e+01
-1.877809645704743602e+01
-1.877809645704743602e+01
-1.877809645704743602e+01
-1.867409082813012233e+01
-1.928349833396788782e+01
-2.260116284951777033e+01
-2.229431830827446248e+01
-1.470861828021538287e+01
-4.308318295061443592e+00
1.313950132941104076e+00
-6.466280701564137701e-01
-7.882518440696941298e+00
-1.481141177096757033e+01
-1.690918359814725136e+01
-1.266793672889457767e+01
-6.635012676412935129e+00
-4.062764169529193836e+00
-7.518646657863264693e+00
-1.436176794138684087e+01
-1.935678220418920503e+01
-1.809817515382973951e+01
-1.154581098894536595e+01
-4.402664820446169358e+00
-7.448029712032582239e-01
-3.296346104399884069e+00
-9.989792495295326091e+00
-1.613063378245474411e+01
-1.790201352843713423e+01
-1.606925355524309751e+01
-1.249482912224294040e+01
-1.028498633297923348e+01
-9.720954583253410775e+00
-1.002193130352678274e+01
-8.560520439183171959e+00
-5.567201325744406404e+00
-3.117215510857151983e+00
-3.423572325186456489e+00
-6.493269918649004602e+00
-9.896577122256321246e+00
-1.147556948995523207e+01
-8.804017482454295163e+00
-4.269122874150706792e+00
-8.369269902659541849e-01
-1.625178207109851058e+00
-5.007127114899101450e+00
-9.004880971610031537e+00
-9.322178904323180859e+00
-5.897498615070413841e+00
-4.767265145468835286e-01
2.572731133369576817e+00
2.110455261016578987e+00
-3.545183111672169929e-01
-9.684429635137901116e-01
2.839468342731670703e+00
1.014971601684605673e+01
1.682368524210311378e+01
1.876100444597109274e+01
1.545018234571769611e+01
9.898739615771066980e+00
6.421162894320891823e+00
7.512177970220133894e+00
1.212159144289160295e+01
1.617746580950783297e+01
1.629491972138017886e+01
1.273315911455472182e+01
8.967872073827910739e+00
8.308159589348401042e+00
1.166167159451128299e+01
1.680065487985716288e+01
1.966556721392444018e+01
1.800974551328194906e+01
1.345348098218195965e+01
9.808229910956198339e+00
9.611700094982206011e+00
1.239250631243612411e+01
1.487462392117914511e+01
1.411669436299092695e+01
1.028201972643567075e+01
6.261205861889244773e+00
5.260905544678763590e+00
7.890370178504210408e+00
1.082200208832959376e+01
9.619796909276775665e+00
2.198855110561913406e+00
-8.134040202209043002e+00
-1.527229653716740643e+01
-1.538357821095928557e+01
-1.000272452612846763e+01
-4.975891107926141643e+00
-6.114767514869136278e+00
-1.487333093866580924e+01
-2.565610968346700815e+01
-2.986862205799553749e+01
-2.229405675185427071e+01
-6.799972456940318821e+00
6.076249629863049506e+00
7.637303480563748970e+00
-3.745780468897379478e+00
-2.075781798291389890e+01
-3.130782904818307344e+01
-2.630439631258536437e+01
-8.672747712078571425e+00
9.926403473998533400e+00
1.708610538121343581e+01
7.775982413256693704e+00
-1.225231914092112717e+01
-2.980642229010743449e+01
-3.350940545410937688e+01
-2.224973549305641285e+01
-4.283099259592571428e+00
8.182961264727687478e+00
8.068364058354157820e+00
-3.272041720187450764e+00
-1.624733058652703122e+01
-2.157910045064733140e+01
-1.567390585641366840e+01
-3.103665061021901650e+00
8.003593353347630668e+00
1.132757921138535018e+01
5.466758345916786332e+00
-4.949094490957150150e+00
-1.389675375630381282e+01
-1.748614375572888235e+01
-1.574893179666391774e+01
-1.019004584669045599e+01
-3.257027309605065035e+00
3.251445226680177214e+00
8.333793064231924674e+00
1.122660479877383644e+01
1.128285640831555092e+01
8.996331082257093215e+00
6.217530730914056392e+00
5.625007183354513884e+00
8.327381400330249761e+00
1.280290317473857442e+01
1.589722166462837905e+01
1.506291146705932782e+01
1.023421523332591754e+01
4.471134237698676905e+00
2.412735659069695782e+00
5.915201972985824952e+00
1.290342566940221403e+01
1.856582699931286129e+01
1.894498038879585522e+01
1.404565285589394108e+01
7.894769986289279728e+00
5.300177641559056241e+00
8.467616723647553911e+00
1.524101156124544865e+01
2.085725373415093742e+01
2.155355210800735932e+01
1.751785486855070673e+01
1.236769773642993897e+01
1.007709597421125380e+01
1.153503242614258006e+01
1.428310229859349789e+01
1.524205393224473148e+01
1.355295586327607893e+01
1.134420239190213486e+01
1.211220377665156356e+01
1.666526448586827769e+01
2.142774098159943463e+01
2.086759594143649110e+01
1.270024697933491709e+01
4.787019685444704464e-01
-8.586481298203260337e+00
-7.746514940588619780e+00
3.074190666130703242e+00
1.664434226546218554e+01
2.184722683294531365e+01
1.443462383376026636e+01
-2.038820267594305236e+00
-1.660311419922874165e+01
-1.949987715424559198e+01
-8.032632150462385212e+00
8.585720403672597811e+00
1.775924178453488622e+01
1.202457627155623499e+01
-5.410314990563387383e+00
-2.263393127262368765e+01
-2.714403314687872637e+01
-1.558678430883444577e+01
3.800497419785157760e+00
1.747756448626369163e+01
1.540443854388621503e+01
-8.041945140124262537e-01
-2.009130392995204772e+01
-2.947167510541606106e+01
-2.321699633944241725e+01
-6.599579022603622391e+00
7.684896141431408978e+00
1.053430027208247921e+01
1.457930131362950021e+00
-1.160990909473665766e+01
-1.897379440479406298e+01
-1.501145794315645077e+01
-3.722649337392446967e+00
6.262048727315725039e+00
7.207592056061496777e+00
-1.144836686963142114e-01
-9.713669340284255327e+00
-1.434455446182971983e+01
-1.089314338952054051e+01
-1.059021699454731902e+00
8.065052230537469669e+00
1.181116780299697133e+01
1.054670217662293297e+01
8.235729698506176533e+00
8.314144686821192565e+00
1.193152852766072769e+01
1.690979352915525169e+01
1.931186340782601008e+01
1.755290788748119368e+01
1.327123422946000986e+01
1.048828501645123268e+01
1.133589005487348800e+01
1.541488482870086507e+01
1.988772301742264048e+01
2.189113092142727979e+01
2.052996276245957574e+01
1.736733810616447471e+01
1.480916188728476435e+01
1.433254915636371152e+01
1.597683665539098463e+01
1.812394393262987791e+01
1.922603098037693314e+01
1.928204141859137621e+01
1.875945840275669951e+01
1.797531856256181371e+01
1.671717082894607387e+01
1.542480195536275822e+01
1.427070743405696973e+01
1.394548809531133848e+01
1.516969664398721029e+01
1.784518012741463977e+01
2.057121258094488425e+01
2.125519061346250282e+01
1.965883100206694678e+01
1.715705635336411916e+01
1.605728769996634853e+01
1.680793568517390213e+01
1.830630192894935604e+01
1.798566619817065160e+01
1.405857360462218253e+01
6.910252689828651818e+00
-3.794523003469247868e-01
-3.372480239497408050e+00
-1.010743035089785469e+00
3.467675637957682522e+00
6.323772376099242365e+00
4.531886171342365266e+00
-1.826312323073041810e+00
-8.835314420876962060e+00
-1.152944241683926663e+01
-9.144671804423206041e+00
-4.330038959529564302e+00
-1.093958744790609394e+00
-1.970009262632438585e+00
-6.163367968922111473e+00
-8.889362014107600629e+00
-6.672473498989177187e+00
-6.798599420382078762e-02
5.669690899994972888e+00
6.130093173632655379e+00
1.304485868093960832e-01
-9.095044855584609067e+00
-1.519923624242293414e+01
-1.338565637649088558e+01
-5.513029445375669191e+00
2.478457586820312919e+00
4.162854102896378805e+00
-1.407318202362201731e+00
-1.052277717134697177e+01
-1.605172675232304869e+01
-1.405537096024768218e+01
-5.806345438070501963e+00
1.916777301853502813e+00
3.087319823660146234e+00
-3.377405974793354027e+00
-1.247167815460372786e+01
-1.762907019751570203e+01
-1.417499618510681714e+01
-4.342399375780930271e+00
5.758558449354197251e+00
9.289891902313408778e+00
5.067362400556679525e+00
-3.127336664831699586e+00
-9.085064575898691430e+00
-9.701724737479588967e+00
-5.436846650987203766e+00
-5.722237591584673488e-01
8.579052287263821963e-01
-2.240802775907979605e+00
-6.415354965564235457e+00
-9.401417365080156685e+00
-9.946912894913957359e+00
-9.814409165651218458e+00
-1.107282441787420879e+01
-1.472740462476652112e+01
-1.802889299274250945e+01
-1.697784717639750696e+01
-1.091024043610050498e+01
-3.012340286238864628e+00
2.535235495812803386e+00
2.620616869902396839e+00
-3.089943541606851252e+00
-9.864899573224029439e+00
-1.230393571292081134e+01
-9.021043083167011645e+00
-3.787771714130443002e+00
3.148242630907920336e-01
-7.574287592650166268e-01
