-2.276549697032212194e+01
-2.276549697032212194e+01
-2.276549697032212194e+01
-2.276549697032212194e+01
-2.276549697032212194e+01
-2.276549697032212194e+01
-2.276549697032212194e+01
-2.276549697032212194e+01
-2.276549697032212194e+01
-2.276549697032212194e+01
-2.268850088360026263e+01
-2.313964947677631656e+01
-2.339127083055538847e+01
-2.227027622335981860e+01
-2.003037883026899380e+01
-1.913108339766268529e+01
-2.079009568067458247e+01
-2.382507788358996592e+01
-2.595411136212060299e+01
-2.559218078526931706e+01
-2.327813574053060819e+01
-2.103922092841841973e+01
-2.067124909453884385e+01
-2.215887098355044671e+01
-2.414840598015229034e+01
-2.490465661588710944e+01
-2.369090421707528904e+01
-2.140529435985483886e+01
-2.001566793938350486e+01
-2.064546732277102947e+01
-2.275690199552868265e+01
-2.466207922908507655e+01
-2.491206955228807018e+01
-2.354841421298307225e+01
-2.181342865787140539e+01
-2.106242766957432977e+01
-2.168090423467716121e+01
-2.287747222442213157e+01
-2.324545944608575354e+01
-2.235879489954399446e+01
-2.110955527775722729e+01
-2.092649169432999656e+01
-2.226714519128499603e+01
-2.429588069588148969e+01
-2.539791238605845081e+01
-2.463259681046821825e+01
-2.243644208255772554e+01
-2.061102001627270397e+01
-2.081623237485307243e+01
-2.299338116338863713e+01
-2.534216600774358596e+01
-2.584347421816122647e+01
-2.396986139249451853e+01
-2.107593916775168097e+01
-1.959244081974286544e+01
-2.072371265912556737e+01
-2.357396345090835865e+01
-2.551693115921328925e+01
-2.456083052275997858e+01
-2.082108793289791748e+01
-1.696037454756979912e+01
-1.606072027843675443e+01
-1.915778814962966692e+01
-2.417816031106991304e+01
-2.747054590375757499e+01
-2.668929701777173946e+01
-2.255766566603411150e+01
-1.862328852158121606e+01
-1.835011789045258013e+01
-2.221063641429016045e+01
-2.687525548064323289e+01
-2.782325373850540728e+01
-2.282171995341803239e+01
-1.374279967898321608e+01
-5.794399594566274736e+00
-3.852843236466144461e+00
-8.507259300524268042e+00
-1.536643713348236950e+01
-1.825608586589968141e+01
-1.360675870589358638e+01
-2.153666622702905542e+00
1.073212270103964983e+01
1.907605018817077536e+01
2.104026777434920703e+01
1.913301754892572859e+01
1.795933622153543396e+01
2.065536768479971386e+01
2.713235597838017199e+01
3.307205956399751301e+01
3.503534089140550378e+01
3.242904172863800483e+01
2.858926052374258120e+01
2.698022585372905624e+01
2.973826230871969756e+01
3.515901112042659804e+01
3.980469657801044292e+01
4.057351838363008767e+01
3.814519961864382935e+01
3.566578601116663805e+01
3.613258704543964228e+01
3.959233438006294392e+01
4.315498084153952618e+01
4.309404285857739580e+01
3.815308160692343620e+01
3.095930421470430716e+01
2.663430881421686536e+01
2.866166506935379132e+01
3.609084445152372211e+01
4.384556740077489678e+01
4.631076701304571941e+01
4.115488942988057630e+01
3.146067647580053972e+01
2.370043080321761408e+01
2.337300553919603985e+01
3.099337926557976175e+01
4.177729916116875586e+01
4.894901948030423000e+01
4.834692547054920908e+01
4.096281458283056764e+01
3.214056287429765746e+01
2.790075687556322848e+01
3.073011335163301894e+01
3.817235963136369747e+01
4.493374441438542277e+01
4.651728454702413984e+01
4.231618751049524718e+01
3.541328633460880582e+01
3.065335193216409948e+01
3.102701867362176813e+01
3.605621977337423090e+01
4.264090012125646467e+01
4.721780007761982034e+01
4.786084530157047823e+01
4.504482894022450523e+01
4.103138355890347810e+01
3.801602237431882259e+01
3.702119180907843088e+01
3.767666527202711535e+01
3.915252599780689735e+01
4.056336068584285215e+01
4.146646492843003529e+01
4.191537383687391838e+01
4.200040100064089188e+01
4.167935469239142776e+01
4.120648007386403577e+01
4.095027317731465644e+01
4.130970444034456079e+01
4.269035940736750945e+01
4.451443600542614831e+01
4.581297858735581485e+01
4.549312041403772611e+01
4.329108378048891126e+01
3.932420856879166848e+01
3.508557817339708862e+01
3.211285114828174159e+01
3.125742154970687281e+01
3.250292829449033860e+01
3.480504425330487095e+01
3.638100636828467316e+01
3.514503008903446357e+01
3.024002298966018287e+01
2.200520073867514270e+01
1.177169356040501924e+01
1.711293397866324284e+00
-5.754517760510306168e+00
-9.503016436116054066e+00
-9.263121044314541308e+00
-6.383826455788232934e+00
-2.322424360638835061e+00
3.362731401116061392e-01
1.005368094305669979e+00
-9.344152165483254890e-01
-4.472874673591203276e+00
-8.637810711841794387e+00
-1.129018148112806230e+01
-1.148168391518621689e+01
-9.248268588217730013e+00
-5.888590097229013054e+00
-2.965993925816435617e+00
-2.517406791727436755e+00
-5.102329142115259231e+00
-9.500524005877531764e+00
-1.324276560144595827e+01
-1.454782213715128592e+01
-1.281607882882865113e+01
-9.392553953768830510e+00
-7.093238072138462691e+00
-7.954283552334806551e+00
-1.186164919286459529e+01
-1.655647762684913360e+01
-1.926538441064995766e+01
-1.826739441468788883e+01
-1.451882456154965340e+01
-1.076273825847152210e+01
-9.914352751837199662e+00
-1.277466552343032191e+01
-1.756565721145221914e+01
-2.108240966287897322e+01
-2.114521881349034160e+01
-1.796932668552069856e+01
-1.403953242354180730e+01
-1.236040707623008039e+01
-1.401026510872486774e+01
-1.765670107609397732e+01
-2.058571602663407418e+01
-2.077888418566345052e+01
-1.829653899876950973e+01
-1.527216789577808598e+01
-1.421980738301527047e+01
-1.596249926704327571e+01
-1.913639692148213811e+01
-2.132270507280636451e+01
-2.097361259509560938e+01
-1.854580597679234799e+01
-1.611123559315291587e+01
-1.565787443603409201e+01
-1.752482787597585911e+01
-2.019631111206518170e+01
-2.159400743871427508e+01
-2.068472692794595247e+01
-1.833200764402470639e+01
-1.651358458643615990e+01
-1.669520079303792670e+01
-1.867905076193173031e+01
-2.085103824501672420e+01
-2.150939443205210111e+01
-2.023656655408227323e+01
-1.825328566371371863e+01
-1.731013614193741645e+01
-1.818709192005537290e+01
-2.010073731267162600e+01
-2.139684049007877320e+01
-2.089747358881503558e+01
-1.899883617448898931e+01
-1.740099494409527381e+01
-1.749541011740784313e+01
-1.929096895582065940e+01
-2.130292048476013633e+01
-2.183369690179884515e+01
-2.024195655842912345e+01
-1.773903411441556699e+01
-1.632562260803368659e+01
-1.723317137243252617e+01
-1.986038911543151286e+01
-2.221295029378066843e+01
-2.249700595446851992e+01
-2.048052496643971310e+01
-1.780985668602303562e+01
-1.660602322299223133e+01
-1.784609124824293502e+01
-2.045714011024658063e+01
-2.230189049134093793e+01
-2.188769482487108675e+01
-1.958468873516604702e+01
-1.732095401795928780e+01
-1.698135641773291482e+01
-1.891242007367648981e+01
-2.154391452346776958e+01
-2.266518845295074058e+01
-2.132052319682141572e+01
-1.863310913076172426e+01
-1.681474640357955863e+01
-1.732862034395261475e+01
-1.976222266652697712e+01
-2.208207815425844700e+01
-2.227858265083578004e+01
-2.011405760651672736e+01
-1.740046399444689129e+01
-1.648726119939551538e+01
-1.831641572471853863e+01
-2.155828741319197661e+01
-2.365202537659752124e+01
-2.279805370710048606e+01
-1.953697959101759452e+01
-1.648781485635265653e+01
-1.614288022893600427e+01
-1.886094940851420176e+01
-2.247475522237859735e+01
-2.402125656269176801e+01
-2.205346806746931776e+01
-1.803651518350037364e+01
-1.523279286206906136e+01
-1.614776395222616756e+01
-2.039240868831038966e+01
-2.475003018880896377e+01
-2.539328663590843504e+01
-2.081376627416643643e+01
-1.315050571397608437e+01
-6.655941737107560208e+00
-4.830823726450157451e+00
-7.578641137526917149e+00
-1.182148882363961206e+01
-1.311583225763016891e+01
-9.088685847041242383e+00
-6.667352856450952103e-01
8.616104795841639685e+00
1.587026917987448194e+01
1.943776306624628347e+01
2.082118620411391774e+01
2.193165935613160400e+01
2.424603838894413599e+01
2.670503088504661093e+01
2.904826116632391830e+01
3.074564504822239641e+01
3.232590006910955793e+01
3.502481947320669775e+01
3.939044219722462259e+01
4.374129841246551820e+01
4.522089856157466414e+01
4.304968112613141784e+01
3.827169783918522938e+01
3.327749563597023297e+01
3.109508424220273426e+01
3.302685611220883999e+01
3.691656508939912129e+01
3.972721075176849581e+01
3.998013300827820160e+01
