-6.334310864014332410e+00
-6.334310864014332410e+00
-6.334310864014332410e+00
-6.334310864014332410e+00
-6.334310864014332410e+00
-6.334310864014332410e+00
-6.334310864014332410e+00
-6.334310864014332410e+00
-5.825190874609267766e+00
-4.831140746837045086e+00
-6.865493213266739225e+00
-5.997636056788076431e+00
-6.402613290699196824e+00
-7.796383483477412391e+00
-7.025972837780813052e+00
-6.906238858260927316e+00
-6.032853871552613434e+00
-5.643315097346019549e+00
-7.203288270082974343e+00
-6.402252670946300128e+00
-5.868633368432936592e+00
-6.879491044912000142e+00
-6.165189059293392226e+00
-5.511911015100050548e+00
-5.018023067499727041e+00
-6.531730550993137818e+00
-6.915565965303597906e+00
-6.785528754927110384e+00
-6.381091551795518235e+00
-5.723579516995166649e+00
-5.999284570330305044e+00
-6.389905090946623289e+00
-7.093726509736876018e+00
-6.890761584126388506e+00
-8.271458630590485583e+00
-6.662281468311559429e+00
-5.483919550031146173e+00
-6.024481043438624006e+00
-6.674525887113352596e+00
-7.289566231058146606e+00
-8.057415971364816798e+00
-7.528184237147200086e+00
-4.911236763666728677e+00
-1.932440934140007283e+00
1.523999383950763065e+00
3.571787672181788498e+00
5.900498490887254199e+00
6.266641875739070500e+00
7.968543145133275551e+00
7.725755213048157266e+00
8.347199844024503435e+00
8.218456251096700527e+00
7.803608665095401520e+00
8.213538267649550306e+00
8.194494147130633621e+00
8.533433609812592024e+00
9.486324519800721333e+00
9.503095719560105792e+00
1.020592652545738410e+01
9.521960078660161031e+00
8.929627842784048752e+00
8.907426973989871044e+00
9.206973463778867384e+00
9.278175615032575152e+00
1.034745038336158984e+01
9.439261823275309382e+00
9.265348183135236226e+00
8.876821885018653546e+00
8.573115821714372586e+00
8.243608325219121014e+00
8.547058139953341183e+00
8.395926184171081275e+00
8.183865241735926332e+00
8.916076420299544836e+00
9.372909061217537641e+00
9.353076361323536148e+00
1.002594254437817156e+01
1.010521441989181213e+01
9.345290096421281945e+00
8.383227904102891870e+00
6.848294342158866677e+00
5.646309051474565521e+00
4.533671746420171900e+00
3.503996034024381867e+00
2.536029030542241269e+00
-3.271316158463993817e-01
-1.929791782848914838e+00
-4.594051065997742711e+00
-5.161062937545147555e+00
-5.578630423496915292e+00
-5.873526172711938997e+00
-5.277877759855490680e+00
-5.360183564197851247e+00
-7.238810885791606253e+00
-8.483838932501118535e+00
-8.186996348672618495e+00
-5.986900438922854839e+00
-5.768165662562872775e+00
-6.073907868436921653e+00
-7.895353536036931352e+00
-9.428670162534615429e+00
-1.190396841961475438e+01
-1.144198047759607562e+01
-1.015072028129686288e+01
-6.703014635399130228e+00
-5.217809166266428988e+00
-3.707340832687580523e+00
-5.342170893995859871e+00
-6.915601882348676455e+00
-8.696406738205201492e+00
-8.261315008179035857e+00
-7.647235672949782348e+00
-7.021972409229682910e+00
-5.876915362178252167e+00
-6.717091304554418940e+00
-7.347676859749568301e+00
-7.856570101532206252e+00
-7.628660977945730615e+00
-7.279347061062733992e+00
-7.278675487827446666e+00
-7.246848932033333135e+00
-8.333803032640259900e+00
-6.819991827797611705e+00
-5.632019582222044463e+00
-3.380571354832926367e+00
2.629819594985777220e-01
3.317545711541396436e+00
4.634165252874303143e+00
5.798759897846141875e+00
5.818603539754262144e+00
6.477326869589501435e+00
6.823133965170034010e+00
7.768255240861956956e+00
8.360503698457655730e+00
7.609411199480919485e+00
7.484277626947816842e+00
6.882207247450781828e+00
7.038537324666028105e+00
8.104000921267690671e+00
8.768174233964652231e+00
8.187398789186003611e+00
7.105048323888048856e+00
7.752374221652972963e+00
7.453590189499405660e+00
7.755678441859746641e+00
8.928538945280001471e+00
9.743126179255106933e+00
9.321636486878190908e+00
9.085627449417325252e+00
8.612238894743361683e+00
7.472253493490834231e+00
7.872489772785976392e+00
7.968893600489910689e+00
8.284745281212195778e+00
8.123726522854843424e+00
8.002804798539749243e+00
8.395552296047370078e+00
8.811025127082515951e+00
1.018650018097537568e+01
1.093089331849394696e+01
9.272243859341886107e+00
7.154009454637209942e+00
4.277584818718888293e+00
3.144176251607866401e-01
-1.178140846940832542e+00
-3.274711875020416940e+00
-3.854634635825158639e+00
-4.265248157871820212e+00
-3.984373621530547638e+00
-4.403040548222152850e+00
-5.499681871909499975e+00
-5.266243945505503454e+00
-4.717594864897941775e+00
-5.812487291407530066e+00
-4.205918684362783821e+00
-5.608660223142226009e+00
-5.746397052599513167e+00
-5.380585521133894211e+00
-6.397989893790974492e+00
-5.331185259537632781e+00
-4.920415003019428468e+00
-5.835574668856350122e+00
-4.743060547914360825e+00
-4.369046057946087025e+00
-4.743910375458065154e+00
-6.112366734468847262e+00
-6.835252035949448413e+00
-8.180700549627783147e+00
-7.258216802201749474e+00
-7.583981362355839195e+00
-5.114652139778124607e+00
-5.831462433409111412e+00
-5.155190214158555051e+00
-5.347452056613448690e+00
-6.573586541043116682e+00
-6.668126238977527542e+00
-6.495663124658020315e+00
-7.073270162212365264e+00
-5.499657881895817724e+00
-5.984152191210403871e+00
-5.277713413691103916e+00
-6.609119018534154399e+00
-6.088757015405738215e+00
-3.932970882647192301e+00
-1.471821321501061375e+00
1.817178234363950873e-01
4.088917775658601705e+00
4.549521432904042761e+00
5.774375541506631571e+00
7.545953573779495827e+00
8.244038458178795992e+00
8.565003861392373352e+00
8.324022277830543715e+00
8.849399599248668480e+00
8.562034139310389591e+00
8.221999280366283358e+00
8.696922665183619117e+00
9.444735120094193803e+00
1.006031305113149621e+01
1.010031687103710851e+01
8.667096465174195075e+00
8.546190209430905682e+00
9.285615001808185554e+00
8.922768664521331772e+00
9.881909326870900401e+00
1.042352650577820761e+01
9.784020526719853450e+00
8.653592199186173062e+00
7.178502136558016389e+00
8.221777720866526806e+00
8.767679621580143134e+00
1.105625672045975172e+01
1.220876345314702505e+01
1.221697891168142291e+01
1.140893656695084779e+01
9.724435479347196321e+00
9.392202427698045142e+00
9.997058377971958620e+00
1.097058783055219422e+01
1.002933737689185101e+01
7.685005174080552948e+00
4.312095998003092845e+00
3.958099828280537968e-01
-2.522854979299595790e+00
-4.324618913620414951e+00
-2.445902263281475975e+00
-4.186091628425813838e+00
-4.461582197582173670e+00
-5.202108235516690549e+00
-6.307330308653881445e+00
-7.959852235514143004e+00
-6.496273736275737676e+00
-4.960920013502985171e+00
-4.178385980989698822e+00
-3.341211198578310615e+00
-3.982352481412025469e+00
-4.792934917349127133e+00
-6.493993449617546432e+00
-7.008831927771193016e+00
-5.965216629839900087e+00
-6.663579399733415620e+00
-5.313702399018955802e+00
-6.450248789153732787e+00
-6.293052146506850519e+00
-6.999166499470102387e+00
-6.282410284637909292e+00
-6.207598000258084170e+00
-5.833101034046329403e+00
-6.275425638221348024e+00
-6.338534845525866324e+00
-5.576676208307067562e+00
-5.736043514275150024e+00
-5.430468914904885480e+00
-4.623170165616680372e+00
-4.924156895541852208e+00
-5.925269887281204184e+00
-6.982285791428773258e+00
-6.312486051236295026e+00
-7.031961736261730600e+00
-6.562928199727790179e+00
-5.791614238713127527e+00
-6.354874714524163082e+00
-6.604624369506058912e+00
-5.105176404804663726e+00
-2.545841183988880374e+00
-1.204673529260607667e+00
2.357436635741495756e+00
4.515763661988295041e+00
5.505221480051803340e+00
5.448643957450676645e+00
4.723944567021670871e+00
5.220072902922544777e+00
5.820859307500442448e+00
6.702907560549915544e+00
8.568116696441261837e+00
8.328842565601048520e+00
8.924034217366315858e+00
8.762397289772867026e+00
9.054147408728043800e+00
8.488314783881621750e+00
9.024306564303143929e+00
8.387523657897926199e+00
8.489370726773406872e+00
8.258583653926161006e+00
8.870301914281673916e+00
8.848948601919685686e+00
9.546407116022079364e+00
8.804752970959041747e+00
9.279850899246177676e+00
7.753194198717919150e+00
8.037906297249472587e+00
6.688806866344865654e+00
5.656579475733724216e+00
4.111597132633439955e+00
2.005326077616322422e+00
-3.505608258100306740e-02
-1.697348490538738375e+00
