-1.119745409681652371e+00
-1.119745409681652371e+00
-1.119745409681652371e+00
-1.119745409681652371e+00
-1.119745409681652371e+00
-1.119745409681652371e+00
-1.042384215566247274e+00
-1.785577151515738148e-01
-5.233673765597838035e+00
-7.508410905758346132e+00
-6.219326871543738200e+00
-9.609453124587886919e+00
-8.021996077093756838e+00
-8.267886793386482580e+00
-7.189222981271343293e+00
-7.524536201128425361e+00
-5.975732953071523745e+00
-1.007650532778257180e+01
-8.602023328527417689e+00
-9.599714779105195106e+00
-1.009230139294087714e+01
-1.214784154687269080e+01
-8.017672159850748770e+00
-6.334880549335117905e+00
-6.252196043286807559e+00
-3.438997183319660422e+00
-6.144707698782299943e+00
-9.503886662923331841e+00
-8.510659439009552685e+00
-9.504904559631285110e+00
-8.958158961512035390e+00
-7.532277089499635814e+00
-7.898397370404540929e+00
-8.664634186690941320e+00
-7.989960706059836326e+00
-1.161347582125035949e+01
-1.017136538122688805e+01
-1.177390684700321444e+01
-1.169880057065051915e+01
-1.144313450985806746e+01
-8.126092763397421592e+00
-7.231328360058578930e+00
-3.261956526549138591e+00
1.795587194468724501e+00
5.760197118177164732e+00
6.477353281337969726e+00
9.878484633110694801e+00
1.099429192058513571e+01
1.188073328625416991e+01
1.397629340952074450e+01
1.431448731860917256e+01
1.242751761190007187e+01
1.185704766882466998e+01
1.257827474395112510e+01
1.198094980391853603e+01
1.176018509645257382e+01
1.292820994745161833e+01
1.367712684919424326e+01
1.285666478229260079e+01
1.277829378519754755e+01
1.219126303701324332e+01
1.298199840257150406e+01
1.467099422043546042e+01
1.401682062397577511e+01
1.503974793365591012e+01
1.468239543796249613e+01
1.286463899689095491e+01
1.126546616039277815e+01
1.337947360821395471e+01
1.322428463666279619e+01
1.262517335180081446e+01
1.469113018239675483e+01
1.273546695701909393e+01
1.191052181075795602e+01
1.251225530514575013e+01
1.387907221193175644e+01
1.514627590370962018e+01
1.654072771945997999e+01
1.494042389442555674e+01
1.187689884624820280e+01
8.221624739174233198e+00
2.505438642852109599e+00
4.089214298748211629e-01
-2.532682450587931289e+00
-2.622151253891308098e+00
-4.692086761604913114e+00
-6.177614924372228700e+00
-6.902550224395037404e+00
-8.368391729335444396e+00
-1.196721175471074616e+01
-1.256239891982090207e+01
-1.174836673783607033e+01
-1.492515258241262899e+01
-1.449775572829632253e+01
-1.331071189044434000e+01
-1.239356619953022154e+01
-9.435632613958514270e+00
-7.030725708184380807e+00
-5.315143880002739074e+00
-6.854650797605259527e+00
-1.023115470118159642e+01
-1.155260707039381529e+01
-1.242631701720500104e+01
-1.367668700452545849e+01
-1.210747627246001024e+01
-1.098605557758932427e+01
-1.072072707448269568e+01
-1.022155275558628063e+01
-1.058594400343861253e+01
-1.120634218772165447e+01
-1.157100418297728872e+01
-9.621667928915831780e+00
-1.214290501012219003e+01
-1.393941035951707264e+01
-1.313745915571397660e+01
-1.254035618197529978e+01
-1.247300157065914306e+01
-9.822952949156936953e+00
-7.942209148157879817e+00
-1.003822199835125772e+01
-1.029076550169964399e+01
-1.118238397266813600e+01
-1.044920551372918638e+01
-5.999858594930045363e+00
-2.017484002491559680e-01
5.606312410217797471e+00
7.562677135075594137e+00
9.499924654396906476e+00
9.967881505560546529e+00
1.041492521200671106e+01
1.030938090507149063e+01
1.223618585716837615e+01
1.197198725407771924e+01
1.352995004651983635e+01
1.164850542859308113e+01
1.104814602525286027e+01
1.088648287108772017e+01
1.218068870783682023e+01
1.336228250270963080e+01
1.274302267688670476e+01
1.390183921757760999e+01
1.313506944167973600e+01
1.122735758740294187e+01
1.189197987905341947e+01
1.217145100658724388e+01
1.245887168565028347e+01
1.178794826368955917e+01
1.299116246529336216e+01
1.255471207129785682e+01
1.362481585499041081e+01
1.391764512947289134e+01
1.418160343517181232e+01
1.319475276073977099e+01
1.348711482793964223e+01
1.363850661602264758e+01
1.400314635137761776e+01
1.573961391885056038e+01
1.462383564322956175e+01
1.271039132465364396e+01
1.113931589962395918e+01
7.506084038512788936e+00
3.089952091589284411e+00
-1.100411301813808862e+00
-1.867053162857550852e+00
-4.077167159324234014e+00
-8.161595930272206090e+00
-4.920286146728611421e+00
-6.646104367892845310e+00
-9.470542438028697774e+00
-8.566123900830092452e+00
-4.622808335210330632e+00
-7.522834291634431736e+00
-7.107652820458949527e+00
-6.915877144782846209e+00
-5.593167246550642346e+00
-9.152457533911055876e+00
-9.027239425947335860e+00
-6.635438687554536585e+00
-9.986226865855760693e+00
-9.453920375453941816e+00
-9.927968862395244898e+00
-9.156856467630039020e+00
-1.140755513859879322e+01
-8.866618221295794910e+00
-7.705480416501798935e+00
-9.279372323506347442e+00
-8.687766025289727523e+00
-9.793274244514959648e+00
-9.824438488962710991e+00
-1.027610944479613231e+01
-7.216384962282607063e+00
-8.764456507804299079e+00
-7.909062616098000653e+00
-1.073644436204463481e+01
-1.173805124942081868e+01
-1.301519663675346905e+01
-1.093471445070131409e+01
-1.136023426375049894e+01
-1.136065282588693925e+01
-1.035594482332470534e+01
-6.070293162871262638e+00
-4.188722092024076638e+00
2.093410081278276103e+00
6.099441807388469527e+00
9.919031427547112756e+00
1.076532376439118188e+01
1.186683484100149677e+01
1.080865800489296724e+01
9.490876790526792561e+00
1.050560400587540677e+01
1.223899755076304530e+01
1.355723411907932174e+01
1.408194058143077854e+01
1.370706678573236026e+01
1.309738819175983515e+01
1.200159062007360333e+01
1.118099424018894794e+01
1.198299582766821736e+01
1.193675083934402359e+01
1.311736802518281486e+01
1.274747320438334341e+01
1.267164722326447723e+01
1.148957415820289008e+01
1.320445201698849935e+01
1.205703565274580491e+01
1.185760384429739567e+01
1.222395295214606925e+01
1.335097900422308470e+01
1.408161875245088623e+01
1.347401558809498212e+01
1.476887755605228314e+01
1.365558948904801539e+01
9.657196881980983250e+00
3.050331453865770648e+00
-6.739005902051193875e-01
-6.070183704290556648e+00
-8.605028824284996603e+00
-9.405421167974481023e+00
-6.309720556958247073e+00
-4.475007695081449022e+00
-5.951583916498639049e+00
-7.345623320230959763e+00
-1.067053447845894709e+01
-1.131401073031623383e+01
-1.273906793944346205e+01
-1.348826724920169617e+01
-1.106244237914927453e+01
-1.017472064437044388e+01
-1.236459892919290304e+01
-1.220525039409864476e+01
-1.153485583029305239e+01
-1.493932909125364361e+01
-1.358163593404487024e+01
-1.241596350969562579e+01
-1.271765404557436518e+01
-1.180343175410002310e+01
-1.345901260540358813e+01
-1.238202326227501615e+01
-1.404421778518437414e+01
-1.363913214933948126e+01
-1.429481343316521702e+01
-1.312838305831113495e+01
-1.294050443711443776e+01
-1.127753338760341428e+01
-1.280930373832874203e+01
-1.276254689950151722e+01
-1.275306131943378496e+01
-1.296803172214317890e+01
-9.536183917702718560e+00
-4.886367474681593492e+00
-7.138428909395506672e-01
4.763588745740939601e+00
7.727479903291231800e+00
8.988851200861407875e+00
8.478820577166095163e+00
9.552591581692809086e+00
8.656839720097059043e+00
9.196168784969682264e+00
1.058315123705716587e+01
9.994006233596255839e+00
9.770452263195986475e+00
1.066051650749806967e+01
1.063018180831111970e+01
1.151262357827445726e+01
1.330864140761029368e+01
1.313424837154712144e+01
1.111774465689808977e+01
1.179119403254820497e+01
1.223937387098904672e+01
1.256162835946768119e+01
1.255331376690206824e+01
1.461991132582603292e+01
1.383994063889096893e+01
1.198610432900862932e+01
1.260736263284726100e+01
1.262493714347123586e+01
1.424481611190283559e+01
1.464714165346377506e+01
1.384481941941063354e+01
1.017145596085226877e+01
4.957081453478799027e+00
-1.366499220600476905e+00
-5.536769584248657949e+00
-4.362612916270570906e+00
-5.641722270560843633e+00
-6.142359755702533342e+00
-8.701295019018296273e+00
-8.491359627915782582e+00
-1.514535057517041317e+01
-1.390101517677308252e+01
-1.330612881301829553e+01
-1.156790897762806658e+01
-8.431689477042011660e+00
-1.017919493079487125e+01
-7.306693453481552858e+00
-1.290121479392909798e+01
-1.402659923131011865e+01
