-2.541236526104224680e+01
-2.541236526104224680e+01
-2.541236526104224680e+01
-2.525427464474954320e+01
-2.274116437791676404e+01
-2.133719442339079109e+01
-2.184192123937374319e+01
-2.302548113003908625e+01
-2.418941424762437720e+01
-2.408746723081883090e+01
-2.304687280116836234e+01
-2.233149906431593124e+01
-2.207059976189712458e+01
-2.233946549001203152e+01
-2.305024473459316781e+01
-2.382196742388448385e+01
-2.374937184771918197e+01
-2.325214321286396313e+01
-2.242960767254995247e+01
-2.223027791986121926e+01
-2.239496610059712367e+01
-2.322352435019053019e+01
-2.376511722575667918e+01
-2.402156569288897003e+01
-2.393141357122627966e+01
-2.320096288999323164e+01
-2.302474562226147725e+01
-2.324537196430408059e+01
-2.354074662039151988e+01
-2.389491825658208768e+01
-2.384360777067621484e+01
-2.350745197858465829e+01
-2.325512084158181025e+01
-2.328959010382067873e+01
-2.350793538845612574e+01
-2.409310241962363364e+01
-2.407965797956607190e+01
-2.388080081899003559e+01
-2.326463183460371553e+01
-2.311176056084241637e+01
-2.336024427717595486e+01
-2.402560848733072163e+01
-2.455384214377476582e+01
-2.482862540163720766e+01
-2.468018116984577404e+01
-2.427926170382480109e+01
-2.396869352841797607e+01
-2.446435705931063609e+01
-2.515213166009354140e+01
-2.532742052309870573e+01
-2.495503312024777998e+01
-2.440069313241367865e+01
-2.367522451756779489e+01
-2.323184540260553632e+01
-2.389859219628733555e+01
-2.508587904453240824e+01
-2.563288814877240185e+01
-2.467136335389757207e+01
-2.197471549864524221e+01
-1.785498281843918278e+01
-1.275555019388115952e+01
-6.611661757386190885e+00
-7.847500633814810111e-01
4.138286217874658668e+00
1.088443599104324733e+01
1.631282653074596567e+01
2.036498404258248485e+01
2.347991490030203821e+01
2.704503410635601313e+01
2.730712362118158865e+01
2.675812972670977175e+01
2.857890255533225954e+01
2.890472395437418385e+01
2.892754725399662519e+01
3.044528162890778233e+01
3.064268379267525333e+01
3.045146738218402405e+01
3.145163781419070403e+01
3.183896422347240929e+01
3.244425487133164410e+01
3.334495372140781200e+01
3.280824721721588588e+01
3.228259722705593759e+01
3.162071577959671487e+01
3.108043794256215619e+01
3.090676509191397869e+01
3.110689678659791824e+01
3.186627475929089215e+01
3.214985029347109702e+01
3.208867994357012066e+01
3.246154918094138964e+01
3.304121153576937076e+01
3.318080694357541915e+01
3.315334470756406660e+01
3.324513113521157237e+01
3.240927534390785070e+01
3.156122416816721099e+01
3.091531862230814198e+01
3.110737696598541646e+01
3.172126963366523356e+01
3.218929668595323790e+01
3.268839038800456365e+01
3.282853448631595938e+01
3.246408883963243142e+01
3.220121214625208950e+01
3.230002448563326567e+01
3.230807752441237568e+01
3.238304088620060384e+01
3.231937024499190869e+01
3.217941915031803291e+01
3.196295285354714366e+01
3.219827928949320039e+01
3.253244184490132085e+01
3.264094727640564741e+01
3.287607789591280749e+01
3.259751062730913418e+01
3.201602431230589474e+01
3.157655535401286429e+01
3.164961954879369443e+01
3.167431652934813258e+01
3.209395644348756349e+01
3.266079020543104150e+01
3.323911012943010945e+01
3.405909122131868116e+01
3.502913813211249305e+01
3.619369446585314876e+01
3.680235977593790864e+01
3.723287438101468183e+01
3.667248157906706041e+01
3.669094008489959435e+01
3.681400293048565686e+01
3.747044041434058670e+01
3.778415505475994252e+01
3.841017860917771287e+01
3.815230777961449604e+01
3.721739609062156973e+01
3.665966992098143606e+01
3.722524374382176404e+01
3.813404247531085645e+01
3.795289871121880054e+01
3.577871702918755403e+01
2.992098330274251339e+01
2.069253307386157203e+01
9.610120294193837509e+00
-1.107040807773160829e-01
-6.663106835663866967e+00
-8.702299799992967877e+00
-9.994465741633810296e+00
-9.450753761969986400e+00
-9.617614679304159253e+00
-1.265387047537370968e+01
-1.552041095395450476e+01
-1.707995494699087047e+01
-1.893662849838612772e+01
-1.802694470112211889e+01
-1.758729266653425682e+01
-1.767776373027752257e+01
-1.886459485388038360e+01
-2.104373409518303717e+01
-2.262719319902285164e+01
-2.333325913705948551e+01
-2.337988657791632008e+01
-2.311349935588967952e+01
-2.310324887887632173e+01
-2.362844461931490514e+01
-2.470035981921407853e+01
-2.605311397917880711e+01
-2.633237188806932139e+01
-2.623109539820625002e+01
-2.615831353389234337e+01
-2.631104159959629030e+01
-2.672397822092759156e+01
-2.749656064028473779e+01
-2.813580858119743766e+01
-2.840589225861280553e+01
-2.816869713874939052e+01
-2.804623763514055668e+01
-2.841332979537322956e+01
-2.881025549684059328e+01
-2.924817749828039126e+01
-2.972068631719899656e+01
-2.991929739441715341e+01
-2.977606677098344434e+01
-2.960206924474510970e+01
-2.972122551874739571e+01
-3.012875917032679496e+01
-3.052900963660287559e+01
-3.078417315498840523e+01
-3.086448433676547154e+01
-3.077182107545777257e+01
-3.072980190335041684e+01
-3.081640780339969865e+01
-3.107534801506952604e+01
-3.150282773092099120e+01
-3.164271070422186227e+01
-3.150964690185691452e+01
-3.142318862294233739e+01
-3.147440435957141602e+01
-3.157170991038431751e+01
-3.179611775252650574e+01
-3.222058455468278737e+01
-3.253533694284622868e+01
-3.230025669693102941e+01
-3.187557570836296250e+01
-3.184391270606533908e+01
-3.211465889335133284e+01
-3.231586687416913151e+01
-3.258796327795767667e+01
-3.233957949153129618e+01
-3.069205662678060520e+01
-2.699487657698897891e+01
-2.126909137337731082e+01
-1.504083602096831029e+01
-7.117364408259105879e+00
5.357038991772582470e-01
7.164584041954242366e+00
1.134867652666064686e+01
1.467965936541368244e+01
1.616932573506927895e+01
1.715363734143938856e+01
1.796389559102382449e+01
1.916306852960582674e+01
2.041266165147955292e+01
2.237900182207201283e+01
2.316146613828664869e+01
2.411553109777278436e+01
2.359319609586798450e+01
2.314586678576818102e+01
2.226981809627986308e+01
2.225122659769495215e+01
2.269084782726839933e+01
2.362654599210682349e+01
2.480520328736088942e+01
2.504114376748473347e+01
2.506552598418258526e+01
2.394958217589949712e+01
2.288284806390387160e+01
2.203443030883519782e+01
2.145785512352708935e+01
2.165462022565638378e+01
2.211881491379888232e+01
2.279508495774124555e+01
2.280691473046472595e+01
2.300552982578617289e+01
2.321609714672934643e+01
2.302975764296671102e+01
2.330204081650870762e+01
2.349579820091993199e+01
2.344658248040783377e+01
2.348919299573370267e+01
2.366952706539344220e+01
2.360520770543200797e+01
2.380275558673619329e+01
2.406285441604310549e+01
2.399743754256192574e+01
2.408296333629092345e+01
2.379500937273956040e+01
2.381183840298896115e+01
2.362626578867704552e+01
2.378581086427863056e+01
2.400625206577056403e+01
2.404388667508546007e+01
2.380956824006880268e+01
2.365001827933612688e+01
2.327126924300736732e+01
2.314609844808001782e+01
2.346147028447790106e+01
2.391992690843538938e+01
2.462238500736637548e+01
2.544145768226336557e+01
2.613230187803080895e+01
2.685762954477828401e+01
2.735604399792167030e+01
2.809718811100599467e+01
2.830810600618246653e+01
2.918591814737991186e+01
2.963860732914724139e+01
2.975810143500197569e+01
2.954048679481132567e+01
2.752785109049640866e+01
2.312768891551652217e+01
1.658967703281214057e+01
8.054033740222056537e+00
-7.381255805804154413e-02
-8.926689512786163405e+00
-1.483289565884709482e+01
-1.738156946629071697e+01
-2.018611912406067077e+01
-2.056208275628755899e+01
-2.073250185695225412e+01
-2.196349279209745120e+01
-2.406779828647470865e+01
-2.555241613762745700e+01
-2.659085851657881605e+01
-2.766669295247773164e+01
-2.780623766578105815e+01
-2.812362832822596204e+01
-2.898553489083028722e+01
-3.044829849775838326e+01
-3.118503309937187140e+01
-3.226326321804962305e+01
-3.236426598672640154e+01
-3.241901484000453593e+01
-3.282629199451872637e+01
-3.286435166491753535e+01
-3.369697425252997647e+01
-3.458183741778316289e+01
-3.518002901670075744e+01
-3.509107171974376627e+01
-3.511575162138214523e+01
-3.528685625793186631e+01
-3.590878957255355175e+01
-3.661114074010802000e+01
-3.712344710643478152e+01
-3.723865661065696742e+01
-3.553895581291805428e+01
-3.181859216862746109e+01
