-6.636264214491812474e+00
-6.636264214491812474e+00
-6.636264214491812474e+00
-6.636264214491812474e+00
-6.636264214491812474e+00
-6.636264214491812474e+00
-6.636264214491812474e+00
-6.636264214491812474e+00
-6.636264214491812474e+00
-6.636264214491812474e+00
-6.044310522968566524e+00
-5.280924139941398643e+00
-5.918564599695427475e+00
-7.140336171248327979e+00
-9.175636773635392984e+00
-1.001310887416830475e+01
-1.003042010124350369e+01
-7.626064051852312176e+00
-4.839861052611809100e+00
-4.074574257040094238e+00
-4.814497259711197685e+00
-6.152439196457151205e+00
-8.585375606326318021e+00
-9.032374105890104588e+00
-7.710504624733152568e+00
-6.958046550708578692e+00
-6.187612935685556259e+00
-5.039549120640771207e+00
-6.502742766718991874e+00
-8.378583940648089978e+00
-8.373145339437604306e+00
-7.773274114997156481e+00
-6.714459079014680754e+00
-4.862944869471982123e+00
-4.794674291398641763e+00
-5.891712790798507626e+00
-7.647741326554089447e+00
-7.420128060181284901e+00
-7.624626892558271862e+00
-6.972316793888095887e+00
-7.000189347770109372e+00
-7.915992133455224788e+00
-8.467842418150942407e+00
-1.041728653008976835e+01
-9.951978454291461773e+00
-7.102560171073149853e+00
-4.435145682589114458e+00
-1.287742977459375160e+00
1.506529704630683808e+00
2.202123358227603855e+00
2.680856454337570138e+00
3.642353545450481178e+00
4.942046818638168304e+00
7.220053403410232384e+00
9.166050014996493189e+00
1.005372290230464039e+01
9.985764413999801192e+00
9.127949731743939310e+00
9.177133404709268305e+00
9.512366337060239374e+00
1.054078437842915328e+01
1.167616470147051899e+01
1.173399467091675064e+01
1.110139561027772359e+01
1.087163789801491731e+01
1.024516126900981661e+01
1.029800966789613348e+01
1.171130115419700957e+01
1.269768444670504870e+01
1.268956931437648272e+01
1.199028940219999306e+01
1.092109016124097920e+01
9.877265845811397327e+00
9.992987195436977998e+00
1.100686876588546603e+01
1.249424568512165656e+01
1.387529514878122328e+01
1.395839720339502499e+01
1.264027280037733902e+01
1.011088075962909372e+01
8.041929293011776281e+00
7.560797166256281621e+00
8.491663857672302029e+00
9.186126351186059580e+00
9.510421960935284247e+00
7.838314483311673797e+00
4.053292585406405024e+00
3.756419107400903457e-01
-2.421744887796309698e+00
-3.590384217570275815e+00
-2.485445290998388401e+00
-9.416810237999984068e-01
-4.239714442150480656e-01
-1.644879592174132599e+00
-4.441985601299680120e+00
-6.411410642581302000e+00
-7.432576071920548699e+00
-6.338949523454210144e+00
-5.389679530884225578e+00
-4.605591983472991480e+00
-5.020245246883147772e+00
-8.052971086070435547e+00
-1.010514368897293380e+01
-1.067176074490557447e+01
-9.469461814704033031e+00
-7.346316975841515884e+00
-5.173749943462904177e+00
-5.777841508729856024e+00
-7.958960207085171490e+00
-1.087704577684556995e+01
-1.164262362124477335e+01
-1.032968184353757835e+01
-7.570466786515640756e+00
-5.420533567827274801e+00
-6.081384488837029423e+00
-7.922155798160311235e+00
-1.061058589803204910e+01
-1.284720981266118933e+01
-1.091863459578822315e+01
-7.590552173373838585e+00
-5.546035618610445361e+00
-5.128808804871809457e+00
-7.457807764937482986e+00
-1.123977733292742798e+01
-1.238598777737197310e+01
-1.032018480296674312e+01
-7.096529661145599022e+00
-2.079212858667589536e+00
1.268817787567862787e+00
1.357268055873566137e+00
7.177340806813597984e-01
5.343103188082229948e-01
1.657021297426293227e+00
4.748066742092419190e+00
8.048654292226537166e+00
9.815470552129212933e+00
9.648093100557808555e+00
8.486874368563043447e+00
8.026028518083668573e+00
8.337672662200423801e+00
9.300745479381774317e+00
1.055758505600862662e+01
1.039741577532011796e+01
9.461439641380470889e+00
8.256823197027204131e+00
8.111287310514359916e+00
1.020140163384490783e+01
1.261544837445439349e+01
1.323742389035890987e+01
1.278678966903197178e+01
1.111836447223051749e+01
9.808927163787288350e+00
9.368928364582821189e+00
1.077485211738678039e+01
1.298483408710927023e+01
1.439133499319733112e+01
1.403835306462158883e+01
1.188729872461825821e+01
1.033733296489130460e+01
1.029148177210504578e+01
1.102980934866772067e+01
1.363776707569924440e+01
1.470476867733828996e+01
1.315674476569448714e+01
9.775597817014910262e+00
5.804150534965125452e+00
2.573149389114874452e+00
2.544223471947286708e-01
-1.575623381920181032e+00
-3.823122727007613353e+00
-6.737347429921085151e+00
-1.087316191054310899e+01
-1.138251330168265518e+01
-1.156103532940654333e+01
-1.011204588999851772e+01
-7.224193136148741701e+00
-6.231200130086405942e+00
-7.353073885453984104e+00
-9.462718550267576134e+00
-1.079725379391731543e+01
-1.052167273033892592e+01
-1.029011974656715722e+01
-8.248685672475176034e+00
-7.935838344718500359e+00
-9.363853376678020979e+00
-9.984039180689144644e+00
-1.106133053523428345e+01
-1.052600170684748448e+01
-8.837508323022710499e+00
-6.520326479758287164e+00
-7.151988568408266467e+00
-8.118887105732271792e+00
-9.450159575891461827e+00
-1.034716854596729441e+01
-9.207109217136828505e+00
-8.306649122962083354e+00
-6.761412043277240436e+00
-6.775084161865724930e+00
-7.319268354991072201e+00
-8.421366820242127460e+00
-8.367544307041374196e+00
-6.114111324167662787e+00
-3.559648492463124203e+00
-4.829523049048468630e-01
7.098685910208789585e-01
2.572762826814032344e+00
3.293330151356846702e+00
4.430883308745221960e+00
6.841901188642793841e+00
1.007713538851903934e+01
1.183015552994257114e+01
1.216567329943542397e+01
1.233884704790819242e+01
1.171524307109916663e+01
1.089858251407906842e+01
1.165542609036017829e+01
1.242005785134325357e+01
1.330033884060719096e+01
1.312446237430865636e+01
1.175299299425491739e+01
1.167211507542464943e+01
1.219782027988850537e+01
1.209946942585480301e+01
1.254290106552103268e+01
1.241931339342559149e+01
1.092467178477761536e+01
9.824473649738928671e+00
1.030669709518539534e+01
1.164671629906690775e+01
1.322246695171592457e+01
1.352467385208896467e+01
1.159122258557949259e+01
8.570941297745804377e+00
4.549081490640283221e+00
1.599353197910811986e+00
-4.504801755624182613e-02
-5.004657508888114004e-01
-2.386569131271781607e+00
-4.234792953353902156e+00
-6.211022428900728087e+00
-8.677528903275529615e+00
-9.641568888918245150e+00
-9.333557529258118990e+00
-1.015124915439016817e+01
-9.236721578734242044e+00
-9.924766109797779734e+00
-1.157883367687754372e+01
-1.214501816551989322e+01
-1.098349619792430509e+01
-9.430602264731954065e+00
-7.145911027785592395e+00
-7.497702363583082175e+00
-8.988577731210600774e+00
-9.323249217150054946e+00
-1.059478626864357231e+01
-1.098474075211446710e+01
-8.602502600649623687e+00
-6.766702760277881978e+00
-7.766783180221388250e+00
-8.714575747991039734e+00
-9.778342516256833150e+00
-1.099162532920114721e+01
-1.025497387269412108e+01
-7.495937486834366226e+00
-5.808502891363025000e+00
-5.580246133413014675e+00
-7.428648026789598902e+00
-9.221301573275498598e+00
-1.097855151798862039e+01
-1.071544429154809919e+01
-8.159119454146781081e+00
-5.195335243772779776e+00
-3.101707544969249053e+00
-2.621416299936622174e+00
-1.431476311036380622e+00
-1.483319564774763677e+00
4.251081781086530897e-01
3.376271056218770106e+00
6.508445966748781508e+00
8.793732214448445106e+00
9.676008264034027917e+00
9.473751440302192961e+00
8.540627038732795384e+00
8.400722031134188583e+00
9.097185603883751526e+00
1.023326325237107959e+01
1.117504349801919084e+01
1.126564524068957240e+01
1.092931896779785816e+01
1.078044635013348440e+01
1.077392636480507271e+01
1.149971469285816106e+01
1.224353612916318212e+01
1.247248580692307485e+01
1.244299749553907120e+01
1.221900555074485162e+01
1.203445221755913508e+01
1.238571810018970609e+01
1.295487811957610624e+01
1.373699139684244663e+01
1.393068971537387668e+01
1.327206705414207022e+01
1.098658857261753852e+01
8.465908114293913656e+00
6.709386344518023293e+00
5.032995884255468511e+00
3.255466976919173305e+00
1.786012753896971228e+00
1.263098525913495251e-01
-2.352913960678501226e+00
-4.367176505105808459e+00
-6.862615566244757659e+00
-8.154330596994991964e+00
-9.053949753641269638e+00
-9.562418513339759230e+00
-8.441931795014165019e+00
-7.353253326825454295e+00
