-2.474456779999366773e+01
-2.474456779999366773e+01
-2.474456779999366773e+01
-2.364250411037473398e+01
-2.108942892320036577e+01
-2.025401333964449435e+01
-2.137677551331380243e+01
-2.321462051477589128e+01
-2.418352432829972543e+01
-2.376313484455802083e+01
-2.250785802762307597e+01
-2.151515924772438737e+01
-2.144944616765580392e+01
-2.240651951069949277e+01
-2.384432460507004947e+01
-2.460034059214762792e+01
-2.419674042423751459e+01
-2.296176815383270053e+01
-2.201263280534767119e+01
-2.206470372276710634e+01
-2.298497212834021042e+01
-2.426168962392926076e+01
-2.484102652147817736e+01
-2.428904167514068035e+01
-2.312722487611452138e+01
-2.233066317295861580e+01
-2.247639905156772855e+01
-2.365289493956926847e+01
-2.496589973449491140e+01
-2.536892667083153441e+01
-2.462042089658378785e+01
-2.341284513837518944e+01
-2.274533120593621049e+01
-2.318205854320978077e+01
-2.448401504970950882e+01
-2.550700717968413045e+01
-2.555104581547850273e+01
-2.439657177662091669e+01
-2.301891328165289607e+01
-2.258110981765441139e+01
-2.343821265346629801e+01
-2.515680438380476147e+01
-2.634866763418521174e+01
-2.607168453304787903e+01
-2.465349810313766454e+01
-2.323524024014071188e+01
-2.296789346659386055e+01
-2.428526497948954344e+01
-2.618309394554116665e+01
-2.702899562821617963e+01
-2.598007999248589783e+01
-2.366825047467349208e+01
-2.187208086013753672e+01
-2.227749627098803842e+01
-2.497897599397018098e+01
-2.816165014038504566e+01
-2.936107849320048757e+01
-2.702130073277106703e+01
-2.188515779671363504e+01
-1.647543109403935446e+01
-1.387349652527481503e+01
-1.490445708005442782e+01
-1.758970019442030974e+01
-1.845833587899767281e+01
-1.464366357856754242e+01
-6.391887504319118563e+00
3.546162706901662354e+00
1.139902602153820332e+01
1.330697795511312620e+01
1.064298105139782180e+01
6.408740354279056639e+00
4.234285744937537288e+00
6.776333008081523168e+00
1.305063761774482245e+01
2.032224064565435029e+01
2.470174512865922622e+01
2.588985031954693383e+01
2.454452253418791940e+01
2.318794281842331628e+01
2.319693154537037572e+01
2.575160555628234604e+01
2.869028937835769000e+01
2.995908899260181713e+01
2.941691579097588161e+01
2.767485119768454638e+01
2.627566947552932675e+01
2.642865670844857817e+01
2.814019412845786405e+01
3.011236143101992013e+01
3.118696658729145810e+01
3.087957169381099831e+01
3.013875133193139888e+01
2.976425117328243530e+01
3.061212915079984853e+01
3.202019492698337189e+01
3.330445022965864155e+01
3.393376128661546431e+01
3.334851705915692577e+01
3.258457786480091301e+01
3.244623573852214804e+01
3.313923281972699897e+01
3.406518946440019135e+01
3.477721862112935725e+01
3.458631029548421054e+01
3.401986188308074333e+01
3.360753808916590657e+01
3.393702260009423100e+01
3.468976925886364882e+01
3.547467028709307613e+01
3.562465437788770828e+01
3.497652637846900348e+01
3.432005983461916543e+01
3.421481877307113706e+01
3.478839307123072899e+01
3.582523446881611306e+01
3.630665902952738833e+01
3.576602481893927887e+01
3.471002358722220293e+01
3.386991481698257189e+01
3.382297669872142620e+01
3.499217258217920090e+01
3.646496739299512058e+01
3.696902844505071073e+01
3.633361061250739965e+01
3.512230451995198166e+01
3.428969528687248669e+01
3.483817076223331810e+01
3.656731193410816871e+01
3.827704548350249070e+01
3.871149844078627922e+01
3.742730783103294812e+01
3.548639908386054032e+01
3.423595169646481651e+01
3.479734208109924509e+01
3.691124653212250450e+01
3.898590269453343637e+01
3.943412824358647129e+01
3.785099693469187798e+01
3.499915316818294286e+01
3.304631126678345510e+01
3.328432679941850125e+01
3.515706037343065304e+01
3.650126168091424006e+01
3.501423740171180299e+01
2.917447169018388564e+01
1.996196000833408135e+01
1.050029507046162713e+01
3.524774062212900461e+00
9.300369918633857313e-01
1.307878279846180547e+00
2.368724216095556834e+00
1.866552644452172505e+00
-1.339084702755218181e+00
-6.455874521668914845e+00
-1.068882413014482502e+01
-1.324877056645400586e+01
-1.353817499502139476e+01
-1.274162115656610617e+01
-1.290451768174737168e+01
-1.429719374370216656e+01
-1.667690683727940026e+01
-1.920210212599018007e+01
-2.068659730301852662e+01
-2.064856770782504469e+01
-2.057414365069748996e+01
-2.099828917924732608e+01
-2.221711525488276351e+01
-2.376988094776482185e+01
-2.544009993251224344e+01
-2.590695020830480289e+01
-2.535924368805498830e+01
-2.470196226473255052e+01
-2.444685652036194412e+01
-2.518576984468874258e+01
-2.648448602197955282e+01
-2.769315216536692859e+01
-2.830226823368566258e+01
-2.807666002923820514e+01
-2.748061832698030571e+01
-2.723386775539846738e+01
-2.761479559528632066e+01
-2.853913885739162026e+01
-2.936203263958088172e+01
-2.976330271630723345e+01
-2.961613825010259049e+01
-2.915789026616713997e+01
-2.885587236910842179e+01
-2.915410103174194489e+01
-2.987897467885284897e+01
-3.058916388761280558e+01
-3.098084056664102448e+01
-3.087312516707408250e+01
-3.041965933779236053e+01
-3.004624751850682784e+01
-3.015639088052225958e+01
-3.081388632681038686e+01
-3.165431194803838721e+01
-3.218442479265263501e+01
-3.212788492732549628e+01
-3.155789818852784379e+01
-3.086019821875513358e+01
-3.052021747474537605e+01
-3.098769231895440868e+01
-3.231051654028613740e+01
-3.370895930096958182e+01
-3.407243271670700580e+01
-3.300528982059598349e+01
-3.010607791631007046e+01
-2.550249435732686010e+01
-2.018985494250708967e+01
-1.527787549892616425e+01
-1.087860201759877654e+01
-6.698348434319812306e+00
-3.082847276485314314e+00
8.624806919315604059e-01
4.705900151783062313e+00
8.515921514864389863e+00
1.236404244257603935e+01
1.475532717933362470e+01
1.655792366207877464e+01
1.841901111912929068e+01
1.937929797917493957e+01
2.000461983569757152e+01
2.126730134232163394e+01
2.208721601449055427e+01
2.257364121594117634e+01
2.335824879629795348e+01
2.435287894376368101e+01
2.536296941974097052e+01
2.616503729250096555e+01
2.713612633263916862e+01
2.740018773668632690e+01
2.728241250625077896e+01
2.688137558105505320e+01
2.692077404116825434e+01
2.736100775390338313e+01
2.793338008197450861e+01
2.863768203996376727e+01
2.918385429512407114e+01
2.912534748805636653e+01
2.898991107831663072e+01
2.894019049648287734e+01
2.905523906625792208e+01
2.931685754953706891e+01
2.949507284219845715e+01
2.940653063752511542e+01
2.918588857523546309e+01
2.879789845081843325e+01
2.862368583274158951e+01
2.888409480431513643e+01
2.932560426219214378e+01
2.960163716181963522e+01
2.966210880299303909e+01
2.947093559582733135e+01
2.906448997870697681e+01
2.885774787035085609e+01
2.894389966266590264e+01
2.918948719581782569e+01
2.942382987878126244e+01
2.949610158933118242e+01
2.913381132818129871e+01
2.864570106219285606e+01
2.838692947614893924e+01
2.853085241601031896e+01
2.891966540888350679e+01
2.934121308295028285e+01
2.954563890315899144e+01
2.933416511521661008e+01
2.877642470428838450e+01
2.819311049516946355e+01
2.819851954410259864e+01
2.876073640826752609e+01
2.967389617584711559e+01
3.047180636979975432e+01
3.071795365008236089e+01
3.020382858103329582e+01
2.890973794792032692e+01
2.700547688885712461e+01
2.499779439446587759e+01
2.282546842229725925e+01
1.973133460750645796e+01
1.579626474023139693e+01
1.089295944933621740e+01
4.923718405187594627e+00
-1.067816008790876792e+00
-6.795480312439389436e+00
-1.039332773068107230e+01
-1.255934867404030975e+01
-1.388286410831132045e+01
-1.435215004813159645e+01
-1.568686565008255407e+01
-1.737268666217397595e+01
-1.943802748869465091e+01
-2.117542772865388301e+01
-2.257150321980861918e+01
-2.333933873786340740e+01
-2.419554383399431075e+01
-2.507600472990448282e+01
-2.650850185578884677e+01
-2.802716984109947163e+01
-2.911474556153243398e+01
-2.973686834470116480e+01
-2.970455066646167808e+01
-2.979537528520206280e+01
-3.016596436833625816e+01
-3.087205279277372227e+01
-3.209265961239367471e+01
-3.312740734831290013e+01
-3.370931626264415826e+01
-3.387748556971522618e+01
-3.371037105073201445e+01
-3.383017483483246934e+01
-3.416214403148058665e+01
-3.460176428172170660e+01
-3.506818136568342226e+01
-3.532755502217398202e+01
-3.541266672015066064e+01
