-5.921665211435557019e+00
-5.921665211435557019e+00
-5.921665211435557019e+00
-5.921665211435557019e+00
-5.921665211435557019e+00
-5.921665211435557019e+00
-5.921665211435557019e+00
-5.921665211435557019e+00
-5.561858294236668776e+00
-4.834843220859916357e+00
-6.404728552350205995e+00
-6.497588342092712743e+00
-6.668501188749252684e+00
-7.351685926001457538e+00
-7.038798691889372350e+00
-6.618455828933670126e+00
-5.597518230305925435e+00
-6.190778671525919208e+00
-7.357218958813339427e+00
-6.631918187093093664e+00
-6.441136969332449169e+00
-6.676003755172233767e+00
-5.771610185242261437e+00
-5.391509707013073971e+00
-5.925318457556888241e+00
-6.720519147024789142e+00
-6.680190852573163696e+00
-7.061158988157924199e+00
-6.728099717428082549e+00
-5.711791251919710710e+00
-5.990515923405140164e+00
-6.665097023511441954e+00
-7.103352660165037413e+00
-7.404970966966689438e+00
-7.781458816822313551e+00
-6.660439616630496218e+00
-5.797754852098607081e+00
-6.105404432015563820e+00
-6.574682073902730295e+00
-7.377947018150873504e+00
-7.984682157507108080e+00
-7.567057450262682394e+00
-5.053088285907163524e+00
-1.839257495875682213e+00
1.394011704126570717e+00
3.572726289200549132e+00
5.918616815488803695e+00
6.502378945349420292e+00
7.528989090819441010e+00
7.583490176321613596e+00
8.388730988642546293e+00
8.334799703688471340e+00
8.125758590026402217e+00
8.023657966114496887e+00
7.963517451793061142e+00
8.466346807031531085e+00
9.457034385679678579e+00
9.635804770124018148e+00
1.006205071001207862e+01
9.648939266619363408e+00
8.678021332024949075e+00
8.417937227466909533e+00
8.652525318352427774e+00
9.119345526554699433e+00
9.697054812945074431e+00
9.552872621043844603e+00
9.575168778858209606e+00
8.599547652796699637e+00
8.299742826482791713e+00
7.960844985860685341e+00
8.503702925769418997e+00
8.672670462645353240e+00
8.678026816630511675e+00
8.988204659284649622e+00
9.286792594071872742e+00
9.503081871340366860e+00
1.006810835602518495e+01
1.024515115640254415e+01
9.678364288888804623e+00
8.516195470328932871e+00
6.956289743369701739e+00
5.705506851564099868e+00
4.522903184774063057e+00
3.241874316710157355e+00
2.035724445572511421e+00
-1.124957715642698752e-01
-1.957040261977528672e+00
-4.472685372114189484e+00
-5.232649095470208067e+00
-5.350640535433613287e+00
-5.803649197491036915e+00
-5.314711586193911153e+00
-5.717626085885464171e+00
-7.127376982739617617e+00
-7.918410935604971002e+00
-7.593780667789255645e+00
-6.492140705269106249e+00
-5.899829239865476360e+00
-6.051219732566517351e+00
-7.810718251150784219e+00
-9.666814428436385498e+00
-1.207596995613074853e+01
-1.178180259262938456e+01
-1.029735486705482472e+01
-7.040562898802410707e+00
-5.356524702471829436e+00
-4.156167472294667320e+00
-5.327924906971714947e+00
-6.872208276512228764e+00
-8.474283064144403355e+00
-8.040111839846364461e+00
-7.630479463340138047e+00
-6.829780970200932444e+00
-6.159009696042104132e+00
-6.848335499911263113e+00
-7.574404447299865062e+00
-7.714733440393295894e+00
-7.280272383470958175e+00
-6.950160741802286601e+00
-6.589024956558877655e+00
-6.934360498325456312e+00
-7.869016700096980621e+00
-6.891898615290542374e+00
-5.592749291633665187e+00
-2.875347725833807822e+00
6.273258854257729444e-01
3.242450504083592033e+00
4.505796017133368636e+00
5.467948189577394480e+00
5.606025659644378933e+00
6.204174199827379610e+00
7.113381667505686679e+00
8.053378172053971440e+00
8.394660956632492343e+00
7.809546242893232737e+00
7.366200631964613166e+00
7.044024439591606956e+00
7.287377713549177294e+00
8.119356225038218966e+00
8.659730741067262372e+00
8.573881056390293409e+00
7.902932236404600630e+00
7.465694837535599149e+00
7.330329819038674088e+00
8.122368837523731955e+00
9.420813963386500234e+00
9.869272838066436293e+00
9.774460708346349946e+00
9.207030548240497936e+00
8.139602689806404001e+00
7.371038734162620010e+00
7.852395288734203227e+00
8.126601709927536277e+00
8.518325104966379513e+00
8.387179191657786248e+00
8.129995824388833725e+00
8.505730821220108595e+00
8.593078201411666228e+00
9.755904548134427756e+00
1.022719810717574518e+01
9.160450365087550395e+00
7.497717251705806163e+00
4.333248272722375560e+00
6.018558845011526826e-01
-1.508248580776289982e+00
-3.520087553369248834e+00
-3.946112562375515775e+00
-4.085546936181321698e+00
-3.979580096317836269e+00
-4.280345781924094872e+00
-4.893129548715658750e+00
-5.146286818682453301e+00
-5.048555374765354209e+00
-5.766797360790965499e+00
-4.840260378063622859e+00
-5.389265744914693457e+00
-5.347598119676149508e+00
-5.443264803304511901e+00
-6.384292189019715735e+00
-5.688578789937770885e+00
-5.499506208189997913e+00
-5.871618015205058327e+00
-4.921695476306815031e+00
-4.332290241034711720e+00
-4.926246000827131155e+00
-6.042093162088584712e+00
-6.362368392093375569e+00
-7.493790794486326234e+00
-7.273188310331083706e+00
-7.496075944159339421e+00
-5.439896199552404887e+00
-5.676493061667335915e+00
-5.252430430235452086e+00
-5.451515457194938463e+00
-6.778287011694691166e+00
-7.013274897975651179e+00
-6.772676696758805015e+00
-6.891697504039100863e+00
-5.771741077319230584e+00
-6.048614846975117310e+00
-5.550218893282534260e+00
-6.429640938072507694e+00
-5.820635608993002919e+00
-4.037534148124100497e+00
-1.828366455168320748e+00
6.968350996600658487e-02
3.524261738142864253e+00
4.604020492968075473e+00
5.924108417652240277e+00
7.142756147185011173e+00
8.061000222716787178e+00
8.777421902849971147e+00
8.805120576021058909e+00
8.819420010459893433e+00
8.692516522707283144e+00
8.320553595733091612e+00
8.534211934528165955e+00
9.205840708104403802e+00
9.610249564364007568e+00
9.776644168115643296e+00
8.764222475707208915e+00
8.443474739948772623e+00
8.883968963697386201e+00
9.051015007020454917e+00
9.879455730886251175e+00
1.029523481519887440e+01
9.799558493140370530e+00
8.748042372135476086e+00
7.672698667092701541e+00
8.408760027356406042e+00
9.188023585930830350e+00
1.106427253938839428e+01
1.206980050555402961e+01
1.221742690221805994e+01
1.122765219151393801e+01
9.811447045836588998e+00
9.480339986742944092e+00
1.011199669223010744e+01
1.060081580779512400e+01
1.002047674657712584e+01
7.792009381395828882e+00
4.105517454068810856e+00
1.063777121455286023e-01
-2.961615309547497965e+00
-4.502152405241941935e+00
-3.344342285114954905e+00
-3.982857755479023876e+00
-4.350073966979863371e+00
-5.229179869469571251e+00
-6.504971885078013827e+00
-8.009704517236844623e+00
-6.926554860594094087e+00
-4.994576261672361461e+00
-3.950062973330481064e+00
-3.231824846277544960e+00
-3.697771647365540204e+00
-4.605744064251039660e+00
-6.270677637714136665e+00
-6.621836198626898096e+00
-5.999908101862802212e+00
-6.408396224379127482e+00
-5.881776870196597784e+00
-6.297553185348045091e+00
-6.239834837863215355e+00
-6.951757573300524129e+00
-6.224549660766228065e+00
-6.132689577360992850e+00
-5.762076042939244580e+00
-6.297002427607832686e+00
-6.499316305032982299e+00
-5.867686418673958570e+00
-5.909180521380366535e+00
-5.423389991759479223e+00
-4.469631763059364715e+00
-5.042744103823450175e+00
-5.582584674355526744e+00
-6.598626031928790603e+00
-6.494765341752290588e+00
-6.855440283178464433e+00
-6.415038228828084499e+00
-6.226489194367905711e+00
-6.168724390688125503e+00
-6.533669175355763414e+00
-5.557474954010263701e+00
-3.127188292440080453e+00
-1.041216075917170247e+00
2.250666086314085490e+00
4.443151911633265172e+00
5.458858150190463832e+00
5.489949799538573316e+00
4.880098900258686534e+00
5.079500639904208192e+00
5.714080868006104375e+00
6.593048699208614138e+00
8.166137864068335972e+00
8.416895397356377373e+00
8.990451859035903937e+00
8.704430903956506427e+00
8.906219255104259602e+00
8.626642931665310599e+00
9.110911957622402468e+00
8.559454391314710975e+00
8.593912001482143737e+00
8.413269725714261682e+00
8.736994282969311243e+00
8.863690670233042468e+00
9.353171931516900628e+00
9.261353777168700674e+00
9.470473157991724733e+00
8.270933687140230361e+00
7.874471923204287016e+00
6.866973925807856816e+00
6.058039021397162216e+00
4.266528577443606807e+00
1.944374711664674127e+00
-3.111982426039952010e-01
-2.556119886232565364e+00
