-2.190401883962132246e+01
-2.190401883962132246e+01
-2.190401883962132246e+01
-2.190401883962132246e+01
-2.220114858672120306e+01
-2.326302595017541464e+01
-2.352841910125329505e+01
-2.345990751486225534e+01
-2.321215984878604743e+01
-2.348217929914814661e+01
-2.384307675114190772e+01
-2.375834279312524089e+01
-2.350819153102957060e+01
-2.323905572436350653e+01
-2.312338371983057073e+01
-2.320646530426840215e+01
-2.327807541850877371e+01
-2.322002261559121550e+01
-2.296648584400864479e+01
-2.272169990886347790e+01
-2.278637335616834747e+01
-2.299115064610393588e+01
-2.313236658944621738e+01
-2.319566270414007647e+01
-2.302077686852716809e+01
-2.260042622921013233e+01
-2.252464049575321425e+01
-2.270021779091627323e+01
-2.290766737177611034e+01
-2.306408708205271196e+01
-2.302805098082882651e+01
-2.262276028881622736e+01
-2.227596841576646369e+01
-2.249266742592436685e+01
-2.275574365850576797e+01
-2.291265980380398659e+01
-2.305239170574099816e+01
-2.269794825532314420e+01
-2.231255047885110088e+01
-2.210287554789777076e+01
-2.231837987982801863e+01
-2.291704307191747958e+01
-2.335426297578787569e+01
-2.317594062070806871e+01
-2.276503911765566102e+01
-2.212811022579074205e+01
-2.188897737693400458e+01
-2.195042866264153858e+01
-2.246256372541287050e+01
-2.255768081915212520e+01
-2.218132336308363151e+01
-2.150458089974327436e+01
-2.096161333311307828e+01
-2.121687123575074807e+01
-2.222869027266781927e+01
-2.308008972923341418e+01
-2.351147317181145269e+01
-2.286392395785086862e+01
-2.050840996605308320e+01
-1.677517047880688139e+01
-1.266268066213381260e+01
-7.578458597363389337e+00
-1.792813632590644746e+00
4.518204378573728697e+00
1.043069519615750274e+01
1.720338383709898267e+01
2.255891047504034219e+01
2.702212535214248845e+01
2.942566556305087744e+01
3.102301918889214249e+01
3.224152272345725123e+01
3.213689347242085148e+01
3.215049532185039283e+01
3.157786680479406982e+01
3.142495731564466155e+01
3.115962465202947484e+01
3.201119839271413525e+01
3.356706426556542056e+01
3.585777875361137035e+01
3.737925979413695643e+01
3.772262727269217919e+01
3.726062414167711978e+01
3.551612555181991127e+01
3.355341195990303049e+01
3.226713224365758492e+01
3.131269570396493052e+01
3.083330921474260933e+01
3.054290255585295100e+01
3.049490465613630263e+01
3.047668334411929081e+01
3.079217372663130092e+01
3.122624692156168535e+01
3.156391051059629760e+01
3.157615064055807252e+01
3.118295469058317693e+01
3.086817647097213424e+01
3.064691776845981508e+01
3.112958797019124901e+01
3.199697067912851622e+01
3.310867707043608732e+01
3.357257341408053719e+01
3.352345886158355626e+01
3.282837635319675940e+01
3.193755675023714247e+01
3.118282290693297298e+01
3.077444970800913993e+01
3.098741794776945113e+01
3.131212458650591657e+01
3.136532489144428837e+01
3.173104603491249165e+01
3.172460994580593763e+01
3.144602693189822773e+01
3.118299378178644332e+01
3.136136733723004966e+01
3.146551927034175833e+01
3.183401618022637791e+01
3.243927869226129701e+01
3.250887647145658832e+01
3.228755294099997286e+01
3.190157040960879797e+01
3.149388741491972254e+01
3.211464569531429447e+01
3.349693078319513972e+01
3.519523755050749969e+01
3.761040088364887168e+01
3.921604324078047910e+01
3.964737710302921414e+01
4.013343616205627029e+01
4.044628665025723535e+01
4.097134851533478184e+01
4.210629831129302403e+01
4.267560575156999647e+01
4.286477461620272322e+01
4.196845409127718085e+01
4.166108738072812656e+01
4.199388557927595400e+01
4.351336932866880147e+01
4.536445164030907051e+01
4.614338838134036536e+01
4.423437235661716471e+01
3.882093779370036657e+01
3.087145261605387603e+01
2.296463358622429141e+01
1.616408690147882510e+01
1.074338994868676522e+01
7.529768316386935112e+00
5.302640548126388964e+00
1.175380808347137540e+00
-3.110811405619606784e+00
-6.355357544793479363e+00
-9.686413527870257667e+00
-1.057630314441918351e+01
-9.991574540422686113e+00
-8.883449797530163394e+00
-8.379194229508813763e+00
-9.152651396684923668e+00
-9.667546790095521203e+00
-1.043309419716140063e+01
-1.090627998719388181e+01
-1.049098455808058006e+01
-1.063502536527954589e+01
-1.139960667226350566e+01
-1.221364139463658738e+01
-1.332863692427525670e+01
-1.381487785263145973e+01
-1.370991010475641048e+01
-1.344366229854102279e+01
-1.351879066054352307e+01
-1.382454925016307890e+01
-1.452237559820256863e+01
-1.514858161216331212e+01
-1.543876079022590808e+01
-1.522313185266306590e+01
-1.510539723690887470e+01
-1.524854011005395549e+01
-1.561047978321464846e+01
-1.613587165895854625e+01
-1.647200017641874226e+01
-1.654836452539752401e+01
-1.635457230810350637e+01
-1.611146792903535641e+01
-1.621722097061586609e+01
-1.659420651091389232e+01
-1.691268242835128177e+01
-1.700460666919900987e+01
-1.696219934859692913e+01
-1.680889914581517530e+01
-1.685609381016919883e+01
-1.704306266215767351e+01
-1.736874160071676698e+01
-1.763428712425920963e+01
-1.758705851211198024e+01
-1.734460574570170976e+01
-1.716735228408666103e+01
-1.720115912536861202e+01
-1.734981112187918839e+01
-1.763630391530350394e+01
-1.771985394868767472e+01
-1.767500868661454305e+01
-1.750571627697439681e+01
-1.747755177468217624e+01
-1.760131198521137819e+01
-1.783838145963901312e+01
-1.799736535174750429e+01
-1.787354927092868451e+01
-1.758015377479268437e+01
-1.742271538608256165e+01
-1.738836059960464908e+01
-1.754102067530069320e+01
-1.778824205781653944e+01
-1.779696129058813270e+01
-1.778110229710734913e+01
-1.745176122646076422e+01
-1.733313674113148295e+01
-1.740345044487829540e+01
-1.756935597260896742e+01
-1.767767403071183807e+01
-1.771556713722366183e+01
-1.746601802715424867e+01
-1.729406465692551009e+01
-1.714475546517510907e+01
-1.730173717484175810e+01
-1.763297249980258385e+01
-1.780139874648194365e+01
-1.773404567090172890e+01
-1.742414026587525910e+01
-1.712348797912449072e+01
-1.699065483552805489e+01
-1.707987212810963129e+01
-1.754101565600137747e+01
-1.796037504207445323e+01
-1.819730957953487049e+01
-1.811717339903898960e+01
-1.783472097943341694e+01
-1.768619669456419530e+01
-1.742707785173430679e+01
-1.722301010817675504e+01
-1.741492537535776819e+01
-1.746294073252003187e+01
-1.735659758747672754e+01
-1.733557976020115987e+01
-1.723913781257918743e+01
-1.725036999712810015e+01
-1.727170654640918457e+01
-1.723865987956675028e+01
-1.736847410671509095e+01
-1.748160056730101175e+01
-1.737826054648148855e+01
-1.716258462371649429e+01
-1.717751723649518070e+01
-1.724407169260376449e+01
-1.721984648035707366e+01
-1.739388731457044557e+01
-1.765355210777337902e+01
-1.764724222177401458e+01
-1.738482522315061374e+01
-1.710764598231180855e+01
-1.706470276322219704e+01
-1.711889956878385277e+01
-1.726253776749479130e+01
-1.746706352134327744e+01
-1.756802547787791369e+01
-1.742132245954789482e+01
-1.717887593567750670e+01
-1.693639152323169483e+01
-1.710936349515141330e+01
-1.734230704895827913e+01
-1.745958225075695580e+01
-1.750721935476126490e+01
-1.749128602528401188e+01
-1.747546551909941215e+01
-1.751998716640092368e+01
-1.782270354858631478e+01
-1.793961692484960224e+01
-1.783729874452637532e+01
-1.740838729379981942e+01
-1.708976244875784190e+01
-1.729211377602917921e+01
-1.794913117148171366e+01
-1.825289906518801430e+01
-1.751040426744154388e+01
-1.511801746625315879e+01
-1.041223648453246575e+01
-4.382767756506214418e+00
1.837895835403677403e+00
7.234552239686015795e+00
1.328441409831090425e+01
1.883571506132294360e+01
2.506951694851385426e+01
3.192178597370822501e+01
3.679770985948259465e+01
3.985199985563856728e+01
3.887066840260673928e+01
3.495227841463365337e+01
3.156503308125107665e+01
2.974464594021337760e+01
3.005167151915527057e+01
3.301590797224935159e+01
3.619729785303223224e+01
3.765245345259214815e+01
3.711560031614360611e+01
3.647502701826238081e+01
3.630309966571908120e+01
3.743939871301656552e+01
3.977289949208378772e+01
4.156836098402349222e+01
4.134031159299296831e+01
4.012484756368501593e+01
3.838424063536247388e+01
3.805037269143183210e+01
3.909576215382676878e+01
3.997309338148077273e+01
3.786999551944823850e+01
3.240816192172469101e+01
2.363706778555745558e+01
1.314652737380558989e+01
4.674912372173921860e+00
