19.666111814859128515
19.210630689570795226
18.842784201229726193
18.635891309446595443
18.616834600499032604
18.760360935590874476
18.998565273950077881
19.243752217976641816
19.416182865356031328
19.468022994221431787
19.395693660065152386
19.237139838755954457
19.055730117927968337
18.916863631716616112
18.865749210757737586
18.913697856057311242
19.037153492007671929
19.188614570433809803
19.314814888648896840
19.374944710965994688
19.352686027159119675
19.258263294888429584
19.121175153747518749
18.977277221257391915
18.856055255243838076
18.772747816023379386
18.727897246126136821
18.713068022596665685
18.719367756150219861
18.744019417017099727
18.791960389777749185
18.871557184741412527
18.986954765417642932
19.130869268656052640
19.282120693697176961
19.409702958855504562
19.482719971858397656
19.482191627506093567
19.410001543863426576
19.290540383820353298
19.163860492316018735
19.072107609637164671
19.044421004180183132
19.085923149711220503
19.175600575691152727
19.274027463152133777
19.338522949554707964
19.339775813000045446
19.273715849718925597
19.163591958731256426
19.051470090045643957
18.981997048413340679
18.984900402897849858
19.062799334674703999
19.189454088491306294
19.319058071388759856
19.403391533601627827
19.410035981055290932
19.334890792135535520
19.203877445402916635
19.063398576951090746
18.962946480900807700
18.936801330166712631
18.991569075102184172
19.104534055566087858
19.233072114273134900
19.331613488533278655
19.369249314690247132
19.341424211789806975
19.271008050438094727
19.198719095127785295
19.166460227533434590
19.200322452587585076
19.299521560464665271
19.435693667894248904
19.562467973095106544
19.631914033944990905
19.611498348848282802
19.495730061590990090
19.308316827809740346
19.094739677096711716
18.907981993396667519
18.792765479102733650
18.773112555219000797
18.846887323715456830
18.987742956195216237
19.153085448331381713
19.294836406573203647
19.370533475252731392
19.352915658010097388
19.238058218399956445
19.052178331230347652
18.857338704204984481
18.754382416262700417
18.880693372237953298
19.399488038604264517
20.479293720447010685
22.264663641988207132
24.843428906079218166
28.218120913824165541
32.290515716112444977
36.865479779932350368
41.676076952246589258
46.425306334212521620
50.835222903007100115
54.691127353772564845
57.870346105450671814
60.349234545367835381
62.189169167590669929
63.507827856974657266
64.446162451104740398
65.140652622266188132
65.707299096014423867
66.237676554026762687
66.802879073756301409
67.458120447490998117
68.242398943997528704
69.171115734170712130
70.225273587671281916
71.344094521511024709
72.428929703594334910
73.362266834427103390
74.039921641722912682
74.407307160755195241
74.487241337825878418
74.386872410546686751
74.277659326108619098
74.350917236007887823
74.761303920395590694
75.575843457422010374
76.746416091739078524
78.116335585194207169
79.461044668886913200
80.550625395350408553
81.214387898704174518
81.386081804566671849
81.115292648112372831
80.541890443156233914
79.844053714855363069
79.179215518607492186
78.639969862712632676
78.240253853856728483
77.935481934505958179
77.666012484533624161
77.404023190219717776
77.181274393325963956
77.082824374568161829
77.204892814061722106
77.591042020190457151
78.171377526088519971
78.732234648847580161
78.934969386858071516
78.386676664239658407
76.746103960360258611
73.833837939648773840
69.710334465462196363
64.693255730156437266
59.302692575381641404
54.145926022243273223
49.772634078076286812
46.542439357422324520
44.543388239651108051
43.585358488039133817
43.269050082726124629
43.108856805121178013
42.671640744157194547
41.690496450819082952
40.121486968959558794
38.130906609167567467
36.022057779386543075
34.128924951696028245
32.711656229423049069
31.885730963326750498
31.602745616975241205
31.683291376781330229
31.885376101648670755
31.982859342219764898
31.827640186684480028
31.378337794295820373
30.690916115485947557
29.880432174502054465
29.071014549182653042
28.353200876969577138
27.761856863681895646
27.279066986080866997
26.856168155252600371
26.443357568255404288
26.013667240602465824
25.572674678056010578
25.151697046838624061
24.789715894562952769
24.512879321833430879
24.321072762615141727
24.186765963356116060
24.066264905606143287
23.917736261200950310
23.718317023358480355
23.472848625238473375
23.211069853121390594
22.974471647466014446
22.798717875315379189
22.698625914754757105
22.661950560437599478
22.653971323360867274
22.631035091245340851
22.557219024295317666
22.417774479529253284
22.223987983718231476
22.008142479938925362
21.810616779609599547
21.664597994171128192
21.584029170324349423
21.559427700784215887
21.562492205271787782
21.557575740892634286
21.515134791424255667
21.422327733585962761
21.286782584650765671
21.132835122696757679
20.991832474464864333
20.890645199738248294
20.842357908692296320
20.842520134858787628
20.871584054159342259
20.902439547633832717
20.909796194199255837
20.878358703102243510
20.806967561196316296
20.708015798267620511
20.602546219003183836
20.513221511588010770
20.457207195704874891
20.441246305645361048
20.459785304804015027
20.496615599339953917
20.529105718263831903
20.534174852026300329
20.494371874613197093
20.403008413044645408
20.266871941569679194
20.105940389941849844
19.949474994357984770
19.829219885946272939
19.770770745111057920
19.785551331313623535
19.865598697927993044
19.983527520599352556
20.098237263538699438
20.165705981465308128
20.151821246641961949
20.043624531155550983
19.854832740538181923
19.623527473352833539
19.401814934104780974
19.240568552604209174
19.173777272871827648
19.208028987728436476
19.320656961033364496
19.467752026493645445
19.599262279241273177
19.676298788777188520
19.684275504295026593
19.637364109223693021
19.572264562626170203
19.533696399652285436
19.556602637704134651
19.651916181227189639
19.801034658788136511
19.961533164083370195
20.081970061400795657
20.120718478114774541
20.061623683727507483
19.920853316099375263
19.741959572120268973
19.581017875690999830
19.486879977219086157
19.483956187567041951
19.563558601066151965
19.687256735096344329
19.800810453188066873
19.853915428317783665
19.818392552287953379
19.698568508837521307
19.529942510432011460
19.366969798129709091
19.264128353469970989
19.257213827437489329
19.351041425535154161
19.517816013912892004
19.706111638365413796
19.857299290741455167
19.923448433691369530
19.881116934097409654
19.736738535447475584
19.522895771575083046
19.287279448209151411
19.078688713598683790
18.934290734741416884
18.871765698339519446
18.887419130602037143
18.959831371721957538
19.056772063824286789
19.143317435059639564
19.189151052077715320
19.174411284875567674
19.093635041012376519
18.957966276200767908
18.795024062881996230
18.645900618110996305
18.558401506307234285
18.576840110548765495
18.729742520895705127
19.018644052083875096
19.411688574274606367
19.845454212747370093
20.236322757730242472
20.499681749055337576
20.572442420826178022
20.431879441443147272
20.105437563108988996
