13.470611397073341209
14.075888255637851287
14.392630047016773176
14.409653877029912294
14.167851220431110448
13.748680127746002455
13.255215728363143768
12.791167071733656968
12.441136773884926114
12.256350103206768765
12.248223293321823135
12.390635905345625645
12.629910008564813495
12.899815678078264014
13.138174659898728791
13.301178819993474178
13.372503640679640924
13.365206883398336402
13.316443903697715356
13.276243364792588153
13.293313190120851885
13.401037718448691294
13.607193829290553211
13.889593209204980084
14.198983600735068933
14.468435879895368501
14.627472602580006367
14.617634537714348397
14.406327783407315124
13.995632233151841461
13.424311138896523943
12.762189739125842536
12.098196016758112847
11.524182555794158844
11.118054311136294388
10.929353568995198387
10.970459026677996661
11.214863111416226715
11.603054136891664427
12.054450533373085364
12.483154798421367104
12.814041620206303662
12.996237074814697365
13.011134976185736889
12.873825096749339281
12.627670407981225864
12.333712596581081655
12.057060965104104966
11.853478838833753528
11.758671909671603473
11.782621419929881768
11.909596996178159145
12.103760543688428797
12.318543750464577613
12.507773037732620836
12.635705772239809619
12.684047750444836566
12.654268423290846002
12.565206114393131287
12.446517194668343720
12.330003271057929481
12.240757190792775688
12.190593745442132700
12.175100617498420874
12.175289640741210562
12.163169226785869981
12.110144899707501409
11.995914704124444938
11.815912812549033362
11.585110857233711812
11.337340786609889420
11.119777222950192552
10.983879148410260029
10.974390225249242903
11.119041411725451240
11.420973784017705910
11.855917459290161275
12.374635255519951471
12.910582055960151848
13.391079814319565955
13.750107293103798867
13.939910365101860990
13.939431440987380739
13.757674225044279837
13.431722031933599482
13.019677790311337873
12.590361642485870419
12.211662857542023630
11.940179889733951057
11.813856319515474880
11.849133792683094413
12.042557609996073609
12.376330836438789618
12.825928765562963463
13.368049869603034097
13.986659369297694155
14.675971922393408420
15.439476967611890146
16.285654543769691571
17.221316548245525269
18.244656383524176846
19.339647619492961184
20.473687506234007571
21.599088302305897713
22.658662906582723195
23.594126605622335546
24.355883647394168889
24.911836224220426317
25.253550621291019240
25.398097586691907424
25.385349600360282096
25.270946443315214225
25.116626646963794656
24.979637711251623244
24.903668427324777923
24.912833715479855812
25.010083413383693340
25.179846511813661181
25.394309389313569625
25.621367101916309394
25.832486907090807193
26.008251433747538783
26.140508598464762713
26.230391626206255751
26.283096690320117972
26.300645788250651691
26.275017173398062198
26.183519104207562123
25.988400058412711502
25.641189994055466173
25.091671869928447336
24.299628463338294182
23.247196343026729437
21.948685934319399848
20.455541078786311004
18.854375467271509592
17.257912815631993197
15.789587773133268556
14.564544227524844899
13.670163558878243748
13.150161752198341603
12.995282308516058478
13.143059976095807784
13.486914521034705672
13.893594249193327528
14.225763437445555937
14.365981505119554740
14.237371825144975901
13.817345956215977054
13.141432497771500465
12.296650266247283412
11.405288154487623231
10.602342368626167968
10.010531086810491530
9.717832898254680885
9.761460622695562250
10.121499654727964312
10.725031401323532165
11.460113923467138974
12.196575574519473051
12.809877263768271405
13.203232948544453507
13.324156419299709952
13.172206406996098238
12.797010622290049042
12.286985185567759871
11.751474193907293753
11.299653401474621717
11.020577227080131877
10.967806780576346171
11.151563830496334262
11.539224434609003822
12.063850174857025266
12.638373631430599886
13.172627095802853958
13.589484303240556784
13.837337043796594571
13.896514586673941238
13.779170886718182132
13.522990530483665950
13.180828693626844839
12.808541111900154874
12.453976889848592080
12.149078620203971113
11.906717016603094450
11.722176829244803642
11.578694932503795556
11.455046557842516464
11.333378109903980757
11.205032306361051297
11.073275313991871371
10.952135176171296393
10.862103880886431639
10.823687105614826720
10.850843742384990165
10.945812024676341068
11.096997060830638304
11.280274959922095945
11.463758112630529240
11.614654682429227606
11.706866315450364269
11.727212226888699576
11.679011555487482710
11.581813177900192713
11.467507789483232017
11.373363641948063929
11.333810211606174079
11.372562949806553689
11.497176351359160051
11.697024733371705452
11.945478712319859582
12.205533527266643645
12.437892187856917303
12.609383804820003760
12.700057394675484446
12.707043515489237606
12.644570266659039603
12.539871884301346583
12.426244503493322213
12.334643500222936652
12.286129675027675390
12.286750783361858552
12.326435532436203601
12.381986679974035681
12.423815452106010682
12.424578298820829758
12.367894813406175913
12.254665086834954479
12.105521296876537107
11.958239662333287612
11.860638958008861366
11.860032796823121615
11.991745870844786381
12.269022491264397701
12.677056288789103178
13.172550017605166417
13.689632426445021096
14.151038178507743481
14.482802050755912759
14.629289365307061033
14.565697522760624238
14.304984036221517485
13.897758581056967486
13.424513076849901694
12.981681611344646043
12.663786348184345343
12.545361156361112265
12.665947102855586337
13.021481091022696575
13.563638765056399649
14.207688890301687579
14.847179279553980535
15.372953850151827027
15.692578240183554072
15.746712707794781494
15.519035943193561167
15.038167553723660319
14.371094255943296147
13.609842253046748439
12.853910002460061435
12.192307969989910177
11.688492605545755865
11.371336119433365752
11.233402635887976828
11.236783036923332801
11.324618870937745996
11.435842838653845988
11.519530373137266466
11.545996321876250690
11.512044468719656365
11.439681417743130964
11.368555551024101646
11.344326653433620677
11.405527607191741524
11.572327410663643121
11.839607863300741997
12.176300670352214084
12.530955014827711125
12.842605355351489393
13.054244134754785733
13.126110107799924265
13.045467103854731405
12.830828328106314018
12.529266556193533688
12.207519118800840729
11.938466197244823164
11.786155275053479485
11.792389119892000338
11.968124836384415488
12.291381954858820791
12.712460825442457590
13.165129075724312457
13.581601702998728598
13.907730593360515314
14.115222512471016003
14.207786250900419134
14.219916612730678196
14.208132783924192211
14.236690946826097814
14.360591719467759475
14.609913755799789570
14.978867795519116513
15.422555019847987268
15.862363464348637976
16.199578145489734737
16.334521295486858605
16.187701613712075499
15.718428400570433112
14.937117340203714733
13.908255065725107613
12.743172579210133577
11.583447546367658276
10.577972405480064566
9.857782747295219750
9.513468226078105161
9.579442818095960988
10.028047154248428185
10.774795627742598469
11.693361589973440218
12.638420181918183616
