-4.623373407361631493e+00
-4.623373407361631493e+00
-4.623373407361631493e+00
-4.623373407361631493e+00
-4.623373407361631493e+00
-4.623373407361631493e+00
-4.623373407361631493e+00
-4.623373407361631493e+00
-4.826665117563611496e+00
-4.662366683350336771e+00
-4.498068249137062047e+00
-5.481364443931950881e+00
-7.430323934237527794e+00
-9.267354094115937357e+00
-1.005625738942367065e+01
-9.675197246959388764e+00
-9.293886639319422827e+00
-9.492417928627908452e+00
-9.615647049210499731e+00
-1.001818526796338205e+01
-1.022386917328872968e+01
-9.773442954654328219e+00
-8.660218883813262991e+00
-8.016415115116718226e+00
-7.935574785390227426e+00
-8.628650380536708298e+00
-9.926489901312240960e+00
-1.084275226811979742e+01
-1.022321185081770523e+01
-7.778180002486468680e+00
-4.606494851651769196e+00
-2.188821042352544488e+00
-1.351851985841507675e+00
-2.549434228127864799e+00
-4.908920667527717718e+00
-6.897492836431549534e+00
-7.949638298601352737e+00
-8.546861547076154864e+00
-8.345968342304161069e+00
-8.327947560923071535e+00
-9.646591383640336304e+00
-1.059355201971769489e+01
-9.880941897603101154e+00
-7.359485539492844453e+00
-3.977099927816195812e+00
2.074485168753463782e-01
4.141457497400105936e+00
6.936361209838851849e+00
8.285826869278535511e+00
9.577526155593114154e+00
1.049949356463234906e+01
1.107546343966303226e+01
1.103661644242780504e+01
1.152608155704843895e+01
1.151896504950744848e+01
1.156583516833710590e+01
1.204582086971040056e+01
1.253110475997616291e+01
1.246869850673581936e+01
1.217145066427244871e+01
1.219181348303849077e+01
1.224814832767537887e+01
1.268968737930892132e+01
1.370210651613804487e+01
1.400904869952757359e+01
1.326144911018941386e+01
1.122623394489986559e+01
9.489351248399588101e+00
8.174287601677171722e+00
8.454624986638098250e+00
9.684390872347568902e+00
1.064546319563563515e+01
1.042292745080144201e+01
9.584972272344728594e+00
8.649534888011693567e+00
7.604814123409598281e+00
7.307341665053950663e+00
8.223236065046020116e+00
9.318806036293146633e+00
9.376449090645401441e+00
8.644934791897831872e+00
8.228218286690774264e+00
7.988508024121804496e+00
7.929411845920042445e+00
7.606108035768261999e+00
6.001682243952849660e+00
2.491259511826800832e+00
-1.543263615999634908e+00
-5.577340392205377029e+00
-8.319676818070307789e+00
-9.015162559536333831e+00
-9.086202431384428735e+00
-1.023128338544852589e+01
-1.094903394846594757e+01
-1.113947337724009401e+01
-1.084805776842132019e+01
-8.514339850823763101e+00
-3.970013195957657448e+00
-5.278359012376312442e-01
8.635034730682028536e-03
-2.425975134652567533e+00
-7.083224528183290403e+00
-1.182948613497483592e+01
-1.379089213678100201e+01
-1.240257117646136464e+01
-9.268116845306964890e+00
-7.037402024223408326e+00
-8.036490332407513648e+00
-1.149429593717403719e+01
-1.569909599013106316e+01
-1.896810247849401776e+01
-1.887807539034657012e+01
-1.525756868775975938e+01
-1.041606228576976534e+01
-7.569797374115138311e+00
-6.574531349347435771e+00
-7.935483212786117235e+00
-1.017729432358091834e+01
-1.152969086244570285e+01
-1.121453310696137606e+01
-9.862666678089659911e+00
-8.507109933818506775e+00
-7.538073622341114444e+00
-7.878664197152106752e+00
-8.328614775895372802e+00
-6.913000765991974106e+00
-4.014048829880287883e+00
-3.304590259371775751e-01
3.297539682178658005e+00
6.402921802542962837e+00
7.308045624397767170e+00
6.915296834842638241e+00
6.515627183635952946e+00
6.312767581148319707e+00
6.350176767271381806e+00
6.647473583288701526e+00
7.580160842703370427e+00
8.186428206060153201e+00
8.197412667545346920e+00
7.882130522242028370e+00
8.160049897081520953e+00
8.152094842554909349e+00
8.130714633475452757e+00
8.640382263575183686e+00
9.710525436011733902e+00
1.047410712722058435e+01
1.128469565148947140e+01
1.202819711203804687e+01
1.261335599749908631e+01
1.279192433123671258e+01
1.283724369727603154e+01
1.286180146669409474e+01
1.299261341090638133e+01
1.278610909649782279e+01
1.262456325917601951e+01
1.308321674662338907e+01
1.313189438250494945e+01
1.301723614969034415e+01
1.305513081584811985e+01
1.354131392926183075e+01
1.378073176333012562e+01
1.450972618718491169e+01
1.558660934297992284e+01
1.580862277179833519e+01
1.451361911471571098e+01
1.105015461524426001e+01
6.422163677517000124e+00
5.483189018388907598e-01
-4.407527473479779800e+00
-7.286021161288216419e+00
-8.668004460548068835e+00
-8.629751468446091422e+00
-8.045033245677196021e+00
-7.794687263123506682e+00
-9.036137518753363906e+00
-9.673983558643449499e+00
-9.535560974500342013e+00
-8.596184818937089744e+00
-6.850768883620044214e+00
-4.889463500637866389e+00
-3.982029570369040261e+00
-3.782859868900548594e+00
-4.622564447168223012e+00
-5.822344036715040083e+00
-7.023895500466327491e+00
-7.299542936906127544e+00
-8.180812308111164555e+00
-8.963124459187534754e+00
-9.363497680010661739e+00
-8.615770943871559950e+00
-7.974262960431988567e+00
-7.725318308167642201e+00
-7.239165190755157298e+00
-7.100279589149350201e+00
-7.847526780190043461e+00
-8.786036603206436979e+00
-8.401710863709981325e+00
-8.033729999985061099e+00
-8.204557406639905182e+00
-7.941536188032464416e+00
-7.698341352073088117e+00
-8.637682648654042339e+00
-9.218864430423831635e+00
-7.496850558968711553e+00
-4.208188025537601185e+00
-7.337626305913151903e-01
3.199985115634158994e+00
7.241888459631329766e+00
9.867555397520659355e+00
1.103342024258640031e+01
1.176732356196327700e+01
1.280119424376890436e+01
1.335600785542944990e+01
1.336772867751469462e+01
1.329920143042071246e+01
1.300132068813894293e+01
1.220324686045739426e+01
1.102892556556525072e+01
1.071428733200055206e+01
1.106379215656454384e+01
1.181907008608139797e+01
1.257692074827485840e+01
1.327774410370096092e+01
1.357882812935209316e+01
1.278576042189883388e+01
1.100526469757016379e+01
9.265143944467265413e+00
8.332383382156608675e+00
8.106790021323693196e+00
8.888949529644939673e+00
1.069001964797500470e+01
1.214592752923757679e+01
1.202192563745080101e+01
1.024869917759031068e+01
6.940693682935432207e+00
3.447667571608956649e+00
1.319584038853660601e-01
-2.351826410103428522e+00
-4.843998756822873730e+00
-5.899313679063407534e+00
-7.186165072459825609e+00
-7.992722284295813218e+00
-7.799412730442298880e+00
-6.278852845095608259e+00
-5.171577355658044439e+00
-5.030425944701746310e+00
-5.981090772122802157e+00
-8.046058935611949181e+00
-1.031874735232125317e+01
-1.156279466217928942e+01
-1.125543593069826365e+01
-9.785529654754839157e+00
-8.659110664095234000e+00
-7.757982991165055964e+00
-6.850991688069600016e+00
-6.194064611011492971e+00
-6.635183324691397821e+00
-6.866594830823952833e+00
-6.594249397742121488e+00
-6.884210180357361430e+00
-8.102679799590696064e+00
-9.039954634955678969e+00
-8.546787579956559355e+00
-8.045723373649064314e+00
-7.091067380475574389e+00
-6.033482202001117400e+00
-6.214939904515634161e+00
-9.078239631803732834e+00
-1.150590561380980503e+01
-1.189419913360599601e+01
-9.140480555047069799e+00
-4.314872640003633464e+00
1.842199266301747240e+00
5.757694361540290018e+00
5.367477738013264776e+00
9.543980376301188784e-01
-4.378714127021841485e+00
-9.098116773154924175e+00
-1.035234119014745247e+01
-7.637878387029885197e+00
-2.545646049762087415e+00
2.011585343376581569e+00
5.113700546879501374e+00
6.390863808348628439e+00
6.589342554152905151e+00
7.590379904979979386e+00
9.348258003471062949e+00
1.152793420315239814e+01
1.315962370498150413e+01
1.379393859439377756e+01
1.348786779743246989e+01
1.282340520159226394e+01
1.251860539843097087e+01
1.325925789155191303e+01
1.468606016478234189e+01
1.574635189643419331e+01
1.577170269952936721e+01
1.531946415417424490e+01
1.474346743044972641e+01
1.458170895763128883e+01
1.508649383387617959e+01
1.573337156392611291e+01
1.540881251069518143e+01
1.311033948475665412e+01
9.465693804070125950e+00
4.532433714939302583e+00
-5.014155322028597261e-01
-4.519514711109009042e+00
-6.311284785028909994e+00
-6.655198273625837047e+00
-5.871929439556513586e+00
-5.670101615167660647e+00
-5.785078330576218342e+00
-6.738229254821130887e+00
-6.798146203804646959e+00
-7.297682887289192344e+00
-6.878370989233663302e+00
