-2.693181928949903536e+01
-2.693181928949903536e+01
-2.693181928949903536e+01
-2.695015108823475103e+01
-2.693533550217077277e+01
-2.692051991610679451e+01
-2.674510848168771915e+01
-2.650299686833346868e+01
-2.631856923546390448e+01
-2.622713749865447497e+01
-2.629155470675014428e+01
-2.642101260474050406e+01
-2.642586509213806423e+01
-2.625978296338779572e+01
-2.610520077264930094e+01
-2.604566106390237223e+01
-2.610948842210225607e+01
-2.629422212399239100e+01
-2.647537845338976226e+01
-2.651953165392260559e+01
-2.643903089878928725e+01
-2.632291637201881329e+01
-2.627110873789720813e+01
-2.623678199583185133e+01
-2.623878873334911432e+01
-2.624877912515531264e+01
-2.633062511932082117e+01
-2.643406777099081850e+01
-2.659373433718128155e+01
-2.678460620270471537e+01
-2.689441290504274207e+01
-2.689029050044925384e+01
-2.667776817145301393e+01
-2.639477903074000409e+01
-2.611639344531455720e+01
-2.602998213616256962e+01
-2.607166465400323574e+01
-2.622919442299652104e+01
-2.631202076452675342e+01
-2.622297976274872866e+01
-2.605928808247345785e+01
-2.593487755908364178e+01
-2.591110150397772571e+01
-2.601212825881041013e+01
-2.620829334755114814e+01
-2.633031569571844344e+01
-2.618969512146007972e+01
-2.585313168311122212e+01
-2.551619134315870241e+01
-2.540482116066288043e+01
-2.552793717216300706e+01
-2.582307544277371392e+01
-2.613049423051138831e+01
-2.611321532958452707e+01
-2.571847157594849875e+01
-2.525078622937705219e+01
-2.509352882843319321e+01
-2.537424373972852010e+01
-2.596002601477814764e+01
-2.604114948704336285e+01
-2.440484771668035435e+01
-2.012502113521315295e+01
-1.312843621655674298e+01
-4.107754027433078825e+00
4.958715747135437724e+00
1.281116510388503826e+01
1.755613361007388917e+01
1.993535983455040039e+01
2.072173091891956886e+01
2.173115787775934038e+01
2.282477642509543259e+01
2.477851680699647119e+01
2.701303424991955637e+01
2.872816007323737608e+01
2.927329467911150829e+01
2.932744017559597793e+01
2.968171624796389807e+01
3.037295563447335667e+01
3.131540476609260892e+01
3.229906169784199221e+01
3.260485622325745680e+01
3.216440471219576125e+01
3.137636385900930236e+01
3.070554520930707554e+01
3.041844083330904169e+01
3.061766721922808898e+01
3.072901894039676307e+01
3.069154798703385723e+01
3.078989975755785835e+01
3.086052017898973787e+01
3.119411456475574695e+01
3.206784970103518617e+01
3.239782350137599565e+01
3.154713239991724194e+01
2.983375216188063206e+01
2.806218786830380552e+01
2.672904656342802099e+01
2.700276302595144884e+01
2.891094065726329632e+01
3.148181881578734220e+01
3.314709927394227407e+01
3.330279624166919206e+01
3.231107461327792407e+01
3.116424662232119047e+01
3.085686008754547771e+01
3.194469586680647666e+01
3.425988606796898495e+01
3.642474204178760999e+01
3.717525221108798661e+01
3.630041932897724877e+01
3.432178221016955177e+01
3.219383843910499365e+01
3.094137673228473062e+01
3.094386553764783798e+01
3.173109670395320592e+01
3.253827918082979664e+01
3.294061217951202991e+01
3.271999053395845181e+01
3.232017956961644956e+01
3.199919770128537166e+01
3.220698267969651596e+01
3.278382021713736094e+01
3.363652286601551111e+01
3.428947784132452625e+01
3.445600193687859303e+01
3.444632056523845165e+01
3.455135368500879167e+01
3.471145409200391185e+01
3.525461040299012438e+01
3.645021486475411621e+01
3.791972640762497804e+01
3.892053916656973200e+01
3.916082756519211472e+01
3.862204965515535093e+01
3.746134657284908798e+01
3.623445964328287516e+01
3.562759237507479781e+01
3.610373511792650447e+01
3.676044025894202605e+01
3.634250346156471068e+01
3.378823222763835332e+01
2.834772081977970970e+01
2.054797715946740055e+01
1.173518446225076062e+01
3.679601326977131492e+00
-2.313773551849538812e+00
-6.379464001770491777e+00
-8.856870130663923035e+00
-1.071031731179758850e+01
-1.262970758686232209e+01
-1.476791995769384869e+01
-1.621357292435764919e+01
-1.708599968858103324e+01
-1.768517700953865557e+01
-1.786669299066852901e+01
-1.817329085613830131e+01
-1.876958044413163407e+01
-1.939358495021526352e+01
-1.949283150899810835e+01
-1.937315242999106601e+01
-1.901135017626402401e+01
-1.913268032591583534e+01
-1.970293189267101752e+01
-2.086215257593426031e+01
-2.196795588403392330e+01
-2.265017259701037133e+01
-2.275989990931587315e+01
-2.267442935722404229e+01
-2.266705174589992566e+01
-2.292957320306010516e+01
-2.349284510976390550e+01
-2.396094512567853485e+01
-2.405703101125807919e+01
-2.383521324299277566e+01
-2.365857439488010527e+01
-2.372136190763290386e+01
-2.405816056628986743e+01
-2.446688241935416741e+01
-2.474576403277417569e+01
-2.470562816606208756e+01
-2.447866077684684782e+01
-2.433805487758189301e+01
-2.450361262360243586e+01
-2.490272286686192516e+01
-2.527161227753616402e+01
-2.536714684910106854e+01
-2.514987805947385624e+01
-2.487379324590927254e+01
-2.481531166654155030e+01
-2.505320491923288628e+01
-2.544900418164728606e+01
-2.574036833795086920e+01
-2.571200326416432347e+01
-2.536830244015630242e+01
-2.503167200465630060e+01
-2.504621187435144591e+01
-2.541140887298169915e+01
-2.582857854425018829e+01
-2.600527604007118043e+01
-2.581958179630696648e+01
-2.536652219347519477e+01
-2.506165155645577869e+01
-2.522556586267040757e+01
-2.573690774350178856e+01
-2.617389744590735745e+01
-2.622658440986002759e+01
-2.581034884776250493e+01
-2.519224989164439421e+01
-2.496360042781839539e+01
-2.536138326499564144e+01
-2.584374526313257192e+01
-2.523883164598474949e+01
-2.239029779817220245e+01
-1.687955743462340052e+01
-9.024790179856026384e+00
-7.516727890026659864e-01
5.917576744616024342e+00
9.831137665630283351e+00
1.126409806729900076e+01
1.125620563762038628e+01
1.126482789064393408e+01
1.344424510754161339e+01
1.753877625519291072e+01
2.244012473091405724e+01
2.701082213212476546e+01
2.986516025046557132e+01
2.985658287073256645e+01
2.839492294966540342e+01
2.722534609766050195e+01
2.666552068961171074e+01
2.729493217817637785e+01
2.901745353339719102e+01
3.052381435069253968e+01
3.089027338379765908e+01
3.068532635058824454e+01
2.993334779105529719e+01
2.959050479704984227e+01
2.991034062788765624e+01
3.033675415804992426e+01
3.020512688965768433e+01
2.925385273226189753e+01
2.755948605475205682e+01
2.601641295855558411e+01
2.572865467471142864e+01
2.690288143623897454e+01
2.890870753270008464e+01
3.064011199518775186e+01
3.118135205719018899e+01
3.059259764119494562e+01
2.910811598670252565e+01
2.758460978065096114e+01
2.696634832359199052e+01
2.742213000689785574e+01
2.784236215170760076e+01
2.778346919711905016e+01
2.761664612657597928e+01
2.762645228370321959e+01
2.788638223624416312e+01
2.845309988420007130e+01
2.938800634352092089e+01
2.972276195376846530e+01
2.856622042204469025e+01
2.712348967206084538e+01
2.669602906002426934e+01
2.771482694866853080e+01
2.980687249992582011e+01
3.218811925574135557e+01
3.264983412933771945e+01
2.969836067661347556e+01
2.415002120505221939e+01
1.850220353302220033e+01
1.532759131664158048e+01
1.540251043797734454e+01
1.877025841321358612e+01
2.354510160890484372e+01
2.710316249493323681e+01
2.818183347885812751e+01
2.731753976637042669e+01
2.636275949081224113e+01
2.627219288746389125e+01
2.719985311120113991e+01
2.776056130409396516e+01
2.623618141736436016e+01
2.131454158024610734e+01
1.331558553153428548e+01
4.464810324269526731e+00
-3.521380895884463236e+00
-9.286800250921778854e+00
-1.262308695297124927e+01
-1.418959623204436760e+01
-1.506563423686491099e+01
-1.591436644261239408e+01
-1.692310606475393087e+01
-1.760634679733618313e+01
-1.783146963687807940e+01
-1.813209486085182220e+01
-1.878721704676651427e+01
-1.959381255990438930e+01
-2.059591531727691915e+01
-2.159562488722692919e+01
-2.211582220482312877e+01
-2.208010888493859980e+01
-2.197335926493664715e+01
-2.226130590552110533e+01
-2.282295488191326527e+01
-2.351107541219183972e+01
-2.394891710409821428e+01
-2.399824962107776116e+01
-2.370412431348650273e+01
-2.347997526346764730e+01
-2.360197428616239179e+01
-2.404062539413947519e+01
-2.448388339064741714e+01
-2.471162735288816137e+01
-2.466194148762440363e+01
-2.445933813755948094e+01
-2.431412364437752771e+01
