2.323692167899626515e+00
2.323692167899626515e+00
2.323692167899626515e+00
2.323692167899626515e+00
2.323692167899626515e+00
2.323692167899626515e+00
2.323692167899626515e+00
2.323692167899626515e+00
2.323692167899626515e+00
2.323692167899626515e+00
-3.920595210235403361e+00
-7.374422535238815968e+00
-9.306599594462181102e+00
-9.343259779231877005e+00
-7.532841934732205758e+00
-5.681108800755524157e+00
-7.391002729799451387e+00
-7.522766477373969529e+00
-8.250079555574462375e+00
-8.536977805172750067e+00
-8.904663570523096539e+00
-6.850055274093667990e+00
-6.139589924348399563e+00
-6.162113064626884906e+00
-6.942362837485179128e+00
-7.622872463785393293e+00
-7.435600924635570763e+00
-8.097742406092139689e+00
-6.899763598328297221e+00
-7.378062487287678550e+00
-8.116566700285423153e+00
-7.136643822792271052e+00
-6.956846365054214054e+00
-7.520143391627849283e+00
-4.940912164088251401e+00
-4.370518330779356475e+00
-6.427896140063632302e+00
-7.678699057820423945e+00
-6.421752063493958218e+00
-8.361985382515142007e+00
-8.364811824526407591e+00
-6.241209196381294788e+00
-6.310079059878155761e+00
-6.184917284899436041e+00
-7.830569561141717649e+00
-6.105125205795500776e+00
-4.369666140451414549e+00
-3.107403810330255922e+00
1.032853271503601622e+00
6.096180438984055705e+00
7.411697068284627932e+00
8.377027045973829189e+00
9.247245682425269564e+00
9.615629535606403877e+00
8.177965475630024628e+00
7.869018507596332590e+00
9.441988344317291393e+00
8.556942489686072406e+00
9.184492351840441771e+00
9.264327228709156259e+00
1.061487891696725683e+01
9.498848374689810470e+00
8.988418809521760977e+00
8.844384078070993027e+00
8.745008613192199576e+00
8.632777062730298212e+00
1.024750235689688616e+01
1.102247562235876721e+01
1.170063203695104015e+01
1.049646788941552877e+01
9.575868089636321301e+00
8.125835612431066224e+00
8.089502900257146578e+00
7.999528929856878356e+00
8.780763107428805725e+00
9.632875291871146217e+00
9.827324282924967846e+00
9.815091840944104362e+00
9.150918089556441259e+00
9.014706830311631336e+00
9.185521748942665710e+00
9.432741288535757107e+00
9.384213471796449824e+00
8.188349276209173411e+00
6.610680954882337090e+00
3.666172411448288315e+00
9.512365403367604166e-01
-1.033203205804924085e+00
-3.926484398835166978e+00
-5.939617798526414028e+00
-6.961672351823773752e+00
-8.572595048998465472e+00
-6.933449385112673724e+00
-7.422046293320097021e+00
-4.672300978914449843e+00
-5.320116662962672827e+00
-5.081189356388861711e+00
-6.584301001375870044e+00
-7.940265881616129562e+00
-7.602054909545737260e+00
-7.624857615886515561e+00
-6.003310569739382707e+00
-6.509807171624619748e+00
-4.922084380247431667e+00
-6.417801574202679937e+00
-8.171691941966546580e+00
-7.563132110838198585e+00
-7.837398307661068486e+00
-7.009089001559191345e+00
-6.915205388291095545e+00
-5.486081720438904519e+00
-6.833615260486597620e+00
-7.754680735657145441e+00
-8.587237404456546486e+00
-7.181832980325948412e+00
-6.479865943417336460e+00
-6.558115092218423037e+00
-5.178327141905482378e+00
-6.731792117786511653e+00
-7.967251238344189801e+00
-8.596092353459020785e+00
-7.772283458688016289e+00
-8.423762683318305022e+00
-6.969008445611390101e+00
-5.270290204918834043e+00
-3.756810996432011329e+00
-1.575586712134126266e+00
9.846335315905190289e-01
3.949954717252417424e+00
5.972306147378299457e+00
7.501518587935203541e+00
7.729613107390880700e+00
7.406610145361715247e+00
6.970518926460163023e+00
7.184174129660551245e+00
7.249237502608938399e+00
8.473951546087375775e+00
9.044133029708239846e+00
8.343215555840133746e+00
8.549605498635690637e+00
8.521597312042167971e+00
8.998124723519506318e+00
9.736241284058886336e+00
1.115063517686640537e+01
1.114388087634850599e+01
9.286469709046231813e+00
8.782795250723491876e+00
8.687388181429238188e+00
7.334402639010824565e+00
8.197060655851087674e+00
9.586901031421200869e+00
1.027431625111752922e+01
9.118147327992124573e+00
9.148030949742510742e+00
9.877265332400925857e+00
8.282034522131638710e+00
8.165198071265619362e+00
1.007773446930285921e+01
9.814875389743615841e+00
9.244588712575668055e+00
9.249276511371185450e+00
1.021603706428868286e+01
9.157798258079544951e+00
8.108159058504162076e+00
8.737414223048265427e+00
6.646374811225504331e+00
3.080899431127556376e+00
7.737533195184091994e-01
-1.499597570190497997e+00
-5.060555906166474216e+00
-7.058813629276285972e+00
-6.390803701804140147e+00
-7.373662845761626450e+00
-6.337692699305779165e+00
-6.229850918332146215e+00
-5.065288316307755778e+00
-5.801400117573904502e+00
-6.567520211010146269e+00
-8.275911454473559914e+00
-7.184944102803212829e+00
-7.244084796726524722e+00
-6.757014130691970877e+00
-4.137402692652720759e+00
-2.983243528997197913e+00
-4.717458306511281840e+00
-4.052957205739575741e+00
-5.797888337512947743e+00
-7.147156928115727226e+00
-7.936175591275328678e+00
-5.834883183160169295e+00
-4.957179051337758935e+00
-5.311581841189378039e+00
-4.693540385230958734e+00
-5.642559644220721538e+00
-7.253700285375225043e+00
-8.092141756518838491e+00
-6.630052147026047393e+00
-6.159760974445015691e+00
-5.295860579148020442e+00
-5.613264745578351089e+00
-5.399745072049586980e+00
-4.082978062002942110e+00
-4.862922434336176103e+00
-2.485226464537610980e+00
-2.668398550894686139e-01
2.154274552456748371e+00
4.363228333081245580e+00
7.187162697489597463e+00
8.304598091401151905e+00
8.490854666451213006e+00
1.041042670414818616e+01
1.111380991560563736e+01
1.000372977120250972e+01
1.079106682489867808e+01
1.011886898657637701e+01
9.301883920719435039e+00
8.845034004340355693e+00
9.969189076831836971e+00
9.113004940703639534e+00
9.953729237412856534e+00
1.034380739204440047e+01
9.582705351988513698e+00
1.023488267825805131e+01
9.162659815293702437e+00
9.234427046935893557e+00
1.014987640322893547e+01
8.632472436906304836e+00
9.367473639440571986e+00
1.040350930476833469e+01
9.282179260591219006e+00
1.049640575952876098e+01
1.088711231930665058e+01
7.549054905262561732e+00
7.522207043059384368e+00
4.798564222280612412e+00
-2.947585514069830381e-01
-2.089291668317647233e+00
-3.794851720221792846e+00
-7.435668980513767679e+00
-6.851847155985088200e+00
-5.606822308335629224e+00
-6.085147752863638182e+00
-6.531921536703485742e+00
-4.354903504178331275e+00
-5.344301479652173725e+00
-7.912733059128607138e+00
-6.005544332193801793e+00
-7.645466145280330750e+00
-8.526157340909245264e+00
-6.500653655977641776e+00
-6.471342064508845304e+00
-5.542437023993896261e+00
-5.223615931138851920e+00
-5.194835176434272839e+00
-6.860081809807072162e+00
-7.697967252010527339e+00
-8.949388838894241971e+00
-8.180732175087555902e+00
-8.183856048583205478e+00
-7.230777038674629509e+00
-7.131434310693553158e+00
-6.090352948100004049e+00
-6.824581768427664841e+00
-8.738042817083194080e+00
-7.562463803558406639e+00
-8.747992544280982941e+00
-8.066497958758651166e+00
-7.378075882503145166e+00
-5.873586250437072387e+00
-6.218481004855645367e+00
-7.503408415739139414e+00
-8.700279218573204076e+00
-7.541916305079802818e+00
-6.471187516275046292e+00
-3.864263602411206477e+00
-2.534380566183096484e-01
2.770751306703232331e+00
4.675932924754221176e+00
5.386558119034988046e+00
7.115767380596362379e+00
8.426166497761865770e+00
8.489645471346932482e+00
1.073534831878261819e+01
1.251484771795181317e+01
1.131305290873944536e+01
1.058189797267495180e+01
9.358220703063153678e+00
7.597392933416936778e+00
7.995311945310555224e+00
8.324396297503000142e+00
1.030682404194647006e+01
1.103045611045440033e+01
1.034268227889747749e+01
1.072547455352367507e+01
1.001163065318474743e+01
9.299121056814829700e+00
9.751843400242671933e+00
1.028442684105967153e+01
1.009714582286949280e+01
9.520440080852431208e+00
1.048142200128706136e+01
1.050228905339603358e+01
9.071088301207639759e+00
9.496603667608429333e+00
6.991537305258573198e+00
4.805499233867585929e+00
1.689996844796795461e+00
-2.545899622336359247e+00
-2.374222507194101439e+00
-5.354991409685347037e+00
-6.737399894787517773e+00
-3.949832051569426739e+00
-5.282344841058562501e+00
-5.555404671204426492e+00
-4.269030938618080917e+00
-5.407042590129296222e+00
-4.336793679325565698e+00
