-2.800749167659796868e+01
-2.800749167659796868e+01
-2.800749167659796868e+01
-2.800749167659796868e+01
-2.800749167659796868e+01
-2.800749167659796868e+01
-2.754847037556052669e+01
-2.743604362764548554e+01
-2.756412811936490925e+01
-2.804903792634563686e+01
-2.827517373965345371e+01
-2.838959904375383303e+01
-2.797369751333507182e+01
-2.767514985069391997e+01
-2.759421030493706795e+01
-2.772658187710633015e+01
-2.797610803696506210e+01
-2.806089523447890599e+01
-2.821126061217374925e+01
-2.807164193173819555e+01
-2.783132241235007243e+01
-2.783131516367678771e+01
-2.794800797058086061e+01
-2.813936155552231000e+01
-2.827283994692290747e+01
-2.823463549689366303e+01
-2.801462698199392420e+01
-2.783660195176738839e+01
-2.775495824451565596e+01
-2.779610484125546677e+01
-2.822784907251487141e+01
-2.837888492727324063e+01
-2.857822969498836230e+01
-2.821780615472045284e+01
-2.805534690056743230e+01
-2.811446527128674333e+01
-2.809467750742333081e+01
-2.807605097421351914e+01
-2.846387843251666538e+01
-2.834466733979670394e+01
-2.811483359070850696e+01
-2.799666437320435008e+01
-2.824626138686350174e+01
-2.825400210050402094e+01
-2.799557710853830272e+01
-2.819692921076205394e+01
-2.810817232305650748e+01
-2.758931412469521050e+01
-2.757386106950741578e+01
-2.798004969670261843e+01
-2.841625501787080665e+01
-2.854625602215101310e+01
-2.841851043779686137e+01
-2.801436329459058783e+01
-2.748874139754215307e+01
-2.708231788204275858e+01
-2.766202855685342143e+01
-2.871724050753330459e+01
-2.889971865855218525e+01
-2.769861739737538642e+01
-2.468280689228684821e+01
-1.949227979217691598e+01
-1.350739012430002006e+01
-7.440954899550720647e+00
-1.502637310405725124e+00
1.766338328933631185e+00
5.484622151251410394e+00
1.031063544048996228e+01
1.311964958886200172e+01
1.823273362856360080e+01
2.230045588800405909e+01
2.512341964173592146e+01
2.564312204772577530e+01
2.633144286539194212e+01
2.628721601353963777e+01
2.541074539242986319e+01
2.665152969775198599e+01
2.790864284093908054e+01
2.886749756034247483e+01
2.998872489725446755e+01
3.076543993411019073e+01
3.124744130348488369e+01
3.133218536169629331e+01
3.177964829478770881e+01
3.173639719412435056e+01
3.170956139787227812e+01
3.176701290587153181e+01
3.147796163645697831e+01
3.144083310668802866e+01
3.165158112831826998e+01
3.172010318682703556e+01
3.187748830748194706e+01
3.168489954163350220e+01
3.180763771363716330e+01
3.130639496934271193e+01
3.146264087966110168e+01
3.208555634045005434e+01
3.210079088353539589e+01
3.252263575727773315e+01
3.263658107908268136e+01
3.245197561309466039e+01
3.205345365228301091e+01
3.228584420938269517e+01
3.245251848467245281e+01
3.261519842055501783e+01
3.326218683180702129e+01
3.309052989754036389e+01
3.281055163359928883e+01
3.284444901445416320e+01
3.287193617358640552e+01
3.294944553326268277e+01
3.337500919019931445e+01
3.352265344911897671e+01
3.361028651359174546e+01
3.325054590260133125e+01
3.316612883462042305e+01
3.322833180541649511e+01
3.338739091968367489e+01
3.354226970712436184e+01
3.369931280890769898e+01
3.388234206981165642e+01
3.370948714987295602e+01
3.376350440806358222e+01
3.384667331309479010e+01
3.424539720994496150e+01
3.485732423465842089e+01
3.548183801987049435e+01
3.602398066207253180e+01
3.644522364147498195e+01
3.671332357891654397e+01
3.680613833770943444e+01
3.692204137235104611e+01
3.714353999658442262e+01
3.738795595827241414e+01
3.752537942035807106e+01
3.760783734051434379e+01
3.752632919912140608e+01
3.730595087806975840e+01
3.721149594975282326e+01
3.738187713819048241e+01
3.786176979358086925e+01
3.792605760803365911e+01
3.734933730130209284e+01
3.489875119353421695e+01
3.026318015152411078e+01
2.340373340983006045e+01
1.423692012112325678e+01
7.115218094711402763e+00
2.976720106589851866e-01
-5.463426156537753542e+00
-7.842177487730991103e+00
-8.659131746942762220e+00
-1.136397131567530572e+01
-1.292949503423279722e+01
-1.354623830243025218e+01
-1.578466252824140525e+01
-1.760711665423730210e+01
-1.725306623658593352e+01
-1.693422135448027888e+01
-1.841315697496658288e+01
-1.915116365311748936e+01
-1.933956420388408048e+01
-2.067230907027649778e+01
-2.159542830250290635e+01
-2.101143834050327897e+01
-2.074049408589676347e+01
-2.146673506447655200e+01
-2.219154592277632787e+01
-2.300623688093988051e+01
-2.416960026838286169e+01
-2.464233660657567171e+01
-2.458259531420695154e+01
-2.432992888478479543e+01
-2.432490459943942085e+01
-2.472476897506162530e+01
-2.543594698119278164e+01
-2.595298052881033612e+01
-2.612509708050053447e+01
-2.604714017169252926e+01
-2.589721715020737491e+01
-2.592774317886335567e+01
-2.619389933682684912e+01
-2.665214645315884212e+01
-2.713942703108568111e+01
-2.703660574707585340e+01
-2.693979830067122094e+01
-2.695539281080270655e+01
-2.725477545103875698e+01
-2.770555350936452044e+01
-2.796664242405593370e+01
-2.812895062838390814e+01
-2.803429668056695334e+01
-2.775794829480045678e+01
-2.770931370820508377e+01
-2.811071706151071581e+01
-2.883283775009284611e+01
-2.898993605270278806e+01
-2.884640599092800883e+01
-2.854681456148933094e+01
-2.833231002471655557e+01
-2.841692289982990260e+01
-2.884008741276089438e+01
-2.955227094614116012e+01
-2.975654884776763964e+01
-2.913344386884186932e+01
-2.826463856284836140e+01
-2.807366710596902948e+01
-2.876405140593174536e+01
-2.976005277642975955e+01
-3.023550136542917954e+01
-2.914927536907685379e+01
-2.483761099297547403e+01
-1.669409435199585445e+01
-8.176469822563548817e+00
-6.509250357142626342e-02
7.477021205467931253e+00
1.144511868800897147e+01
1.289412708786832340e+01
1.574383129966452444e+01
1.698738297295182420e+01
1.870058439768745728e+01
2.322585506811708811e+01
2.361033919086524691e+01
2.499701580650813781e+01
2.632382401328773014e+01
2.474420255914408884e+01
2.552243962977225067e+01
2.651920328974349061e+01
2.635563684908123250e+01
2.824369987791586922e+01
2.898340756943395746e+01
2.849169642835534333e+01
2.941632042277570847e+01
2.881199728190149756e+01
2.880162009335767337e+01
2.916566937766058487e+01
2.913975716530744720e+01
2.881392083940297866e+01
2.897371860244599162e+01
2.922827399173297636e+01
2.882739788444023432e+01
2.903066148583997474e+01
2.961036718105768983e+01
2.930819786670377525e+01
2.943836854630696465e+01
3.031450948923194133e+01
3.016423535583548343e+01
3.040072058460500415e+01
3.066141752280798372e+01
3.025049232492179030e+01
3.013976129510634294e+01
3.000048366118627285e+01
3.037835164529944620e+01
3.087579185985594421e+01
3.137615736789679133e+01
3.154512192904913803e+01
3.150258589064699777e+01
3.117463645423423557e+01
3.082814780455843007e+01
3.085423556788706279e+01
3.123854861159998464e+01
3.150465095556173623e+01
3.148929016887385757e+01
3.161705415917762352e+01
3.130167463474176159e+01
3.099837548275977639e+01
3.104576811863636365e+01
3.136145333408359903e+01
3.164009297493614170e+01
3.164734041801224862e+01
3.151441726279682243e+01
3.146513659417816200e+01
3.165823160074178944e+01
3.222386882240284933e+01
3.304742445677078422e+01
3.388654990331426831e+01
3.440598854745044832e+01
3.443764283818075711e+01
3.481332948996203669e+01
3.530270523650921177e+01
3.509047292713201927e+01
3.393899279006578240e+01
3.090725241037301885e+01
2.535034900050576567e+01
1.769107991827212700e+01
8.170622920945511680e+00
8.429673635828178746e-01
-5.262622814709239982e+00
-8.589877344417722327e+00
-1.168321531966616433e+01
-1.082367488191348848e+01
-1.175789530505214309e+01
-1.478959239782123447e+01
-1.586764190977964972e+01
-1.699986826395834782e+01
-1.967576628123514837e+01
-2.021640177492229995e+01
-2.000490581493159326e+01
-2.004531077556007546e+01
-2.187521239495962888e+01
-2.199147177125751185e+01
-2.233787208771150290e+01
-2.334380756274799040e+01
-2.341406841273804318e+01
-2.376826011142713924e+01
-2.366633752602169949e+01
-2.461025628229777240e+01
-2.574869288847655824e+01
-2.608678391888053838e+01
-2.655390585085404709e+01
-2.703535092532634110e+01
-2.678283580889362980e+01
-2.697984244777447671e+01
-2.695161530400035588e+01
-2.765854531274065664e+01
-2.821127904811630671e+01
-2.838127421799604022e+01
