-1.003404579920527784e+00
-1.003404579920527784e+00
-1.003404579920527784e+00
-1.003404579920527784e+00
-1.003404579920527784e+00
-1.003404579920527784e+00
-1.003404579920527784e+00
-9.768137570871981978e-01
-8.164872026529855775e-01
-4.761841697088476266e+00
-7.323672009019449369e+00
-6.715821100122113307e+00
-9.006856671761658717e+00
-8.442505342403514135e+00
-7.818397906668654862e+00
-6.653434276232886191e+00
-7.968274283889499543e+00
-6.225512639351636679e+00
-7.847447656309923580e+00
-8.563173275384015071e+00
-1.010888365643438824e+01
-9.889838408743305109e+00
-1.085903891594054294e+01
-7.889532604506882763e+00
-5.738056702099454398e+00
-6.209582679686030282e+00
-4.113210437828965560e+00
-6.624970614995959295e+00
-9.527486412453949782e+00
-9.290124066624262156e+00
-9.808061826740825495e+00
-9.758183117116752570e+00
-7.758922674124377750e+00
-7.926070665475881682e+00
-8.482187665028067869e+00
-8.318436472529134207e+00
-1.155170709566729847e+01
-1.055691997207506461e+01
-1.177048983707211427e+01
-1.168214623670971086e+01
-1.106471155928871930e+01
-8.138937237527139601e+00
-6.634344196620932443e+00
-2.695111193395590021e+00
1.285941830994972612e+00
4.872282036825110296e+00
6.731525890929993317e+00
9.410006450922578480e+00
1.116015194630060137e+01
1.229570884674322429e+01
1.351599773214161715e+01
1.415996920989004515e+01
1.339904336138826224e+01
1.231116686392396353e+01
1.189837491677554304e+01
1.182617719634881226e+01
1.206674591394206075e+01
1.311563274602576890e+01
1.387184962676992939e+01
1.330652314703954353e+01
1.306228078523346525e+01
1.280703979629705636e+01
1.323112488691498889e+01
1.423125816034464286e+01
1.442189396946113078e+01
1.513316488883230093e+01
1.428178847431358989e+01
1.246177955796757075e+01
1.191599463279147031e+01
1.309724680419814646e+01
1.287826783332975999e+01
1.347183413323901391e+01
1.461817393220509764e+01
1.338531128837779782e+01
1.191879394014120841e+01
1.272972675450040292e+01
1.354139833578604524e+01
1.509669522796693997e+01
1.652889632094589700e+01
1.546855567289414068e+01
1.265337807918735713e+01
8.489874702141094076e+00
3.024434571806242200e+00
-1.173448288712472948e-01
-2.392787456505888422e+00
-3.100879132817703887e+00
-4.730730375797966403e+00
-6.545005561829486673e+00
-6.578803911103281443e+00
-9.060028970924218328e+00
-1.170107720812280938e+01
-1.186629610616089003e+01
-1.228365748452844208e+01
-1.421703147017672286e+01
-1.471137276854517317e+01
-1.299659810077455901e+01
-1.193820901727898942e+01
-9.218428879311952429e+00
-7.258373806971142095e+00
-5.533237783122896047e+00
-6.616309344461025255e+00
-9.967805677664951958e+00
-1.086311323965252207e+01
-1.218128250816487501e+01
-1.296115809664247465e+01
-1.195503116972499669e+01
-1.030850613074078659e+01
-1.092892038053668635e+01
-1.086068382899798124e+01
-1.094899638803199515e+01
-1.083137965858735008e+01
-1.127237420923174582e+01
-1.008518773430203375e+01
-1.169630574665430167e+01
-1.382494283516546929e+01
-1.302717624687849707e+01
-1.310856734453031613e+01
-1.233683567105101986e+01
-9.891665320695031127e+00
-8.218354313853811988e+00
-1.019936050943471173e+01
-1.060192401254391470e+01
-1.115401369432932022e+01
-1.049907243610005558e+01
-5.884249502768482465e+00
-5.884435553994649126e-01
4.752453895273340834e+00
8.100024084598020480e+00
9.839092782103032064e+00
9.771274831765243363e+00
1.003281399447076971e+01
1.028699243376156147e+01
1.143242542806963691e+01
1.157722159432665343e+01
1.226341086863322971e+01
1.164607688704297317e+01
1.114708770744550392e+01
1.133131754713388339e+01
1.199777517241974500e+01
1.279075648824887601e+01
1.275194147844874237e+01
1.347647826156639361e+01
1.276084697612688856e+01
1.179631082671052056e+01
1.224106847940991294e+01
1.196084726800004994e+01
1.239313004082762859e+01
1.230856315706869886e+01
1.313386904604077365e+01
1.346942234070652056e+01
1.363843268952942367e+01
1.366556944515520122e+01
1.398457031913255122e+01
1.332880881769464487e+01
1.329215019111746976e+01
1.288870418141351593e+01
1.369184459111690089e+01
1.494674644782302053e+01
1.455756967077396524e+01
1.355965613743478571e+01
1.089375270861925138e+01
7.186003123886598232e+00
2.932820177351366464e+00
-7.954544592717557316e-01
-1.974279185137989945e+00
-5.031399845954308780e+00
-6.914246832616641747e+00
-5.427346261000873362e+00
-7.151544713364760497e+00
-8.588456809856097607e+00
-7.613973192329491546e+00
-6.193109024547507779e+00
-7.750905905180215605e+00
-7.033530897625233536e+00
-7.521662027158477315e+00
-6.847044720296211473e+00
-8.891239230694193196e+00
-8.988279012495187459e+00
-7.195563177916514341e+00
-9.239908016133634661e+00
-9.396824699498274924e+00
-9.755895319541416200e+00
-8.542363898141656975e+00
-1.062399775042247896e+01
-9.009155496447027289e+00
-7.920398510422441696e+00
-9.698977058182528310e+00
-9.390331034926081344e+00
-9.786558437771985197e+00
-9.635104720888060470e+00
-9.309904342876610173e+00
-7.935881344271124682e+00
-8.433844442854354639e+00
-8.469576981309785424e+00
-1.033229300719138521e+01
-1.151498149578501717e+01
-1.267719477648926585e+01
-1.147414786517897056e+01
-1.158725374249927853e+01
-1.099083137276815059e+01
-9.377764211593333954e+00
-6.316883206789473348e+00
-4.456157653006302510e+00
1.376438818808219722e+00
5.771166293513988244e+00
9.407561641209417402e+00
1.078614607256021962e+01
1.184225234545770533e+01
1.074724301864071307e+01
1.053801618738327583e+01
1.080381990040397433e+01
1.223346420239140109e+01
1.360902391517194587e+01
1.391837286925742490e+01
1.378696003402697379e+01
1.300988080315759987e+01
1.211567705965588893e+01
1.156489046441399360e+01
1.245443869649635182e+01
1.273766339684954296e+01
1.284028501724745119e+01
1.276173908958394776e+01
1.249773630951570169e+01
1.196163099469923274e+01
1.239879576205696132e+01
1.234343621351318632e+01
1.214401171261612511e+01
1.152218321304112081e+01
1.243080076573298776e+01
1.285688722177958354e+01
1.405514812550951831e+01
1.506278804898420809e+01
1.426687862982681843e+01
1.055031934944344840e+01
4.023023530873591547e+00
-1.319708609454015136e+00
-6.570873574558084407e+00
-8.863240397034411799e+00
-8.779356955788427896e+00
-6.449251682556289111e+00
-4.923381198834007044e+00
-5.951938502618441262e+00
-7.399033129382258878e+00
-1.078285822026795593e+01
-1.201018868875683587e+01
-1.280179064290916457e+01
-1.288240127909345389e+01
-1.095922129748115026e+01
-1.047022512557721718e+01
-1.201982708738199968e+01
-1.200035731994590371e+01
-1.205959601100860645e+01
-1.414390921790456268e+01
-1.370230983441681438e+01
-1.258186438929376472e+01
-1.342924212952883245e+01
-1.221762767147546036e+01
-1.352691123511546145e+01
-1.246113781838918655e+01
-1.422776892583860686e+01
-1.387082670900264070e+01
-1.409031397022179632e+01
-1.308426501689822707e+01
-1.316605174670852740e+01
-1.142887800601006631e+01
-1.314548978347497155e+01
-1.314082318319886156e+01
-1.336370531428040209e+01
-1.342708536681134390e+01
-1.000129671432351586e+01
-5.497450095777495882e+00
-7.675120728717756968e-01
4.216271344612803951e+00
7.426960038331626990e+00
9.099808229197094533e+00
8.539379064398254116e+00
8.555794288109993317e+00
8.906408531242124837e+00
9.454668134385288525e+00
1.010655108388187884e+01
1.022695629745367185e+01
1.052095196279858591e+01
1.054837355093121687e+01
1.068211224374059576e+01
1.197294887788434359e+01
1.280618934508687978e+01
1.269692127884556143e+01
1.180682646565614569e+01
1.167855022552381250e+01
1.191307007109689664e+01
1.229273531920092744e+01
1.295592356155832192e+01
1.404881240498793282e+01
1.344148832212247413e+01
1.237582082313982212e+01
1.204354643128096214e+01
1.218868092399960190e+01
1.403221485974507488e+01
1.435541704944093766e+01
1.351550826729458876e+01
9.602351573124471074e+00
4.672611306286437838e+00
-1.053974728306954711e+00
-5.634076668022036216e+00
-5.255925293845962187e+00
-5.844939605185524023e+00
-5.792470645529742335e+00
-7.699861049518081479e+00
-8.903770540488967100e+00
-1.440577183703457465e+01
-1.392921207895403946e+01
-1.357028372100238300e+01
-1.157362847990086685e+01
-8.593910597505750815e+00
-9.620313436697651710e+00
-8.533291278396150759e+00
-1.219642447162475207e+01
