-0.000638429  0.00412136  -0.00324478  -0.212558  -0.180009  0.119013  
-0.000409836  0.00457885  -0.00296365  -0.227239  -0.266543  0.158882  
-0.000734387  0.00450918  -0.00257817  -0.241082  -0.284285  0.133078  
-0.00095867  0.00436184  -0.00293945  -0.237631  -0.245641  0.111885  
-0.0011078  0.00436543  -0.00304382  -0.227302  -0.18807  0.0959128  
-0.00112068  0.00390456  -0.00335585  -0.230978  -0.153078  0.118859  
-0.00156605  0.00408756  -0.00336406  -0.240503  -0.147271  0.134113  
-0.00156605  0.00408326  -0.00340581  -0.267448  -0.21296  0.185159  
-0.00122449  0.00408326  -0.00353002  -0.278821  -0.263395  0.185297  
-0.00143222  0.00447238  -0.00342567  -0.308977  -0.263416  0.177997  
-0.00165219  0.00393983  -0.00334009  -0.292838  -0.249932  0.163021  
-0.00119902  0.00408326  -0.00373382  -0.27395  -0.162045  0.135588  
-0.00154912  0.00384595  -0.00373114  -0.264724  -0.136566  0.1739  
-0.00189832  0.00375473  -0.00380423  -0.273489  -0.142985  0.178363  
-0.00155862  0.00408326  -0.00396453  -0.277855  -0.190729  0.183332  
-0.00115806  0.00408326  -0.00373276  -0.291291  -0.281149  0.188191  
-0.0014084  0.00408326  -0.00334009  -0.276312  -0.30403  0.203847  
-0.00159392  0.00358545  -0.00351477  -0.286575  -0.19294  0.124261  
-0.00137379  0.00307106  -0.00418918  -0.324544  -0.1399  0.123403  
-0.00183771  0.00321093  -0.00423457  -0.319784  -0.139935  0.121158  
-0.0017485  0.00358114  -0.00383926  -0.292235  -0.229448  0.185496  
-0.00199158  0.00350159  -0.00343767  -0.291474  -0.259558  0.16808  
-0.00172226  0.00341365  -0.00383926  -0.273959  -0.177464  0.110009  
-0.0017254  0.00339115  -0.00383926  -0.258635  -0.122895  0.118886  
-0.00183771  0.00345582  -0.00383926  -0.270797  -0.130595  0.155052  
-0.00183771  0.00366855  -0.00370991  -0.294572  -0.215776  0.220986  
-0.0016072  0.0036396  -0.00361609  -0.289411  -0.25325  0.221088  
-0.00157105  0.00369348  -0.00383926  -0.293322  -0.193377  0.183693  
-0.00166051  0.00371597  -0.00383926  -0.273517  -0.142754  0.179332  
-0.00183771  0.00352863  -0.00383926  -0.275701  -0.164333  0.166725  
-0.00183771  0.0036355  -0.00395665  -0.295572  -0.247088  0.213487  
-0.00162664  0.00360757  -0.00383926  -0.317414  -0.277678  0.213608  
-0.00168568  0.00360757  -0.00383926  -0.307402  -0.21706  0.195797  
-0.00183771  0.00351761  -0.00383926  -0.284408  -0.147249  0.191797  
-0.00183771  0.00317825  -0.00383926  -0.289729  -0.132195  0.186078  
-0.00151884  0.00317862  -0.00383926  -0.313257  -0.197178  0.247783  
-0.00211666  0.00360758  -0.00368927  -0.33738  -0.26765  0.262324  
-0.00215759  0.00326792  -0.0034529  -0.329527  -0.253975  0.208707  
-0.00215146  0.00275759  -0.00383926  -0.317727  -0.157431  0.136545  
-0.00229369  0.0028736  -0.00441438  -0.336469  -0.128372  0.158479  
-0.00229369  0.00312298  -0.00412552  -0.328087  -0.168845  0.192344  
-0.00197109  0.00320622  -0.00403687  -0.335306  -0.24332  0.192423  
-0.00191676  0.00342183  -0.00400812  -0.34915  -0.253173  0.161616  
-0.00206027  0.00264364  -0.00380844  -0.307108  -0.1796  0.122886  
-0.00206027  0.00311231  -0.00393119  -0.28755  -0.125991  0.147391  
-0.00199125  0.00316078  -0.00388341  -0.279067  -0.138967  0.180806  
-0.00220506  0.0032115  -0.00393359  -0.281528  -0.209459  0.209808  
-0.00232386  0.00350187  -0.00363012  -0.309792  -0.268514  0.190114  
-0.00220992  0.00312364  -0.00366473  -0.302205  -0.269459  0.165504  
-0.00245196  0.00291374  -0.003668  -0.281108  -0.189068  0.12193  
-0.0022378  0.00291803  -0.00373109  -0.260901  -0.141181  0.148821  
-0.00257903  0.00307116  -0.00356263  -0.240703  -0.155634  0.176317  
-0.00251322  0.00316913  -0.00314825  -0.241611  -0.229834  0.220951  
-0.0020302  0.00303966  -0.0030613  -0.251572  -0.257701  0.179665  
-0.00173708  0.00243491  -0.0031267  -0.226661  -0.183173  0.138383  
-0.00174651  0.00262961  -0.00301383  -0.230058  -0.132329  0.138336  
-0.00189851  0.00276103  -0.00330365  -0.250336  -0.183975  0.207491  
-0.00150835  0.0027212  -0.00318544  -0.260212  -0.25663  0.185018  
-0.00159709  0.00292203  -0.00306457  -0.260272  -0.253036  0.133894  
-0.0011397  0.00265077  -0.00310744  -0.227766  -0.167115  0.0849197  
-0.00158305  0.00266804  -0.00301192  -0.226126  -0.123156  0.115319  
-0.00135596  0.0027471  -0.00284421  -0.223501  -0.13686  0.153617  
-0.00135596  0.00303966  -0.00284421  -0.233409  -0.237259  0.196162  
-0.000366151  0.00303966  -0.00245794  -0.211222  -0.281373  0.168287  
-0.000352798  0.00303966  -0.00245402  -0.21211  -0.278679  0.158396  
-0.000594773  0.00288693  -0.00273999  -0.200439  -0.19982  0.179756  
-0.00130758  0.00288653  -0.0023264  -0.19528  -0.158007  -0.0613019  
-0.00129419  0.00249372  -0.0015845  -0.0812476  -0.188372  0.0282825  
-0.000919043  0.00265077  -0.00174389  -0.0870388  -0.233851  0.101889  
-2.5039e-05  0.0025035  -0.0015845  -0.0855511  -0.283973  0.06973  
-0.000206885  0.00264831  -0.00117023  -0.03599  -0.232084  0.0774773  
0.000139894  0.00260791  -0.00117023  -0.00237488  -0.139435  0.123799  
-0.000459639  0.0025493  -0.000947755  -0.00711877  -0.124466  0.16729  
-0.000315008  0.00249251  -0.00117023  -0.00801873  -0.157021  0.190594  
0.000908364  0.00212772  -0.000730469  0.0300389  -0.270525  0.143964  
0.00107059  0.00222134  -0.000400921  0.0573414  -0.275248  0.10107  
0.000664947  0.00220469  -0.000370194  0.0557792  -0.196922  0.0785745  
0.000164904  0.00239038  -0.000225724  0.0729007  -0.123877  0.0976236  
-0.000265022  0.00204733  0.000146707  0.110232  -0.116542  0.0836528  
-0.000168901  0.00239038  -5.8473e-05  0.110236  -0.156143  0.0871221  
4.63401e-05  0.00168261  0.000269656  0.13199  -0.224017  0.100744  
-7.12555e-06  0.00179934  0.000684693  0.149595  -0.250109  0.127282  
-0.000427849  0.00239038  0.000922742  0.16865  -0.194992  0.133661  
-0.000232982  0.00239038  0.000797334  0.149591  -0.16675  0.18457  
-0.000255338  0.00195776  0.000819907  0.157682  -0.18149  0.192367  
1.09376e-05  0.0021716  0.000712035  0.122385  -0.236555  0.206447  
0.0001849  0.00239037  0.00116171  0.13191  -0.316638  0.192521  
-0.000191375  0.00239037  0.000929458  0.132392  -0.297351  0.173566  
-0.000413624  0.00203774  0.000991237  0.143217  -0.208582  0.159506  
-0.000343991  0.00198705  0.000821717  0.150532  -0.178136  0.155623  
-0.0002078  0.00188573  0.000821717  0.135572  -0.199874  0.190581  
2.52618e-05  0.00171393  0.00100744  0.128314  -0.292428  0.191251  
0.00025094  0.0018689  0.00124954  0.117282  -0.332678  0.185647  
-0.000260851  0.00174122  0.00124954  0.141496  -0.259222  0.141312  
-0.000241611  0.00166839  0.00124954  0.150019  -0.139519  0.134887  
-0.000662635  0.00188248  0.00124954  0.150296  -0.131766  0.150355  
-0.000104074  0.00190647  0.00112988  0.139659  -0.163997  0.157273  
0.000115865  0.00195004  0.00126005  0.150299  -0.275024  0.214039  
0.000445527  0.00239037  0.00175819  0.176416  -0.328338  0.216525  
-0.000350421  0.00189073  0.00175819  0.176674  -0.257046  0.153852  
-0.000353527  0.00188624  0.00161824  0.178407  -0.130899  0.100453  
-0.000234106  0.0019788  0.00194588  0.191645  -0.101328  0.127555  
-0.000472522  0.00174565  0.00160437  0.176663  -0.136198  0.110473  
-6.02822e-05  0.00149728  0.00131276  0.13804  -0.193608  0.127611  
-0.000728361  0.00146604  0.00117983  0.128325  -0.260047  0.0835078  
-0.000416431  0.00133395  0.000911758  0.128418  -0.252548  0.0270184  
-0.000531  0.00134097  0.000681287  0.128399  -0.142825  -0.0249701  
-0.000514932  0.000780666  0.000577061  0.158295  -0.0676514  -0.00977876  
-0.00107238  0.000625644  0.000790702  0.189943  -0.0811585  -0.0151384  
-0.000795616  0.000692871  0.000577061  0.189815  -0.11491  0.00285733  
-0.000401906  0.000625644  0.00130096  0.185406  -0.21868  0.0243736  
-0.000224652  0.00111499  0.000999938  0.180854  -0.227609  -0.00675065  
-0.000534383  0.000975872  0.000577061  0.174594  -0.150945  -0.0335004  
-0.000630378  0.000625644  0.000577061  0.192016  -0.0669673  -0.112235  
-0.00102879  0.000554057  -0.000175163  0.168393  -0.0461683  -0.0810633  
-0.00135314  0.000577457  -0.000147315  0.160737  -0.0461339  -0.0444286  
-0.000837424  0.000763188  0.000212241  0.174497  -0.133936  -0.0271034  
-0.000489375  0.000990605  0.000153939  0.174502  -0.206806  -0.04427  
-0.000182913  0.000701751  0.000153939  0.143482  -0.166211  -0.0880984  
-0.000151138  0.000577878  0.000153939  0.165934  -0.0118726  -0.113416  
-0.00029829  0.000373799  -9.92997e-05  0.163534  0.0707345  -0.0941686  
-0.000172467  0.000251704  0.000153939  0.158054  0.0249283  -0.0941926  
0.000168945  0.000798606  5.67018e-05  0.174489  -0.105236  -0.0418945  
0.000746341  0.00076014  0.000153939  0.164196  -0.130073  -0.0841353  
0.00096568  0.000600709  -0.000412767  0.153902  0.0137313  -0.141519  
0.000517765  0.000242776  -0.00105095  0.117656  0.0324518  -0.11125  
0.000912779  0.000871162  -0.000637356  0.0999146  -0.0904306  -0.102181  
0.00131006  0.00078487  -0.000500804  0.0868728  -0.0939812  -0.180645  
0.0016728  0.000592438  -0.000637356  0.0680973  0.0680939  -0.233098  
0.00100509  0.000454348  -0.00117984  0.0352016  0.139588  -0.210017  
0.00123409  5.01563e-05  -0.00159173  0.00975497  0.101489  -0.200447  
0.0015527  0.000305091  -0.00117984  0.0119947  0.000775809  -0.16371  
0.00186054  0.000613257  -0.00117984  0.00438439  -0.0468329  -0.200791  
0.00152081  7.04969e-05  -0.00159743  -0.0128807  0.0293407  -0.207279  
0.00160285  -9.1446e-05  -0.00207641  -0.0151401  0.152658  -0.236205  
0.00134863  0.000299351  -0.00216636  -0.0200034  0.148783  -0.236101  
0.0016665  0.000279353  -0.00216636  -0.0421696  0.0645038  -0.182677  
0.00125566  0.000474932  -0.00149723  -0.0514151  -0.0608465  -0.114611  
0.00129862  0.000596641  -0.0016577  -0.058303  -0.0494222  -0.139377  
0.00114784  0.000119396  -0.00164211  -0.0551713  0.0693382  -0.198009  
0.000671519  -6.80134e-05  -0.00216636  -0.0734123  0.136413  -0.200465  
0.00107612  -0.000255735  -0.00216636  -0.0832134  0.121575  -0.16722  
0.00103553  0.000144025  -0.00194424  -0.0839863  -0.00726788  -0.128281  
0.00117904  0.000762837  -0.00146424  -0.0851397  -0.0972154  -0.101315  
0.000550004  0.000609335  -0.00113343  -0.072954  -0.0662743  -0.156098  
0.000521533  0.000440899  -0.00113343  -0.0811071  0.0438639  -0.184522  
0.000601471  0.000238143  -0.00157578  -0.0918965  0.046181  -0.113157  
0.000633245  0.000438375  -0.00166848  -0.0964965  -0.0690143  -0.0854514  
0.000533482  0.000582325  -0.00142723  -0.109636  -0.136822  -0.0931792  
0.000575819  0.000435256  -0.00112542  -0.10456  -0.129582  -0.127694  
0.000975916  0.000679415  -0.00120886  -0.104475  -0.0547713  -0.139864  
0.000431178  0.000437759  -0.00109024  -0.0603172  0.0182463  -0.0999409  
0.000292698  0.000157755  -0.000986633  -0.0604412  0.00569688  -0.0677542  
0.00034733  0.000206069  -0.000925993  -0.0571816  -0.109076  -0.0225686  
4.86005e-06  0.000339797  -0.000226861  -0.0572509  -0.155438  0.000153504  
-3.99427e-05  0.00042837  -0.000226861  -0.057237  -0.10709  -0.0452467  
0.000313221  4.59096e-06  -0.000226861  -0.0125989  -0.0118154  -0.0327783  
-6.55939e-05  4.59096e-06  -7.28585e-07  -0.00129268  -0.00199325  -0.0110691  
5.55545e-06  0.000401329  0.000221747  -0.00303986  -0.0668174  0.0526116  
-0.000383377  0.000595684  0.00072248  0.0290827  -0.159565  0.0733915  
-0.000372976  0.000576724  0.00072248  0.0431986  -0.133745  0.0185721  
0.000292482  0.000134965  0.000952771  0.0804985  -0.0514309  -0.0267496  
6.53171e-05  0.000232307  0.00105779  0.0870003  -0.0145162  0.0184146  
-8.00012e-06  0.00054721  0.00105432  0.0776242  -0.113487  0.0959014  
0.000443162  0.000717979  0.00139091  0.0831365  -0.163499  0.0960186  
0.000563191  0.000496274  0.0014252  0.0970159  -0.128929  0.0123441  
-7.53528e-05  4.59096e-06  0.00161926  0.111849  -0.0530985  0.00660495  
0.000102074  4.59096e-06  0.00153781  0.105346  -0.0176478  0.0406113  
0.000822274  -0.000341526  0.00162267  0.0921317  -0.0399733  0.063581  
0.000575979  0.000573752  0.00185538  0.103375  -0.133657  0.124368  
0.000336183  0.000627033  0.00185538  0.0947553  -0.126137  0.124359  
2.17919e-05  0.000198676  0.0015648  0.0923232  -0.0428861  0.0970628  
8.81127e-06  0.000226146  0.00180797  0.0874662  -0.0249564  0.144425  
0.000183215  0.000242135  0.00200162  0.0831255  -0.0323952  0.165934  
0.000185928  0.000575294  0.00191463  0.0829972  -0.1626  0.208989  
0.000354943  0.000386277  0.00239606  0.115113  -0.18395  0.181279  
0.000354943  4.59096e-06  0.00234285  0.127423  -0.125431  0.12297  
0.000510319  4.59096e-06  0.00202518  0.13055  -0.0332101  0.15102  
0.000181066  4.59096e-06  0.00198976  0.130535  -0.0188477  0.203508  
3.94152e-06  0.000101842  0.0019449  0.114128  -0.133043  0.24182  
0.000181364  0.000227127  0.00263111  0.122606  -0.183363  0.176471  
0.000124759  0.000696879  0.00270867  0.122527  -0.140935  0.138603  
-0.000121474  4.59096e-06  0.0025745  0.155262  -0.0589241  0.13482  
9.90046e-05  0.000654736  0.00248807  0.150075  -0.0224901  0.224552  
0.000121944  0.00057065  0.00251203  0.140419  -0.0967546  0.281715  
0.000222428  0.00106515  0.00295096  0.135647  -0.18602  0.274845  
2.58994e-05  0.000914855  0.00281486  0.138413  -0.161312  0.243268  
7.91011e-05  0.00106515  0.00298597  0.175714  -0.0987477  0.226586  
-0.00016839  0.000778438  0.00272511  0.167403  -0.0550941  0.260585  
-0.000506573  0.000975789  0.00287766  0.155533  -0.104591  0.322179  
-0.00031204  0.000855703  0.00360975  0.174475  -0.179953  0.300902  
-8.06525e-05  0.0008559  0.0034156  0.177374  -0.171175  0.229706  
-0.00031204  0.000899147  0.00359436  0.209321  -0.102507  0.205871  
-1.37285e-05  0.00106515  0.00342197  0.219574  -0.0441875  0.257968  
-0.000225566  0.00106515  0.00343488  0.222776  -0.117179  0.299745  
0.00109636  0.000457438  0.0021271  0.145787  -0.111765  -0.0357717  
-1.05415e-05  8.4711e-05  0.00223389  0.12731  -0.118503  -0.035922  
-0.000440681  0.00058534  0.0024666  0.123984  -0.0918699  0.0561919  
-0.000878155  0.0003792  0.00327213  0.183429  -0.175599  0.161333  
-0.000629812  0.00113323  0.00381231  0.194664  -0.209352  0.172663  
-0.000520863  0.00068915  0.00366596  0.181372  -0.164544  0.14027  
-0.000615212  0.00083253  0.00365315  0.18568  -0.114642  0.150641  
-0.000834943  0.000829697  0.00390197  0.189123  -0.0906239  0.201739  
-0.000945012  0.000682811  0.00395835  0.20945  -0.126232  0.234112  
-0.000443555  0.000529848  0.00403917  0.195302  -0.1971  0.204603  
-0.000455343  0.000293635  0.00408707  0.218716  -0.193652  0.144233  
-0.000257652  0.000510434  0.00415247  0.229553  -0.115804  0.125893  
-0.00055918  0.000710338  0.00421787  0.237209  -0.0891591  0.192559  
-0.000930492  0.000411957  0.00419483  0.220256  -0.118212  0.250343  
-0.000713706  0.00083459  0.00412248  0.228459  -0.211012  0.23439  
-0.000218486  0.00113323  0.00400466  0.222532  -0.210884  0.150922  
-0.00061566  0.000830489  0.00413547  0.225118  -0.109931  0.211118  
-0.00154983  0.000628324  0.00385317  0.22605  -0.0846674  0.276765  
-0.00120951  0.00113323  0.0035491  0.199578  -0.0917894  0.312065  
-0.00137209  0.000822753  0.00315576  0.153434  -0.23304  0.321986  
-0.000568834  0.00113323  0.00293866  0.131349  -0.172387  0.23602  
-0.000751672  0.000939746  0.00327143  0.156938  -0.0832961  0.239504  
-0.00142217  0.000561578  0.00316279  0.156907  -0.0632046  0.254923  
-0.000631208  0.00113323  0.002906  0.125024  -0.158893  0.272956  
-0.000466293  0.00128152  0.00336026  0.151042  -0.189976  0.224055  
-0.000246071  0.00126741  0.00322346  0.157105  -0.113695  0.160894  
-0.000585629  0.000863738  0.00347384  0.159145  -0.0580119  0.150474  
-0.00108876  0.00098814  0.00330238  0.152423  -0.00797068  0.151796  
-0.00122288  0.00133368  0.003276  0.14527  -0.138402  0.238167  
-0.0010863  0.00193034  0.00383366  0.167746  -0.207414  0.191069  
-0.000436374  0.00129853  0.00392806  0.183853  -0.196379  0.170762  
-0.000918789  0.00119088  0.00321013  0.17209  -0.145757  0.205673  
-0.00119246  0.00157833  0.00337933  0.18382  -0.12946  0.279898  
-0.00137659  0.00166866  0.00366587  0.181869  -0.0892629  0.327963  
-0.000944143  0.00197649  0.00345945  0.176629  -0.140166  0.330051  
-0.00113445  0.0024439  0.00344606  0.166677  -0.181572  0.355121  
-0.00152574  0.00274543  0.0031506  0.152591  -0.203074  0.353655  
-0.00186658  0.0024439  0.00347724  0.156564  -0.158744  0.326169  
-0.00171416  0.0024439  0.00377803  0.174836  -0.112827  0.307682  
-0.00180913  0.0024439  0.00360284  0.147836  -0.087765  0.332311  
-0.00215973  0.00215053  0.00351266  0.125687  -0.0981968  0.356144  
-0.00256149  0.00195219  0.0038286  0.136523  -0.171954  0.34472  
-0.00237017  0.00193444  0.00430747  0.155667  -0.262552  0.346952  
-0.00182243  0.00281498  0.00415857  0.16527  -0.265395  0.320524  
-0.00215974  0.0024439  0.00401718  0.17766  -0.205958  0.300622  
-0.00225104  0.0024439  0.00430728  0.187216  -0.130087  0.322802  
-0.00232685  0.00190818  0.0042085  0.18474  -0.106158  0.32288  
-0.00209783  0.00173713  0.00436657  0.177857  -0.156358  0.35309  
-0.00214318  0.00196068  0.00443482  0.168396  -0.222599  0.324978  
-0.00183559  0.00161617  0.0046958  0.183737  -0.195845  0.259896  
-0.00188083  0.00168055  0.00485961  0.207042  -0.149757  0.216756  
-0.00180956  0.00180102  0.00453255  0.192361  -0.122044  0.249434  
-0.00187566  0.00192576  0.00415153  0.178641  -0.128097  0.273969  
-0.00126207  0.00215912  0.00382772  0.158554  -0.133031  0.221518  
-0.00141979  0.00199727  0.00382772  0.150989  -0.244892  0.282474  
-0.00160538  0.00302906  0.00426272  0.154543  -0.293767  0.278822  
-0.00181563  0.0024318  0.00405952  0.154916  -0.22971  0.194394  
-0.00154729  0.00207639  0.00387492  0.16994  -0.150255  0.184512  
-0.00140424  0.00230554  0.00401353  0.162038  -0.109191  0.187789  
-0.000878431  0.00198519  0.00371851  0.149591  -0.115377  0.170809  
-0.000731274  0.00235512  0.00363181  0.145819  -0.213711  0.15956  
-0.000596066  0.00228814  0.00365819  0.136169  -0.235747  0.108907  
-0.000309492  0.00214343  0.00342571  0.118815  -0.10899  0.0436986  
-0.000395036  0.00173225  0.00317242  0.110115  -0.0544148  0.0898694  
-0.00069531  0.00184953  0.00300792  0.102158  -0.0869019  0.137573  
-0.000248869  0.0024503  0.00292551  0.0763463  -0.161359  0.112303  
0.000579074  0.00174258  0.0010065  0.0112216  -0.150406  -0.267956  
-0.000298684  0.00162445  0.00206371  0.0366229  -0.09394  -0.122425  
-0.00113478  0.0015679  0.00258941  0.0740882  -0.0927582  -0.0328428  
-0.00149592  0.00219684  0.00284582  0.0857139  -0.140167  0.0376111  
-0.00155548  0.00255345  0.00349983  0.119773  -0.234071  0.0716063  
-0.00113478  0.00244892  0.0037808  0.110852  -0.269933  0.0473289  
-0.00101978  0.0029676  0.00380335  0.118589  -0.196607  0.0346267  
-0.00164746  0.00303777  0.00349983  0.112706  -0.186695  0.110016  
-0.00151328  0.00303777  0.00342573  0.120667  -0.199749  0.141609  
-0.00157168  0.00298112  0.00349983  0.0902806  -0.199717  0.124562  
-0.00110996  0.00278848  0.00328801  0.0799174  -0.286437  0.139903  
-0.00125219  0.00296516  0.00242995  0.0233896  -0.280713  0.066769  
2.75497e-05  0.0031604  0.00221334  -0.00780171  -0.244404  0.0385281  
-0.00105648  0.00257639  0.00214821  1.35204e-05  -0.157935  0.0275699  
-0.000909565  0.002549  0.00246945  0.0130509  -0.0984192  0.0779767  
-0.000926432  0.00259621  0.00247259  0.0124062  -0.098397  0.109791  
-0.000897162  0.00207976  0.00247293  0.0218027  -0.141933  0.148861  
-0.00123058  0.00279414  0.00298985  0.0372971  -0.246299  0.163647  
-0.00105701  0.00273794  0.00291917  0.0382998  -0.228957  0.108044  
-0.000810759  0.0023953  0.00238629  0.0249176  -0.129728  0.0464864  
-0.00205379  0.00303777  0.00241599  0.0236061  -0.0633579  0.138402  
-0.00167635  0.00246546  0.00248794  0.0280698  -0.0737831  0.170073  
-0.000761781  0.00239059  0.0025401  0.0293961  -0.140776  0.168781  
-0.00114521  0.00233454  0.00253208  0.0167358  -0.193021  0.097983  
-0.00107129  0.00214675  0.00214821  -0.00437189  -0.252557  0.0906759  
-0.00171168  0.00249062  0.00241911  0.0105018  -0.20991  0.0431663  
-0.00108471  0.00187331  0.00257982  0.0455655  -0.0892288  0.0811855  
-0.00159374  0.00237589  0.00277722  0.0341077  -0.0571765  0.113321  
-0.000808827  0.0019017  0.00232933  0.0273405  -0.0909369  0.118145  
-0.00144815  0.00215464  0.00254174  0.0198041  -0.112248  0.112966  
-0.000617964  0.00255207  0.00266919  0.0371855  -0.185475  0.111041  
-0.000911192  0.00227019  0.00300622  0.043414  -0.175728  0.0918722  
-0.00133634  0.00255207  0.003465  0.0750263  -0.139143  0.0527218  
-0.00135679  0.00188922  0.003465  0.0796123  -0.09808  0.0820954  
-0.00137878  0.00182959  0.00389665  0.0905999  -0.0850817  0.146506  
-0.00189942  0.00145996  0.00406305  0.104649  -0.115699  0.16935  
-0.00157847  0.00212914  0.0039229  0.0923741  -0.149733  0.146152  
-0.00148436  0.0014858  0.00432482  0.121595  -0.247719  0.132858  
-0.00116317  0.00212914  0.00402118  0.106065  -0.275194  0.109783  
-0.00105511  0.00159296  0.00373023  0.109247  -0.245061  0.098507  
-0.000944828  0.00144354  0.00403075  0.130315  -0.15531  0.150271  
-0.000836205  0.00174551  0.0043511  0.136901  -0.110176  0.160192  
-0.000569509  0.00123111  0.00460365  0.166822  -0.101048  0.177138  
-0.000857294  0.00111143  0.0049528  0.17201  -0.0813521  0.166209  
-0.00148748  0.00167089  0.00468457  0.155615  -0.157456  0.173088  
-0.000702151  0.0027672  0.00500079  0.186983  -0.25021  0.244211  
0.000388397  0.00309126  0.00503797  0.203914  -0.297184  0.264324  
0.00111965  0.00401545  0.00481233  0.251137  -0.141277  0.144086  
-9.53047e-05  0.00279192  0.00505109  0.227531  -0.0446086  0.0839964  
-0.00101972  0.00184929  0.00458789  0.213676  -0.0349738  0.109902  
-0.000733976  0.00265713  0.00497442  0.260063  -0.121029  0.162653  
5.3403e-05  0.00309897  0.00551501  0.293719  -0.153813  0.221769  
-0.000194852  0.00312683  0.00590853  0.301899  -0.141298  0.269529  
