-6.149965760571104667e+00
-6.149965760571104667e+00
-6.149965760571104667e+00
-6.149965760571104667e+00
-6.149965760571104667e+00
-6.149965760571104667e+00
-6.149965760571104667e+00
-6.149965760571104667e+00
-5.286234281270533408e+00
-3.161611900378549223e+00
-1.415140670858249017e+00
-1.132767511709741104e+00
-3.215875674709718801e+00
-5.279729894353361708e+00
-5.604480962655969734e+00
-6.877285043461376368e+00
-6.522656941004391307e+00
-5.853103358349981633e+00
-6.299201477140980998e+00
-5.892299579905140305e+00
-7.215571513261665793e+00
-7.283522014131513345e+00
-7.092313164310207085e+00
-6.964362477394000273e+00
-5.641083100066877520e+00
-6.770649352744898763e+00
-6.725254892672058560e+00
-6.391882935466940197e+00
-6.885307306046410503e+00
-5.978269725835281712e+00
-6.196783716766337768e+00
-6.068416863174471487e+00
-6.060162435510237700e+00
-6.736841533522826886e+00
-7.224279388049986039e+00
-7.041936951447596016e+00
-6.894217701387170827e+00
-6.801459438358766540e+00
-7.507434652339953551e+00
-8.106471307664351755e+00
-8.195768431867927362e+00
-5.879840731400014953e+00
-4.174498127173065676e+00
-9.235089058036463072e-01
2.972919492347386949e+00
5.016963260134212454e+00
6.589662288289602543e+00
7.924688130994462121e+00
8.642797263293815035e+00
9.327782601799583517e+00
9.936543873150991857e+00
1.053297729276317263e+01
9.898032319245132271e+00
9.475857617109872066e+00
9.579868032848688486e+00
9.713741644755403470e+00
1.023231343797476889e+01
1.038833909017670010e+01
1.066172381033687522e+01
1.037593863088723012e+01
9.505240865557016861e+00
9.395802042497273021e+00
9.601452437686795349e+00
9.468449178058836679e+00
9.429463369653326765e+00
8.792880803422136182e+00
8.175842346315960185e+00
7.662752939093055105e+00
7.618834105505960075e+00
8.100847555461360372e+00
8.440554323491952005e+00
8.592993257028620491e+00
8.578779937918140419e+00
9.026404686516423581e+00
8.504824700781577818e+00
8.043919328056082563e+00
8.445895187700170226e+00
8.628358429253987438e+00
8.817038917670330989e+00
8.296161540086362862e+00
7.243870993440680195e+00
5.635605282967855345e+00
2.986287730151229614e+00
9.040506839653847937e-01
-1.416014221951513274e+00
-4.435576688714252924e+00
-5.793390035912187486e+00
-6.949588186323749639e+00
-6.646597559688926182e+00
-6.163518179901999794e+00
-6.224265534416769441e+00
-6.107524558921414659e+00
-6.406628693446262623e+00
-5.902152401331594689e+00
-7.041593696771061950e+00
-7.724191969484344611e+00
-6.882906475971651616e+00
-6.983293233115737131e+00
-7.177247741255702529e+00
-7.180824746892289667e+00
-7.354021809646848595e+00
-6.523362520228413786e+00
-6.881082804178074497e+00
-6.676682876497578967e+00
-7.097054343261371301e+00
-7.163544633498175607e+00
-7.857829364296792463e+00
-8.054040466859094138e+00
-7.686163101161299416e+00
-7.500146548047114337e+00
-7.410530269857029673e+00
-7.406485153190847548e+00
-8.117769990000796909e+00
-7.734691596072175379e+00
-7.150027762245720453e+00
-7.394804982413543115e+00
-6.824856504769543974e+00
-7.550620338405185983e+00
-7.935572618779940690e+00
-8.436017607388452078e+00
-8.077977020147880438e+00
-7.339412685686149018e+00
-5.498707410853759470e+00
-3.503109937846651256e+00
-2.364063650632459712e-01
2.821582009813618175e+00
5.229929024211764421e+00
7.317713511203437271e+00
8.223562418667954788e+00
8.495387216274018272e+00
8.361318451069164936e+00
8.002956152421866420e+00
7.430553488308449417e+00
6.965057060440568826e+00
7.712146485227717285e+00
8.397391882219611858e+00
8.385100612290980138e+00
8.667909263825922750e+00
8.378560063786084200e+00
7.744547886619768562e+00
7.692301150263032739e+00
8.094363671137342564e+00
9.055963824729934331e+00
9.637066646240027623e+00
9.567139261974894282e+00
9.217844896085804152e+00
9.125234149590898625e+00
9.434440012206403381e+00
9.927197952351818344e+00
1.027359403915503400e+01
1.048289376913412774e+01
1.025322946761944998e+01
9.595762251566938517e+00
8.892169220816922959e+00
9.744237488850597373e+00
1.097067070578321690e+01
1.119768679571516401e+01
1.011383308170597495e+01
7.823704851847354647e+00
4.454661477948983261e+00
-4.536691032931601253e-01
-3.407829688851738759e+00
-4.308554182210329486e+00
-6.051867647271127915e+00
-6.635930722616975252e+00
-5.776327074629796776e+00
-6.641866043887040050e+00
-7.264541059295194003e+00
-6.405827439356874820e+00
-5.698068142395483981e+00
-5.884196385838114551e+00
-7.063010653490493063e+00
-7.280746132675957938e+00
-8.755928956391260343e+00
-8.766056788508418407e+00
-7.640346950530134684e+00
-5.437501173178667990e+00
-2.712130442101340133e+00
-2.433031954642368877e+00
-3.346068761589911844e+00
-4.726430918701312045e+00
-5.965252417943067265e+00
-7.743358758467012493e+00
-7.804678996813554370e+00
-6.777222131571688735e+00
-6.962549617932393353e+00
-6.307961772982145554e+00
-7.052414004249448531e+00
-7.229706913053027151e+00
-6.959290663857729875e+00
-7.048165658719769411e+00
-6.123364181628061509e+00
-5.521485506174879987e+00
-6.267883847799669894e+00
-7.444119296581690470e+00
-7.637445530283912376e+00
-6.823223583834544748e+00
-7.032828611389811968e+00
-6.804744005180035415e+00
-6.869843158157857843e+00
-7.094727045693477230e+00
-7.956151438891339467e+00
-8.082269403352169590e+00
-5.414738375563915795e+00
-3.138516514423177917e+00
-1.995532132261419456e-01
3.390723152589056433e+00
5.852312720014499980e+00
7.652610591543704821e+00
8.594932592975670360e+00
9.046104572332485105e+00
9.442927087071742775e+00
9.372169336730010514e+00
9.202821878509064746e+00
8.985050622803374409e+00
8.821983266884011243e+00
9.088597173157344500e+00
9.365046913052511357e+00
9.619486899903050059e+00
1.007891387236544922e+01
1.001785463306134005e+01
9.787297455850383798e+00
9.597967051855462728e+00
9.439029846567185800e+00
9.438426496780984110e+00
9.677310882298383987e+00
9.169175003727895401e+00
9.336404749050732477e+00
1.003311894226582979e+01
1.021378486658802487e+01
1.008807321753491948e+01
1.049409086601172802e+01
1.051479087463475004e+01
9.981342004800017875e+00
9.758792284546471407e+00
9.746083474987003115e+00
9.705785244859509220e+00
1.002700104194352093e+01
1.043861974592416786e+01
9.867621264100087330e+00
9.215322219782445146e+00
7.569848989790211036e+00
4.913002098507692317e+00
2.093744421326520389e+00
-6.192305024453398365e-01
-2.858503411292176111e+00
-4.769012176198772934e+00
-5.603717285436007778e+00
-5.369788062646070337e+00
-5.220665813521845777e+00
-5.492096639279118619e+00
-5.457886236494271515e+00
-5.775045300192306996e+00
-6.370507932323201672e+00
-6.942299326778039514e+00
-6.181976777873271267e+00
-6.651002428926033438e+00
-6.764368333287997359e+00
-7.474545341352968109e+00
-6.521314262369628523e+00
-7.075911568478249869e+00
-7.701388556728180568e+00
-7.076402917712901974e+00
-7.003159514989295786e+00
-6.074882133393804118e+00
-7.136052885306955140e+00
-7.643533689295828104e+00
-6.959954180327539319e+00
-6.834834587798742866e+00
-7.213792436751159443e+00
-7.015545645407841313e+00
-6.852113530507206285e+00
-6.986621103835482849e+00
-7.716293441704441314e+00
-7.804974746517153505e+00
-8.014014416438037358e+00
-7.066180759558061908e+00
-6.919357543109621922e+00
-6.831448897247450525e+00
-6.904985077564461449e+00
-7.742673511210593773e+00
-7.967834120986465152e+00
-7.679391579441681159e+00
-6.501414837036593397e+00
-4.604193828515267484e+00
-2.559708739178494064e+00
-1.692681634439754390e-01
2.309484974355548115e+00
3.705836658554767293e+00
4.813977186851873924e+00
5.542806614970275270e+00
5.909760111996259724e+00
5.935268790486188273e+00
6.454207762705691742e+00
7.043278283387385486e+00
7.587744748213006041e+00
7.826243268654103247e+00
7.628254912680597855e+00
7.467116308554821558e+00
7.219688801200505601e+00
6.974467490700563488e+00
7.129501296644960462e+00
7.867799120447542371e+00
8.081157392532430706e+00
7.582801427543341077e+00
7.202276122810133074e+00
6.707310627403839653e+00
6.710722923429067954e+00
7.185288377383611369e+00
7.785567308479054205e+00
8.085896057780484369e+00
7.812317345363245735e+00
7.037054707610945314e+00
6.774325832090216437e+00
6.737184176546450409e+00
6.984462453953811156e+00
7.148204070121515485e+00
