-2.019060446354959026e+01
-2.019060446354959026e+01
-2.019060446354959026e+01
-2.019060446354959026e+01
-2.019060446354959026e+01
-2.019060446354959026e+01
-2.019060446354959026e+01
-2.046017608429017187e+01
-2.109408075391268866e+01
-2.150400998078648485e+01
-2.161422949113910263e+01
-2.178643291749203570e+01
-2.199166577890153462e+01
-2.194832686105696951e+01
-2.170367151109519810e+01
-2.142441574329048137e+01
-2.115602907433899915e+01
-2.118967326207351221e+01
-2.135970207769007700e+01
-2.140688819078675564e+01
-2.131417225187250253e+01
-2.108110947730479623e+01
-2.079555919965364197e+01
-2.071914907692194063e+01
-2.081577073452679727e+01
-2.101909236807884795e+01
-2.105480661434423695e+01
-2.107180353165142961e+01
-2.093095467923871666e+01
-2.076715413176704672e+01
-2.087913311443527320e+01
-2.099280875728009477e+01
-2.110012077256625318e+01
-2.105273412146240020e+01
-2.076487223868759813e+01
-2.051710348770145842e+01
-2.035688889454906558e+01
-2.043817262122767886e+01
-2.066859169112403904e+01
-2.085628964788742934e+01
-2.087693251413246642e+01
-2.073870873559584638e+01
-2.074403118860379891e+01
-2.083203789692942820e+01
-2.102399420014151943e+01
-2.116130097158038481e+01
-2.095976970094104530e+01
-2.053106717979527929e+01
-2.017098540790596317e+01
-1.999847005480323148e+01
-2.033261088941408090e+01
-2.095869156400069144e+01
-2.136809349578216555e+01
-2.109004201339142170e+01
-2.048973837349476668e+01
-1.987593709464535152e+01
-1.954106614278362741e+01
-2.000270585165100456e+01
-2.088712343226877266e+01
-2.146717095628820005e+01
-2.065961791118845170e+01
-1.792541456179680992e+01
-1.360980568894471787e+01
-7.727130569469506938e+00
-1.010623487335182258e+00
5.810621057992618965e+00
1.244503700338688645e+01
1.806960779107890858e+01
2.271843260654067009e+01
2.636949075130823417e+01
2.833561552665689476e+01
2.896523412338938641e+01
2.933269735461712813e+01
2.965247669022803123e+01
2.952935931420822158e+01
3.129563583126839177e+01
3.258241649737961865e+01
3.250169193979229476e+01
3.322711253487923244e+01
3.318196220671005392e+01
3.369974262377316876e+01
3.462731924534957528e+01
3.516711482500847552e+01
3.592859864252567803e+01
3.515721924054980718e+01
3.318618945075688487e+01
3.135584134689194613e+01
2.916409233995231176e+01
2.812741161941261936e+01
2.816644869417208241e+01
2.872458999363860244e+01
2.931469661988825948e+01
2.922072494911244789e+01
2.896363319443939943e+01
2.844736893751085205e+01
2.870003373043902783e+01
2.912136626790551830e+01
2.937205829552024383e+01
2.986823783487626471e+01
2.981963840089962048e+01
2.934417565182461729e+01
2.903765832063469432e+01
2.907540771370202748e+01
2.964955864044140910e+01
2.987603330990483386e+01
3.006083981297145158e+01
2.992435038321538698e+01
2.978787440859038682e+01
2.981644226090989847e+01
3.017849400953534555e+01
3.079106513680835278e+01
3.106661981817816454e+01
3.090634431790994796e+01
3.053455597227182139e+01
3.015076326985148825e+01
3.011695036830762717e+01
3.056225385488489010e+01
3.094550186704501726e+01
3.119017468553714778e+01
3.084593631128472069e+01
3.026043194211730736e+01
3.002390572121927548e+01
3.092976563762751496e+01
3.281418473787119439e+01
3.533228131533468996e+01
3.717396374526498448e+01
3.812006524730187351e+01
3.751695930027133841e+01
3.566115784264601274e+01
3.421968662320539778e+01
3.399980918310774314e+01
3.530857553030355689e+01
3.741399363975486381e+01
4.013886335951460183e+01
4.198289873707313546e+01
4.229195799897362917e+01
4.194904346390155325e+01
4.113913664584153196e+01
4.059401851048765764e+01
4.141799708814713199e+01
4.243214406752824885e+01
4.311621915522471937e+01
4.203553369716313171e+01
3.783361020111217954e+01
3.118436151374419296e+01
2.210476645794760131e+01
1.250831279832377874e+01
4.258141453777918528e+00
-1.666167947800754501e+00
-4.766283269940062794e+00
-5.918197136100685540e+00
-5.829705013459889784e+00
-6.226568782835456339e+00
-7.058517233092822529e+00
-8.820300554226376377e+00
-9.630835292977691253e+00
-1.057234448228106416e+01
-1.098122931307775474e+01
-1.073832480370323772e+01
-1.053721412239491428e+01
-1.081397402558557985e+01
-1.177685121653374090e+01
-1.243732834940400345e+01
-1.318317391595662791e+01
-1.386854182529815738e+01
-1.385761804463107261e+01
-1.371217396591623583e+01
-1.401911874656014234e+01
-1.419869796928495731e+01
-1.431686930707923189e+01
-1.457988746966595706e+01
-1.486302431696813642e+01
-1.504612584562284994e+01
-1.521124370966216688e+01
-1.584309253559453268e+01
-1.622307963087291682e+01
-1.639738288280816292e+01
-1.629433644504781498e+01
-1.591271361046651478e+01
-1.561161752834375349e+01
-1.547248989664014474e+01
-1.567132634310524963e+01
-1.617414444338816182e+01
-1.675523718025575448e+01
-1.700492108340776198e+01
-1.693407647496356105e+01
-1.686135727368329640e+01
-1.678626955467792214e+01
-1.692517833294203200e+01
-1.715445252165150336e+01
-1.737518662959009319e+01
-1.748465656375236676e+01
-1.743320112346183848e+01
-1.741440779207318812e+01
-1.751491274291386091e+01
-1.771975147883382817e+01
-1.793534076477546790e+01
-1.807840346769500073e+01
-1.808102133496329600e+01
-1.789686040694941482e+01
-1.770352272864763776e+01
-1.765430935549029101e+01
-1.778039942244513227e+01
-1.795682255211162826e+01
-1.804797723273424026e+01
-1.799965920511385065e+01
-1.787222742300956568e+01
-1.778555807412398337e+01
-1.778463685124854976e+01
-1.788108407722108595e+01
-1.800030338223515258e+01
-1.803990225197484776e+01
-1.797137304859838025e+01
-1.785735015733804332e+01
-1.782872545098448214e+01
-1.785274241943254481e+01
-1.784242792071058048e+01
-1.787773925392005481e+01
-1.785811119933010715e+01
-1.782774784166041471e+01
-1.781847446131538959e+01
-1.791260766130774584e+01
-1.816518677603698251e+01
-1.824667949348104301e+01
-1.816163930377800639e+01
-1.801161792664146333e+01
-1.782068051099842521e+01
-1.769197353519851035e+01
-1.780399525489738366e+01
-1.806072235502773182e+01
-1.822843260375893948e+01
-1.826013953507642285e+01
-1.814339781772782345e+01
-1.789752526909906294e+01
-1.776762263892060290e+01
-1.783727862789627494e+01
-1.796694029431515816e+01
-1.809573194494637605e+01
-1.809933760206373776e+01
-1.787955156097636689e+01
-1.763597795776717803e+01
-1.756887259564605586e+01
-1.763225884748830552e+01
-1.782991633778815199e+01
-1.801954123367714899e+01
-1.813179202130810808e+01
-1.806067132450343138e+01
-1.793270517330928371e+01
-1.795250321444499519e+01
-1.804427854649153318e+01
-1.819106371492534890e+01
-1.821623028886936879e+01
-1.809911809388606585e+01
-1.793654895180531028e+01
-1.789211664493471332e+01
-1.796706651760690931e+01
-1.811941623518276145e+01
-1.820825534629300790e+01
-1.815919101624121268e+01
-1.797999801391586416e+01
-1.786417869337720887e+01
-1.786518433956676688e+01
-1.805122969722497217e+01
-1.824903058079189577e+01
-1.825924956633647511e+01
-1.810886727450228761e+01
-1.788244767124740520e+01
-1.774518239568144296e+01
-1.781115846488658505e+01
-1.808959777084623255e+01
-1.836783653857583332e+01
-1.837332676076813698e+01
-1.807963237171937010e+01
-1.773680327236593968e+01
-1.766050604594116891e+01
-1.794066149006672717e+01
-1.828803458105812396e+01
-1.850319715925508035e+01
-1.833323640182074143e+01
-1.781189538542767536e+01
-1.747001351764952304e+01
-1.766895005231653926e+01
-1.833837664407478130e+01
-1.884946983981094348e+01
-1.815675659381514251e+01
-1.549298384303340370e+01
-1.053134231783398178e+01
-4.118432723294824349e+00
3.012376688932489444e+00
9.379043415881444190e+00
1.447758939087533214e+01
1.919449339045385727e+01
2.326845874147747395e+01
2.717187954727841515e+01
3.021636948644981757e+01
3.299192387659800829e+01
3.294427856707506663e+01
3.154072867051165829e+01
3.011590172664006104e+01
2.829242039249860952e+01
2.794358125153774353e+01
2.880363510284581352e+01
3.059211216901580599e+01
3.184927371006015306e+01
3.258550400602366892e+01
3.252346355661468635e+01
3.237436985337493667e+01
3.147858680113676400e+01
3.137836246264624052e+01
3.128425230467895446e+01
3.081997261304524471e+01
3.072056135163244051e+01
3.063358255235364780e+01
3.102998700494989492e+01
3.185707489987924035e+01
3.318646535768361616e+01
3.437681420471957949e+01
