-1.387425647899603431e+00
-1.387425647899603431e+00
-1.387425647899603431e+00
-1.387425647899603431e+00
-1.387425647899603431e+00
-1.387425647899603431e+00
-1.387425647899603431e+00
-1.387425647899603431e+00
-1.387425647899603431e+00
-1.387425647899603431e+00
-1.476922953451803799e+00
-2.314575685376911718e+00
-5.172056389582971647e+00
-9.165459013915040032e+00
-7.304267870870843282e+00
-1.016891495356376751e+01
-1.097525925381711964e+01
-9.265744517386812262e+00
-6.712337620672599314e+00
-8.954239886419255612e+00
-7.756070988569456759e+00
-7.125154978281869056e+00
-9.921752611863370319e+00
-1.169901571457805112e+01
-1.099926183335347218e+01
-1.116013915219297914e+01
-8.618673357033344473e+00
-6.244362775765962326e+00
-6.895155692034556694e+00
-5.703278419512900044e+00
-7.563065935336641843e+00
-1.049129037969102995e+01
-1.076532520476883903e+01
-9.773255674744447674e+00
-1.076307099403846834e+01
-9.287112160688293372e+00
-9.172937685037759081e+00
-9.644373067252647758e+00
-9.586860772126300390e+00
-1.188877502114587159e+01
-1.215864569951054541e+01
-1.139707094512745300e+01
-1.328343919711162258e+01
-1.211663115355397480e+01
-9.240597628408076858e+00
-6.594045191224265245e+00
-3.230739703570857380e+00
1.339603399932104422e-01
4.257018745337050269e+00
6.363056338489106345e+00
8.648676996936028871e+00
1.064974618862251887e+01
1.191996231254429084e+01
1.201607855488066789e+01
1.291709721858138593e+01
1.280213985684254396e+01
1.128976801180250256e+01
1.081917894535394176e+01
1.182710965215780696e+01
1.211540205074294185e+01
1.183422337281520775e+01
1.262538104041348497e+01
1.268112901579086760e+01
1.249313914951730631e+01
1.201311560024709735e+01
1.343813970494677257e+01
1.380223870872488234e+01
1.363267565253343960e+01
1.379814200095561816e+01
1.484240676221609867e+01
1.198779934223348853e+01
1.184140940185434587e+01
1.225348606681330033e+01
1.268647372366387494e+01
1.267556692312052391e+01
1.394476947585524051e+01
1.369612232279949104e+01
1.236576108771208204e+01
1.269215081637572773e+01
1.349566704613441281e+01
1.460215854223366883e+01
1.647083997525492194e+01
1.539868832452418523e+01
1.272342612823404728e+01
7.636541186165518802e+00
3.238883528839537007e+00
-2.361483310753828835e-01
-1.648103472838044370e+00
-4.107478403635427711e+00
-3.552809352896224571e+00
-6.924396682595003405e+00
-6.966087094656566059e+00
-8.400896899418794916e+00
-1.217733073349815598e+01
-1.271624895683742018e+01
-1.146273319712499728e+01
-1.389283396887279842e+01
-1.500873051352362886e+01
-1.457128227739969262e+01
-1.226014702044947491e+01
-9.197711476286235310e+00
-8.401862816338095286e+00
-7.520467240831175459e+00
-5.563626541205212384e+00
-1.087427372010705184e+01
-1.184522691780471959e+01
-1.180666917935920424e+01
-1.275735354269633248e+01
-1.269410997193515200e+01
-1.020030364911753651e+01
-1.081590618471693688e+01
-1.134224644949351557e+01
-1.151222131106010416e+01
-9.827872661302997415e+00
-1.026518847578756599e+01
-1.074671293878726708e+01
-1.179262246149929894e+01
-1.398513412442558490e+01
-1.465952275889435619e+01
-1.287514177961612916e+01
-1.213488630793836620e+01
-1.025835848590904931e+01
-7.598190530442646917e+00
-8.813064796437615200e+00
-1.137722008553330966e+01
-1.089067585034005070e+01
-1.161506114490284070e+01
-5.120766659423244604e+00
-3.949927441221001700e-01
4.522572505172648860e+00
7.543805966140642916e+00
9.573196147931275490e+00
1.043593732547599551e+01
1.061751077409066291e+01
1.039574548969537204e+01
1.215179097269618147e+01
1.141754606203828715e+01
1.196704097207688733e+01
1.218146703001630549e+01
1.189994155002707821e+01
1.163928653930731372e+01
1.197309997891068534e+01
1.388485391122852874e+01
1.280293386525495514e+01
1.359377825654829586e+01
1.313603330368736088e+01
1.288127962474656663e+01
1.346828703322865373e+01
1.230338972692718968e+01
1.249795447413296223e+01
1.335018895725696098e+01
1.370462270528085824e+01
1.405427336576556563e+01
1.474888206110149547e+01
1.317054853304718698e+01
1.432126217920669298e+01
1.352255172118998416e+01
1.310497608361267474e+01
1.336339567352241353e+01
1.414918333844791754e+01
1.591697146244778516e+01
1.477711017424237383e+01
1.361455472956066615e+01
1.088273384174396696e+01
6.892066949229282535e+00
4.327293891838499107e+00
-5.923557641358323522e-01
-1.945029773659734840e+00
-4.766362850295496223e+00
-4.916986405732905574e+00
-4.993118372602373789e+00
-5.831964082751007972e+00
-7.539091126382910346e+00
-6.868698125637312302e+00
-6.209127081642345836e+00
-7.394280043169289662e+00
-6.203214178161422510e+00
-7.673130776037575984e+00
-6.767947908787067313e+00
-7.689301233492388477e+00
-8.435333589663528642e+00
-6.829023173044980410e+00
-6.963418527143865333e+00
-8.819789591706829412e+00
-9.088067151323315329e+00
-6.979781481468132931e+00
-8.769325199811067506e+00
-9.096944286666078128e+00
-8.289332121409078269e+00
-7.354842187629886396e+00
-8.827297377285660218e+00
-8.771390927105837676e+00
-8.465003706621319068e+00
-7.347827259171019421e+00
-7.656160142472259622e+00
-7.414098784311841328e+00
-6.969410878759491723e+00
-9.439359362789566887e+00
-1.010195209572205677e+01
-1.131768410585670281e+01
-1.087876496493792544e+01
-1.041493149579190813e+01
-1.045523917049973406e+01
-9.309033453389599089e+00
-4.531094266105931467e+00
-3.230929080333831749e+00
2.763122755587108070e+00
6.095713085411391674e+00
1.048570450844097657e+01
1.232641516082623490e+01
1.323969030990347129e+01
1.290808052524436711e+01
1.262253882630410295e+01
1.126639865172005095e+01
1.295398637174022483e+01
1.468145509903370716e+01
1.502731643857839217e+01
1.536352248108041074e+01
1.511879584511020091e+01
1.302228074496460408e+01
1.234271539041509236e+01
1.316821039965201479e+01
1.398379286820447653e+01
1.418489230930789624e+01
1.376119127609939774e+01
1.466632571506337612e+01
1.395154188143636276e+01
1.332217659985366254e+01
1.403966735569944291e+01
1.366325683644023670e+01
1.319712067102557107e+01
1.256907884147183374e+01
1.375272485398821587e+01
1.531585146949747411e+01
1.621984745909819026e+01
1.520731550406316224e+01
1.231860205295043365e+01
6.579846964829722644e+00
7.458596517189353126e-02
-5.041486313950255926e+00
-6.750473381730258460e+00
-7.872946247176352941e+00
-4.837606122121379748e+00
-3.952198324960671361e+00
-4.905729874242223509e+00
-7.307047746223012119e+00
-8.574337835715386547e+00
-1.164876306655273552e+01
-1.128482714908576767e+01
-1.157013313280554279e+01
-9.535189134462255467e+00
-8.591038647720512955e+00
-1.129938724000282413e+01
-9.851080834054126711e+00
-1.014125811806730049e+01
-1.288573150438201509e+01
-1.150565861767107556e+01
-1.098165172121034949e+01
-1.054776179680784765e+01
-1.175965120110306295e+01
-1.192637289544392942e+01
-1.059532681613731420e+01
-1.375194889570765078e+01
-1.147635222082932849e+01
-1.322891418189160717e+01
-1.087381451932949616e+01
-1.154732012989450674e+01
-1.089041763201505830e+01
-1.179263075293022567e+01
-1.131354392753767968e+01
-1.036186529209244078e+01
-1.120359548695964591e+01
-8.472427853616066429e+00
-4.555910423166367629e+00
1.096744136577668893e+00
5.327852297392219327e+00
8.475724892106903496e+00
1.177782829182572755e+01
1.129095997129778262e+01
1.006420430991990145e+01
1.064993701281220950e+01
1.173052507311060744e+01
1.145536078981090000e+01
1.286264624643724375e+01
1.277354483244124062e+01
1.308398749088503088e+01
1.243871698332608311e+01
1.408585794743584074e+01
1.476230741699316518e+01
1.510358216053217362e+01
1.495350736743472808e+01
1.405638844175665625e+01
1.415413448586827450e+01
1.376943964626687311e+01
1.492322690414856012e+01
1.557577511204090825e+01
1.527233617501386043e+01
1.504412509699530887e+01
1.432452933263709305e+01
1.389328761266113688e+01
1.578404690826607393e+01
1.621664570181225073e+01
1.466333458361900277e+01
1.210758641458115825e+01
6.935957281847266565e+00
2.152684822352862515e+00
-3.357192252465279303e+00
-3.603583462773898294e+00
-3.459398832601692231e+00
-4.678421528696336651e+00
-5.537903124267002930e+00
-6.535517598935979500e+00
-1.059543026365644103e+01
-1.120967667411539459e+01
-1.167055602714732210e+01
-1.024549949649042446e+01
-6.085097758813589053e+00
