-2.755276314282555461e+01
-2.755276314282555461e+01
-2.755276314282555461e+01
-2.755276314282555461e+01
-2.755276314282555461e+01
-2.744515085632979279e+01
-2.681756822516877747e+01
-2.640263303727498467e+01
-2.675673314413188564e+01
-2.726787539670559468e+01
-2.765840489579197836e+01
-2.758250595234011371e+01
-2.686049228632504082e+01
-2.642945481756795800e+01
-2.627163048638196940e+01
-2.647826241912263256e+01
-2.678765784016395202e+01
-2.736570907867838542e+01
-2.728578944039055187e+01
-2.684609719950723061e+01
-2.627754167014958142e+01
-2.598524102103732503e+01
-2.615632519816472623e+01
-2.672697024523126075e+01
-2.714536607341527841e+01
-2.733126320168975099e+01
-2.730425266028477083e+01
-2.675802487786104322e+01
-2.648763966500580125e+01
-2.656786086766715016e+01
-2.679862161143109844e+01
-2.699026715833219470e+01
-2.700817472820016718e+01
-2.663298000819822420e+01
-2.643356772995014836e+01
-2.644633407771957678e+01
-2.649861148486718676e+01
-2.690518644664052772e+01
-2.692725926763938560e+01
-2.670133044040391823e+01
-2.626949155462264329e+01
-2.604687397692556772e+01
-2.618358476553166980e+01
-2.675812323935571513e+01
-2.724622658692180011e+01
-2.746519627988170953e+01
-2.725768617864628141e+01
-2.694970359303762564e+01
-2.667628629560673303e+01
-2.689895603599819296e+01
-2.753609568082677228e+01
-2.765600130498160780e+01
-2.727069705993816484e+01
-2.671031770244211856e+01
-2.597811996341627250e+01
-2.569110232729110166e+01
-2.617306948382471177e+01
-2.714163330716416311e+01
-2.770306822673451919e+01
-2.683103591738940352e+01
-2.397775793459722138e+01
-1.978271057372202435e+01
-1.481990912964351281e+01
-8.721987242184658484e+00
-2.518024654406255447e+00
2.647027121880407119e+00
8.389768650100920766e+00
1.443208080137965688e+01
1.891422556328126703e+01
2.202458403918685548e+01
2.475635765116578213e+01
2.623873832940896733e+01
2.544010644704215096e+01
2.667710875098060441e+01
2.762737132791307104e+01
2.792403063490580806e+01
2.863342622615346400e+01
2.941164830847806400e+01
2.925278341767672785e+01
3.023748402693891890e+01
3.055659472607945304e+01
3.108511972067229223e+01
3.190624159688201189e+01
3.177211693638177081e+01
3.100127582150954098e+01
3.048719905926045826e+01
2.999229469402096271e+01
3.003290227414473179e+01
3.006849253894135998e+01
3.076842902640785127e+01
3.144526119909437512e+01
3.143121496328203435e+01
3.162915661528541023e+01
3.229180184387620045e+01
3.251774230765549589e+01
3.252818884793593668e+01
3.241399095398098495e+01
3.191110710012177876e+01
3.105061146079672696e+01
3.043524110124038629e+01
3.052047868825510335e+01
3.132022516654708610e+01
3.174125664542496850e+01
3.220926600213231694e+01
3.248865584636641302e+01
3.229431733229774437e+01
3.201903969715760923e+01
3.205662704344547365e+01
3.218695427471288895e+01
3.227373038588167731e+01
3.215724207739238949e+01
3.212598201802835263e+01
3.207796530895154064e+01
3.219763781001162783e+01
3.252079749889466598e+01
3.277645789384325070e+01
3.289058478677394959e+01
3.280842221312317974e+01
3.231284630973446070e+01
3.193600211536598366e+01
3.196561876151562132e+01
3.217391965559786371e+01
3.246309073981761628e+01
3.313408052061207343e+01
3.371059745466288859e+01
3.473137241365053285e+01
3.570225356083122392e+01
3.668024302614161769e+01
3.744540752655131399e+01
3.784911958195276327e+01
3.751185677713229438e+01
3.743541995665524524e+01
3.752430046249853746e+01
3.832091570888122334e+01
3.878372229335913346e+01
3.916373297555825417e+01
3.905702701199375326e+01
3.837550816843940282e+01
3.771547118280103916e+01
3.817707920966987700e+01
3.922436739937847250e+01
3.912906512876816123e+01
3.669535356418775507e+01
3.093077555004283496e+01
2.195839887438291882e+01
1.101702242917559005e+01
1.380488738717309261e+00
-4.953655081690353512e+00
-7.542789126879694273e+00
-8.437055011142346572e+00
-7.890797431569708031e+00
-8.287744756171697702e+00
-1.035099555825085638e+01
-1.404389026276609620e+01
-1.559653573434682095e+01
-1.670132824364529966e+01
-1.645738748424128062e+01
-1.572398661645952522e+01
-1.605036252115064954e+01
-1.679287201913813377e+01
-1.912761484944560308e+01
-2.066551560239911112e+01
-2.128034535358934676e+01
-2.134914684928853390e+01
-2.084185142158075266e+01
-2.104670153154594914e+01
-2.152207521055376915e+01
-2.236667896533890243e+01
-2.371312534440041730e+01
-2.410558586889305843e+01
-2.386262085463576099e+01
-2.374638615653736196e+01
-2.402108338955487810e+01
-2.429806172938134878e+01
-2.499341955868539600e+01
-2.556826790605884625e+01
-2.585381507552273206e+01
-2.556566202773386820e+01
-2.537871650020963799e+01
-2.568288345053023392e+01
-2.609945342159758752e+01
-2.659959333846420648e+01
-2.690851699577840250e+01
-2.703972281938997924e+01
-2.690877938683814108e+01
-2.673977715564344138e+01
-2.678982757697540862e+01
-2.717199398758147666e+01
-2.760569928824512331e+01
-2.776042536887669243e+01
-2.773452933613629767e+01
-2.756419039535852278e+01
-2.754215957353348543e+01
-2.759136155966035631e+01
-2.782969804609574282e+01
-2.821027107055212468e+01
-2.831631093667934707e+01
-2.813100639049132567e+01
-2.793079989831557697e+01
-2.793928660547999243e+01
-2.807907782060938828e+01
-2.839281581557925804e+01
-2.854296243743643657e+01
-2.878605222875585667e+01
-2.863992050142162071e+01
-2.824538200238595564e+01
-2.797718982241561392e+01
-2.833607639975190651e+01
-2.856051223735016009e+01
-2.863662444784997163e+01
-2.820734918651477585e+01
-2.658624960481019528e+01
-2.283731987414475739e+01
-1.732519437197025169e+01
-1.072994794255389195e+01
-3.056261493147522046e+00
4.716359226453684883e+00
1.128026298035434927e+01
1.541802770813455226e+01
1.872700233465570463e+01
2.053810109367586989e+01
2.165893676359504028e+01
2.217420552966509817e+01
2.346728037353206631e+01
2.517184277116006186e+01
2.682453396724783090e+01
2.780172586352244934e+01
2.855927509621794158e+01
2.843635349095973197e+01
2.764660288220562023e+01
2.708652423520626940e+01
2.694894706123895745e+01
2.777235454712606000e+01
2.839405002070025219e+01
2.959116035673753942e+01
3.012402818160108353e+01
2.994705362339310994e+01
2.902309247990389096e+01
2.795051122645763897e+01
2.703578409086900791e+01
2.670103942929527818e+01
2.685968179301399061e+01
2.732269308401169283e+01
2.787287429115619730e+01
2.815090168249580316e+01
2.820505374026704715e+01
2.842831837681685059e+01
2.845144718412168316e+01
2.866820903421587374e+01
2.903086390613954038e+01
2.892295796981604639e+01
2.910949291508492465e+01
2.923118687756981515e+01
2.916962826414204812e+01
2.954083013381694300e+01
2.971628927404206166e+01
2.981764407975268938e+01
2.979094484284930289e+01
2.966574655919326986e+01
2.969613475244708667e+01
2.954012455266373749e+01
2.974464471732048310e+01
2.994715466858403730e+01
3.018995017634176392e+01
2.990091152166905530e+01
2.970859419965573522e+01
2.949954509615755427e+01
2.938181385136218893e+01
2.972201734408296048e+01
3.026006425076715445e+01
3.099621663414909989e+01
3.170329229858288045e+01
3.254209775223689149e+01
3.323823544726501211e+01
3.393814505971288753e+01
3.455857652680271030e+01
3.494435489542155437e+01
3.559121214751864670e+01
3.628390667863462937e+01
3.650141916790190066e+01
3.604636113888575011e+01
3.424870585103023046e+01
2.988177797667789903e+01
2.355608951503899817e+01
1.500985026387726151e+01
6.261745957908506632e+00
-1.494431974098153093e+00
-8.040492348043628112e+00
-1.090064727293703406e+01
-1.249668602363378511e+01
-1.366106818072094597e+01
-1.404889112444035248e+01
-1.470336462788340448e+01
-1.702062697790875490e+01
-1.841190569961365853e+01
-1.905371827319133970e+01
-2.017516453115704422e+01
-2.043381936125419429e+01
-2.106844691357075305e+01
-2.164365223034270258e+01
-2.284350591835550404e+01
-2.351904767136516838e+01
-2.438592954624038356e+01
-2.474305133644959653e+01
-2.482358933280059432e+01
-2.528995412848002999e+01
-2.544067561993520599e+01
-2.582454605124674174e+01
-2.631265465948261451e+01
-2.699486670900031626e+01
-2.712536866818595982e+01
-2.756411681848076967e+01
-2.786319722450624425e+01
-2.798752340105102121e+01
-2.808966063377500433e+01
-2.800814791873824205e+01
-2.821926453068023832e+01
