6.136496091171951051e+00
5.291926981735529445e+00
3.597317592624907245e+00
1.464609376982203282e+00
-1.522463546347933239e+00
-4.076284878720644045e+00
-6.833321821385967887e+00
-7.404692590396010132e+00
-7.273692376827263217e+00
-7.585219929386987303e+00
-6.697548702817091026e+00
-6.554812544401411145e+00
-7.116647541036118518e+00
-8.606746675851759676e+00
-9.609969207450713924e+00
-1.002701493405971966e+01
-7.859963035071999116e+00
-6.148168073973517167e+00
-4.179133571858303142e+00
-1.899317950893765872e+00
-1.872057946182686283e+00
-3.849816195094187599e+00
-4.846102702707405285e+00
-5.752328246172650594e+00
-6.250081301904175213e+00
-6.351919274613289979e+00
-6.239091521076479019e+00
-4.520680825280680715e+00
-6.601211470120362357e+00
-6.775571037120489137e+00
-4.895148140306366358e+00
-6.171982583636448361e+00
-6.708868082722057480e+00
-4.574601008058793994e+00
-5.250985988931970994e+00
-6.806420724380630283e+00
-5.951545771603227841e+00
-6.891260847170712189e+00
-7.285696727358407898e+00
-5.727898929416104679e+00
-5.480048499512562010e+00
-6.339365522387135243e+00
-5.102642979401116996e+00
-3.870512074865833707e+00
-3.486940096357449281e+00
-1.760279771100411672e+00
1.539451426806021539e+00
3.462428685786752780e+00
4.066397743298963086e+00
6.027407673789661580e+00
6.874853082221784817e+00
6.873225638099357049e+00
6.984379172144402403e+00
6.745885539163007039e+00
7.934815087396587252e+00
7.411224379859696398e+00
6.003100943654895438e+00
6.162885194032005742e+00
5.719183074649632381e+00
4.745581006921264944e+00
4.599698935352988904e+00
4.876708771195120917e+00
5.454770285357239956e+00
5.850024480628755796e+00
6.702032351438440116e+00
7.140874765002585889e+00
7.883689872799978460e+00
8.014900423836920140e+00
8.263505025417465788e+00
9.298797195726603348e+00
1.039062557489776495e+01
1.160923728461023963e+01
1.197412018090222574e+01
1.231780023834381765e+01
1.195679366527030574e+01
1.005962650775623146e+01
9.725696485244952783e+00
9.659390546714535120e+00
1.083880189253883763e+01
1.119087634583616264e+01
1.108760629151353072e+01
8.742142246260517169e+00
5.720411820884682363e+00
2.475758128697261640e+00
-1.994571502815609687e+00
-2.818336439256393877e+00
-4.710248697058258216e+00
-4.473398823378319733e+00
-4.698015515553521482e+00
-4.232664844043620533e+00
-5.251639172479288575e+00
-5.387860936898557718e+00
-6.198468234987318581e+00
-5.599545399681444380e+00
-5.973374876604305328e+00
-5.851430868038107747e+00
-5.303472671262973392e+00
-6.353369209743948254e+00
-6.354924364655237135e+00
-6.776121237983046441e+00
-6.879994863790336979e+00
-6.958687661839746852e+00
-7.080905379546544864e+00
-6.236523634886006917e+00
-6.187605241469081641e+00
-6.149943291711580606e+00
-4.774779902146344845e+00
-5.506990811440755529e+00
-4.824366389914813702e+00
-5.595194083221191050e+00
-6.921197042975114400e+00
-5.538927892983735113e+00
-6.137312257832530094e+00
-4.723415936800730464e+00
-4.802670123090240217e+00
-4.348214008433826550e+00
-5.297182686397796658e+00
-5.559721083715047030e+00
-6.213743902973156708e+00
-6.796930636939498172e+00
-6.773249172204318214e+00
-5.443439444288493689e+00
-4.034896355248467792e+00
-1.061355673077116091e+00
2.298837785119264066e+00
6.211761661996499484e+00
9.514709245444223029e+00
1.202134119710234117e+01
1.247938137381511225e+01
1.259163470209923474e+01
1.097159804575859177e+01
1.053850313040029363e+01
1.038460247132566394e+01
1.001971788547213471e+01
1.097370670623353206e+01
1.031737336277303285e+01
9.159111026220168483e+00
7.113318376277767641e+00
6.732382669070641867e+00
6.259352143227848053e+00
6.387213235280825074e+00
6.741368224185584346e+00
7.730068669747383048e+00
6.554946403730608218e+00
5.898287349466423635e+00
5.008042994210233800e+00
5.706210328440186608e+00
6.373464718827673181e+00
7.308292242702933983e+00
7.499394198248133137e+00
7.163929952329660011e+00
4.955729193580742376e+00
1.888171097589144587e+00
-4.034227094203632902e-01
-1.517250354505787158e+00
-2.045734087080353980e+00
-1.385291868361237411e+00
-1.949654103713036823e+00
-2.136102456222572776e-01
-9.340415592630744168e-01
-3.006173034929872312e+00
-3.314538228803345810e+00
-3.122305095338480996e+00
-5.238964812373822610e+00
-5.415872211013455839e+00
-4.567234962201140114e+00
-5.531872512361595717e+00
-6.139399603024855878e+00
-6.564756950774523148e+00
-5.605722162243181650e+00
-6.499823653009578095e+00
-7.083462764816279567e+00
-6.974424307011878987e+00
-5.993039535270779261e+00
-7.103607875560388862e+00
-5.922412898553741201e+00
-5.440396235047997742e+00
-6.028178972255206602e+00
-4.725992740665751590e+00
-5.829265818015954004e+00
-8.090444343181284026e+00
-7.574084202577736846e+00
-8.205984816207033461e+00
-7.695825493287373753e+00
-6.652806442275569054e+00
-4.511010203194844692e+00
-3.988984283149662691e+00
-5.464913654039223800e+00
-5.938714877140233384e+00
-6.165420595579306884e+00
-6.893487141941174734e+00
-6.585110811917051166e+00
-3.141366692544481865e+00
-3.235375702397849107e-01
9.571801122860950084e-01
3.690115179250401667e+00
4.552635564992956851e+00
4.921313773172500738e+00
5.293501565869656034e+00
6.401706372458042082e+00
6.894867322370396678e+00
7.571836278839472634e+00
7.689127809596464580e+00
8.232284889956909879e+00
8.356656294131450835e+00
9.925164663687183975e+00
9.857415044102799229e+00
9.775642895346715378e+00
1.047413680259983693e+01
1.021986739192491633e+01
1.010841122005007975e+01
1.054085803257046550e+01
1.163717565293566736e+01
1.145447853075797262e+01
1.085807575025958727e+01
1.068995864852633915e+01
1.002575282395004841e+01
9.568674338110078281e+00
1.037230686756569220e+01
1.132552879626239317e+01
1.233460519554575008e+01
1.085336198052014112e+01
8.664453394717781975e+00
4.175052386441919339e+00
7.126667482230009121e-01
-2.670228171332399203e+00
-3.645405435398693328e+00
-4.552405841746021586e+00
-3.425940721366263375e+00
-4.664283310795103610e+00
-4.856553394789761668e+00
-5.741205414603344437e+00
-5.949557329990990517e+00
-5.732275508654131713e+00
-5.181617803665272248e+00
-5.113155257202167014e+00
-4.492914371653788486e+00
-4.974556854795634919e+00
-5.537853812255445263e+00
-5.287422290254579771e+00
-5.462927551919976032e+00
-4.719020188248179259e+00
-5.003559585040903812e+00
-5.511135740596214916e+00
-1.074655584453101476e+01
-1.074655584453101476e+01
-1.074655584453101476e+01
-1.074655584453101476e+01
-1.074655584453101476e+01
-1.074655584453101476e+01
-1.074655584453101476e+01
-1.074655584453101476e+01
-1.074655584453101476e+01
-1.074655584453101476e+01
-1.074655584453101476e+01
-1.074655584453101476e+01
-1.074655584453101476e+01
-1.074655584453101476e+01
-1.074655584453101476e+01
-1.074655584453101476e+01
-1.074655584453101476e+01
-1.074655584453101476e+01
-1.074655584453101476e+01
-1.074655584453101476e+01
-1.074655584453101476e+01
-1.074655584453101476e+01
-1.074655584453101476e+01
-1.074655584453101476e+01
-1.074655584453101476e+01
-1.074655584453101476e+01
-1.074655584453101476e+01
-1.074655584453101476e+01
-1.074655584453101476e+01
-1.074655584453101476e+01
-1.074655584453101476e+01
-1.074655584453101476e+01
-1.074655584453101476e+01
-1.074655584453101476e+01
-1.074655584453101476e+01
-1.074655584453101476e+01
-1.074655584453101476e+01
-1.074655584453101476e+01
-1.074655584453101476e+01
-1.074655584453101476e+01
-1.074655584453101476e+01
-1.074655584453101476e+01
-1.074655584453101476e+01
-1.074655584453101476e+01
-1.074655584453101476e+01
-1.074655584453101476e+01
-1.074655584453101476e+01
-1.074655584453101476e+01
-1.074655584453101476e+01
-1.074655584453101476e+01
-1.074655584453101476e+01
-1.074655584453101476e+01
-1.074655584453101476e+01
-1.074655584453101476e+01
-1.074655584453101476e+01
-1.074655584453101476e+01
-1.074655584453101476e+01
-1.074655584453101476e+01
-1.074655584453101476e+01
-1.074655584453101476e+01
-1.074655584453101476e+01
-1.074655584453101476e+01
-1.074655584453101476e+01
-1.074655584453101476e+01
-1.074655584453101476e+01
-1.074655584453101476e+01
-1.074655584453101476e+01
-1.074655584453101476e+01
-1.074655584453101476e+01
-1.074655584453101476e+01
-1.074655584453101476e+01
-1.074655584453101476e+01
-1.074655584453101476e+01
