-2.536779871148049637e+01
-2.542608635577040843e+01
-2.565278633896850025e+01
-2.589674056923410816e+01
-2.592263701123243536e+01
-2.569935250729391996e+01
-2.549474493982786072e+01
-2.519922658505354107e+01
-2.532957602140916009e+01
-2.555772321897434196e+01
-2.585390546631611386e+01
-2.605779418297105110e+01
-2.603378904215916023e+01
-2.577503873737116535e+01
-2.571014501090223803e+01
-2.572722115904088014e+01
-2.585495519589549218e+01
-2.609367184327795641e+01
-2.614630321398246693e+01
-2.610627416720171112e+01
-2.584994511361409053e+01
-2.575942641131290856e+01
-2.589170414746501336e+01
-2.617134098644035234e+01
-2.635603283810898390e+01
-2.631601219861973462e+01
-2.612978454327797451e+01
-2.589177504806748331e+01
-2.556120714104499569e+01
-2.555672403986004326e+01
-2.590319937643914017e+01
-2.610250741456739476e+01
-2.617795008367427201e+01
-2.610631623087206776e+01
-2.595913724302399572e+01
-2.588787440200811929e+01
-2.595549392349072093e+01
-2.624078171635301615e+01
-2.651865006760762355e+01
-2.636804838767643488e+01
-2.595093137389313043e+01
-2.578113256716936519e+01
-2.549924880471163391e+01
-2.571926515497309040e+01
-2.633400219464773073e+01
-2.657894164423890615e+01
-2.657815052385184984e+01
-2.624443300975291038e+01
-2.585165785240436165e+01
-2.565743961152222141e+01
-2.602435257415345760e+01
-2.686121115450348995e+01
-2.666762076981827079e+01
-2.448940111898299676e+01
-1.995075112466137313e+01
-1.318853288546353753e+01
-3.077820114302634913e+00
5.322074273532701127e+00
1.262311223344077504e+01
1.833492728246489278e+01
2.114164004461775903e+01
2.264693460733726482e+01
2.322481204364052232e+01
2.510908040145108089e+01
2.680160826783691164e+01
2.755667887610071887e+01
2.882656358761402515e+01
2.895457250500668778e+01
2.916641362555628803e+01
2.924747330846396665e+01
2.982177308135442928e+01
3.100778595515220104e+01
3.190314848520122482e+01
3.245068504904645579e+01
3.267523279337868303e+01
3.239457938933509951e+01
3.212489570089286417e+01
3.216740223785226505e+01
3.232070904533581768e+01
3.270353623227585871e+01
3.280728293047648236e+01
3.260335068918249846e+01
3.233854350850554482e+01
3.230838151775283507e+01
3.248951438129545011e+01
3.291088733325432258e+01
3.325600473402828783e+01
3.329011644270733683e+01
3.283125665429563611e+01
3.218233010706595110e+01
3.174741186879718313e+01
3.187006727407407425e+01
3.217284091991166406e+01
3.249806167752705477e+01
3.274123242010870172e+01
3.280314511954733803e+01
3.254174813703404823e+01
3.236490330784553038e+01
3.264159231748849521e+01
3.300773695918537953e+01
3.301325521404270091e+01
3.296106459498264485e+01
3.288004371616268884e+01
3.256212460657350505e+01
3.245471200553494384e+01
3.276882273139327850e+01
3.296116526793055357e+01
3.310084193700828337e+01
3.311616992517129177e+01
3.270411123610891480e+01
3.245620308011585564e+01
3.263890477775974830e+01
3.275960056368112561e+01
3.278043407509157703e+01
3.297959758168552469e+01
3.302770582678092381e+01
3.282858173889807318e+01
3.318890870750670530e+01
3.397796697860884763e+01
3.441157366581703769e+01
3.449287366766588292e+01
3.429623208580207461e+01
3.377573313591472015e+01
3.345870631721806632e+01
3.346745474993802816e+01
3.404779802117356269e+01
3.470473954064572553e+01
3.478697540071376437e+01
3.438531292431664355e+01
3.402865474585517092e+01
3.407234353529127446e+01
3.499584081333144070e+01
3.618814434462849050e+01
3.607121751720677594e+01
3.331222846431688822e+01
2.606686192082001696e+01
1.646930692211616432e+01
5.904606945667601359e+00
-4.632492882373912657e+00
-1.049211616352977572e+01
-1.361283905990653231e+01
-1.396265949077458046e+01
-1.346275007216735453e+01
-1.347377113160557549e+01
-1.488815804422761779e+01
-1.713243533688458342e+01
-1.957277805742040044e+01
-2.119004682546734131e+01
-2.182823335744954107e+01
-2.189358147440578151e+01
-2.195333438156185224e+01
-2.241100576339713513e+01
-2.300594071027732568e+01
-2.384831584740564381e+01
-2.433730092176773141e+01
-2.441777361993330686e+01
-2.449980508924210909e+01
-2.460873708102984736e+01
-2.482340804366288012e+01
-2.513724657596518242e+01
-2.546101493156727358e+01
-2.566862094095958469e+01
-2.572005881537060645e+01
-2.570362670177150477e+01
-2.575128133712488321e+01
-2.591848847731081307e+01
-2.609684044206579756e+01
-2.620325891966519549e+01
-2.627939527413704823e+01
-2.629394803218364629e+01
-2.634501452134394839e+01
-2.636224809139978831e+01
-2.640924520197405911e+01
-2.652226537441596577e+01
-2.650626561581335494e+01
-2.662102844821036030e+01
-2.672502504044037153e+01
-2.683598232431896236e+01
-2.682950711935105659e+01
-2.679472227194776224e+01
-2.678736211296810055e+01
-2.683761977774120311e+01
-2.686699440400741068e+01
-2.701095341119031801e+01
-2.710023734716122590e+01
-2.706292663620435590e+01
-2.698984947570037818e+01
-2.687070487252439221e+01
-2.697676191763003928e+01
-2.711307262979306287e+01
-2.721469850034180382e+01
-2.712617149107319037e+01
-2.696509798826435755e+01
-2.686925331003919837e+01
-2.694622396076798765e+01
-2.718312507512547782e+01
-2.760268215653457702e+01
-2.783352209913892850e+01
-2.762601210911033789e+01
-2.724743631722973092e+01
-2.698973992743208328e+01
-2.732411389791569079e+01
-2.800617447455991638e+01
-2.812939312127734581e+01
-2.724461811289816637e+01
-2.342091864626731379e+01
-1.666476656625195218e+01
-8.183206413456893813e+00
1.768938207971005205e+00
9.274638239091043346e+00
1.615503199052940886e+01
1.960838171762302196e+01
2.100181972725034996e+01
2.203928862178283765e+01
2.354360679040820870e+01
2.454117796119180994e+01
2.630076879624849440e+01
2.763299855260107307e+01
2.824566088769477545e+01
2.849837561769057004e+01
2.887038295328228443e+01
2.931965511350428599e+01
3.000697741235629223e+01
3.087526482050229504e+01
3.125691625759839454e+01
3.116626895839994305e+01
3.066125965601787584e+01
3.012910045742787801e+01
2.978511919642397743e+01
2.981404052877628175e+01
3.027412541385288236e+01
3.054634594506941880e+01
3.073972892392898615e+01
3.091997950189671940e+01
3.091078861879322659e+01
3.071121683202349217e+01
3.094967681086271583e+01
3.120920652241053972e+01
3.138070588759230617e+01
3.137829612546431335e+01
3.138621720344924881e+01
3.136512549714729303e+01
3.134931120221567724e+01
3.143650635793429515e+01
3.159769470982824302e+01
3.169450004521072728e+01
3.157055875848573123e+01
3.148826492139660260e+01
3.115697994068611010e+01
3.110615235766800524e+01
3.127650659697707525e+01
3.148126801055778756e+01
3.174723917276808294e+01
3.190097242998248461e+01
3.165303008147957442e+01
3.145352385792564576e+01
3.116444347891969713e+01
3.121608220777011411e+01
3.128232772020534824e+01
3.148978034744968468e+01
3.156117278841186646e+01
3.146675456609285959e+01
3.119253748182977404e+01
3.129991117933018785e+01
3.176156507389197969e+01
3.240707072351386842e+01
3.295946054009532133e+01
3.341371870115498410e+01
3.303923535421917990e+01
3.248564130842108710e+01
3.228381605050608982e+01
3.282966585227422485e+01
3.386297310458195398e+01
3.414692552494398825e+01
3.258422512474622579e+01
2.839865552244737756e+01
2.015940717987654551e+01
1.088284853288057263e+01
9.931573294241200500e-01
-6.353052499063967851e+00
-1.142109893096434092e+01
-1.352914833427000474e+01
-1.365302482342789681e+01
-1.467208120619094558e+01
-1.619619342700506692e+01
-1.785899086086487486e+01
-1.996511423012652386e+01
-2.145807336642429419e+01
-2.191348591809262203e+01
-2.207219771778191486e+01
-2.226663772956860754e+01
-2.281616692393393819e+01
-2.347153667868034432e+01
-2.428418775246158390e+01
-2.485756999621271746e+01
-2.510691875311955101e+01
-2.501429224684834551e+01
-2.518012249839218342e+01
-2.559983539578063372e+01
-2.617485409431271393e+01
-2.654645028097439052e+01
-2.671006637048199295e+01
-2.668350695743333034e+01
-2.661062637478256576e+01
-2.668408999330802800e+01
-2.696398974302396212e+01
-2.736249895600469983e+01
-2.757993465080003759e+01
-2.756750916480911684e+01
-2.741171372587354682e+01
-2.737023940337662253e+01
-2.750726398602786205e+01
-2.769899614643899355e+01
-2.766818010497560465e+01
-2.766818010497560465e+01
-2.766818010497560465e+01
-2.766818010497560465e+01
