-1.869076197023388630e+01
-1.869076197023388630e+01
-1.869076197023388630e+01
-1.869076197023388630e+01
-1.869076197023388630e+01
-1.869076197023388630e+01
-1.869076197023388630e+01
-1.869076197023388630e+01
-1.869076197023388630e+01
-1.869076197023388630e+01
-2.355125138164120813e+01
-2.327827758988188833e+01
-1.494018957524633961e+01
-4.367842163291566493e+00
2.811252451299457444e+00
-1.249025024371115844e+00
-9.059658775557991817e+00
-1.570264591584833269e+01
-1.695713953328587564e+01
-1.289441756355428481e+01
-4.925133265187481513e+00
-4.468101765380824375e+00
-8.573751968069689866e+00
-1.384582905283030385e+01
-2.091938049590833515e+01
-1.866078598207940686e+01
-1.016798934778088004e+01
-3.891933405511563748e+00
-1.391874916853068633e-01
-1.869823571449754196e+00
-1.077779941824603327e+01
-1.617193487163527621e+01
-1.783586117728989962e+01
-1.709193391324389921e+01
-1.313337900887385601e+01
-7.909525008393432977e+00
-1.042931467730655193e+01
-9.888758339872616432e+00
-8.099870765852426047e+00
-5.741851639636852411e+00
-3.621113147513974173e+00
-3.206865841149033614e+00
-7.044525181160059546e+00
-1.036548934869265537e+01
-1.130116314641785635e+01
-9.602843478852875592e+00
-4.538795590600147811e+00
-1.825040502720016722e+00
-6.996073496312746887e-01
-6.313681251191220589e+00
-9.423867246292090272e+00
-1.048955221743415578e+01
-3.854920755370165431e+00
-1.702527693672415410e-01
3.701744514265916663e+00
1.721706512055595883e+00
-1.605605494890638862e+00
-2.093797116703588479e+00
2.141048122170299273e+00
1.040438204048254356e+01
1.807712793892522285e+01
1.954937460560837437e+01
1.509457843405888511e+01
9.075346399586198487e+00
5.740560557058011604e+00
7.400677184453339663e+00
1.199195751998162862e+01
1.602251345424903306e+01
1.678030381914336999e+01
1.307828268650469816e+01
8.684426854566712706e+00
7.802593139625034979e+00
1.065143474617435615e+01
1.597715102651018881e+01
1.974181328577540384e+01
1.814022178239970629e+01
1.319749368950254542e+01
1.069876057345834752e+01
1.022539127905929313e+01
1.273800777855023725e+01
1.460698225575580445e+01
1.371559677897488960e+01
1.032619029755306173e+01
5.575093918031794438e+00
5.298202166512142597e+00
8.045257474990322066e+00
1.160631829647842572e+01
1.018770405215413533e+01
3.080010354419334462e+00
-9.647350469720230137e+00
-1.669464002736361152e+01
-1.594268415938988070e+01
-9.362927462659431654e+00
-5.231557087129305117e+00
-5.438887752978759593e+00
-1.502400298717866889e+01
-2.680639422768720692e+01
-3.051967764490043322e+01
-2.360670611651756445e+01
-5.861000972287790489e+00
7.349376312159224156e+00
8.011250584502731087e+00
-1.353085302660170797e+00
-2.184181075367735048e+01
-3.257392993126524061e+01
-2.776836882944794027e+01
-8.484865978937406794e+00
1.023219165520670870e+01
1.847547824297359753e+01
8.168144119711344686e+00
-1.205626072023203932e+01
-3.132980839692210395e+01
-3.564764744204892111e+01
-2.236792206527004012e+01
-3.896565854545880114e+00
9.327507940943219111e+00
8.995326691590198820e+00
-2.842047671174551482e+00
-1.688045838171198909e+01
-2.272177800197001574e+01
-1.636837679674895796e+01
-3.771479965322761529e+00
8.909714441557429865e+00
1.190480746739684648e+01
6.425467827799554499e+00
-4.864843367472895252e+00
-1.349317090925631391e+01
-1.841980426390087189e+01
-1.664716846887780122e+01
-9.598194257893112535e+00
-3.368444497173626040e+00
3.057877333387071239e+00
8.278476780498774446e+00
1.087485666896895076e+01
1.104544847649052564e+01
8.715490981853989183e+00
6.061227717187520625e+00
5.715273357734125703e+00
8.246224343407428492e+00
1.281672711790465868e+01
1.605577082540812839e+01
1.582734655329474727e+01
1.075505317542259220e+01
3.508152714219621160e+00
1.807014789864535675e+00
6.501991053962025369e+00
1.279614249414288096e+01
1.864431645496151546e+01
1.957770194954343523e+01
1.434344455778453309e+01
7.714248588471070534e+00
4.777399444959879560e+00
7.712022323879703656e+00
1.512906952934076443e+01
2.163151542133631011e+01
2.153926495767075977e+01
1.761687361629905269e+01
1.263395006794459974e+01
9.922889140365059646e+00
1.154713608241282685e+01
1.428260958841756079e+01
1.502375216191166807e+01
1.264743841550033565e+01
1.069740519688559743e+01
1.204498246328328825e+01
1.751411791107448934e+01
2.236998407281601686e+01
2.080692122773637465e+01
1.256709868380171713e+01
4.584464668879704163e-01
-9.413398618208280055e+00
-9.259358602148207495e+00
3.745410509375355801e+00
1.782864883814111323e+01
2.378367489840106330e+01
1.465838792846147953e+01
-2.282747221605070820e+00
-1.748432448848900123e+01
-2.077698384042200530e+01
-9.794679669063572902e+00
9.473090995415388349e+00
2.015897239139817998e+01
1.276280478656927642e+01
-4.660838243101414591e+00
-2.368045893529170343e+01
-2.905312043637368902e+01
-1.653543083852713380e+01
3.514275318402095394e+00
1.955801779743683255e+01
1.807515519852714903e+01
-1.506453066195714285e+00
-2.087937853195297322e+01
-3.061959695212674859e+01
-2.470433194920045139e+01
-6.675862481615563837e+00
8.608709710621651467e+00
1.260783038627749164e+01
1.942839067104969786e+00
-1.213251302765108619e+01
-2.023814470178577807e+01
-1.594123870507446306e+01
-3.990248814885832829e+00
6.543601272902113131e+00
8.841584381253230873e+00
-1.000371815504793815e+00
-8.865626622561038062e+00
-1.506244934371058619e+01
-1.217533467668552838e+01
-2.087843640601489525e+00
1.033403521855096763e+01
1.280158057521734349e+01
1.177608460278793601e+01
8.159776828686375438e+00
8.109935519963766382e+00
1.185644406252676575e+01
1.530035529745891942e+01
1.969265697734627452e+01
1.789501293577356122e+01
1.268872681417104076e+01
9.510209446460640592e+00
1.168484749843704762e+01
1.460763886763322361e+01
1.916135690664430413e+01
2.312568574856212678e+01
2.068284775974771961e+01
1.721626954998579961e+01
1.436320080491936224e+01
1.394161680698820405e+01
1.583442573250287566e+01
1.853633976460818644e+01
1.887093934342860635e+01
1.895120931510071216e+01
1.844197208738540184e+01
1.743252372286168494e+01
1.651644619206276587e+01
1.520834990340383186e+01
1.440841433393126536e+01
1.403338126186611667e+01
1.521241941012158350e+01
1.755036709513912285e+01
1.958381506003069106e+01
2.196345916461203984e+01
1.980193404137756374e+01
1.741449545235665042e+01
1.634789492451449533e+01
1.667356362517733004e+01
1.846960863528663310e+01
1.733702810477733891e+01
1.360745889931299146e+01
6.474964037611488088e+00
3.000577347830413188e-01
-4.160798247194049004e+00
-6.551630251575781827e-01
3.393373247669908555e+00
4.235721493622281564e+00
5.549239457426605071e+00
-4.898842738896442839e-01
-9.988346018376205393e+00
-1.251195128605091966e+01
-9.215054785311014740e+00
-4.285335127176737480e+00
-1.257840019956438571e+00
-1.501686295481275746e+00
-6.643849660545126490e+00
-8.905301955802244152e+00
-7.154955313516488502e+00
-9.886097015203718641e-01
6.104965663387399211e+00
7.266926892779797420e+00
-2.957828277438805387e-01
-8.740374135641252096e+00
-1.592450881783087269e+01
-1.465094894903653078e+01
-5.311673372002127635e+00
2.509758630372398436e+00
5.431345609688201570e+00
-8.370820247253600854e-01
-1.073300558177371222e+01
-1.737557667514115423e+01
-1.483920810857785710e+01
-6.503136301361911009e+00
3.379841574604455445e+00
3.745085622490815336e+00
-1.891456552260047719e+00
-1.297356398788374321e+01
-1.836329924581529127e+01
-1.558989222624834170e+01
-4.326367206643485730e+00
6.626658356929631566e+00
1.014226745907719440e+01
6.060745586522759965e+00
-3.692434590337694722e+00
-1.068822028614244957e+01
-1.085825813543739926e+01
-7.137517868541503496e+00
9.419255867557616568e-01
2.040246226472176350e+00
-1.348559517452589507e+00
-8.014991390616394540e+00
-9.406330652494760969e+00
-1.011740066591571185e+01
-1.050785238025337165e+01
-1.023698042763318128e+01
-1.264152316259187714e+01
-1.749135589825506543e+01
-1.817883380861038134e+01
-1.160118332395708762e+01
-2.344310390300455182e+00
1.582906040948050874e+00
3.780533400734586991e+00
-8.320754464783020055e-02
-1.033989259480607537e+01
-1.297476933286633738e+01
-1.039963567528008426e+01
-3.181799376296310378e+00
3.198466057364512949e-01
1.043728074594935329e+00
