-2.341672088951937525e+01
-2.341672088951937525e+01
-2.341672088951937525e+01
-2.341672088951937525e+01
-2.341672088951937525e+01
-2.341672088951937525e+01
-2.341672088951937525e+01
-2.341672088951937525e+01
-2.341672088951937525e+01
-2.341672088951937525e+01
-2.341672088951937525e+01
-2.341672088951937525e+01
-2.411757651794995283e+01
-2.208686955438254529e+01
-1.935185181126261966e+01
-1.864617787744912292e+01
-2.092045567819757679e+01
-2.442823791922688415e+01
-2.636834125759048675e+01
-2.559770517555599056e+01
-2.287865860490098058e+01
-2.047631474006094621e+01
-2.045244311516678692e+01
-2.245955618512218521e+01
-2.466037093487252818e+01
-2.532073917040027666e+01
-2.358829873564324942e+01
-2.078043858946243461e+01
-1.965192038264909158e+01
-2.070297813981294155e+01
-2.309793633952213554e+01
-2.519396264557747500e+01
-2.504149361506726379e+01
-2.326568511337305978e+01
-2.142861294743518386e+01
-2.089537519063320659e+01
-2.188398826024077692e+01
-2.335253738448203364e+01
-2.348737442393290209e+01
-2.221268486816279975e+01
-2.076703285328613546e+01
-2.058841219410677326e+01
-2.221156795362893632e+01
-2.478026109274119193e+01
-2.586069257819654865e+01
-2.477330759552825512e+01
-2.236507518280548368e+01
-2.007399887251357740e+01
-2.047764128824585228e+01
-2.309451384646044403e+01
-2.578929682049075467e+01
-2.619042494602663851e+01
-2.409636307268726796e+01
-2.073344439605324752e+01
-1.914877202777406850e+01
-2.062557209102688205e+01
-2.381294595719305462e+01
-2.612243482004079453e+01
-2.499524246967406427e+01
-2.071468312975776627e+01
-1.644073534600596886e+01
-1.549200481781608296e+01
-1.900352400184583601e+01
-2.455844762620043653e+01
-2.805521698425225452e+01
-2.704263655537903333e+01
-2.241573167940368450e+01
-1.813973513774304536e+01
-1.780068206808559239e+01
-2.214145428737074184e+01
-2.735299242451343105e+01
-2.847750443501147544e+01
-2.309255420972413475e+01
-1.359664127940918021e+01
-5.087827778000427514e+00
-3.087582855976239493e+00
-8.353239218100776853e+00
-1.588025837615862201e+01
-1.906462967886075432e+01
-1.392390730637325902e+01
-2.573057470056900442e+00
1.139200277999376354e+01
1.996180134767131165e+01
2.108560397436483314e+01
1.934593696538291141e+01
1.746520148402644423e+01
2.035689681495187386e+01
2.717267215169291106e+01
3.358127245472651623e+01
3.525096449147560662e+01
3.282949346963859938e+01
2.821103748691442803e+01
2.676765186363919469e+01
2.952992221343986756e+01
3.522635637841396772e+01
4.020854311812954762e+01
4.109262135361580448e+01
3.794819420714836866e+01
3.561159382288758479e+01
3.578365800840273891e+01
3.964178864696160787e+01
4.358522775455433163e+01
4.345487788579488608e+01
3.852842717306106124e+01
3.078282414695505764e+01
2.601337398919708122e+01
2.826771247416912303e+01
3.595366688408503819e+01
4.419557443975109834e+01
4.708102063730986231e+01
4.163213739115121115e+01
3.141894822616258409e+01
2.321559443234328057e+01
2.248356720951252541e+01
3.079235823312412634e+01
4.199447277554271096e+01
4.962968864525728918e+01
4.919093183369018618e+01
4.124319738637805699e+01
3.180467657807105297e+01
2.726552310475987184e+01
3.009083028977995511e+01
3.839055241018841969e+01
4.531697874816956073e+01
4.719297030191103204e+01
4.268798637106989702e+01
3.541855813188466584e+01
3.014776611415761209e+01
3.043315511283913466e+01
3.587186085663124402e+01
4.275214458961152530e+01
4.766354520603145772e+01
4.830362102430259341e+01
4.521095046847331389e+01
4.075845256726673682e+01
3.766704707884754555e+01
3.675713321648695597e+01
3.773390264505023595e+01
3.928489143394798333e+01
4.073951527268108208e+01
4.158085797821053120e+01
4.180107002293078722e+01
4.189303139123040864e+01
4.168345427313361284e+01
4.119926659906519717e+01
4.117333494495363766e+01
4.143284315020181907e+01
4.246054348435662718e+01
4.460017360693320398e+01
4.583535727094442791e+01
4.566043579910213879e+01
4.360304099029799119e+01
3.954218785149645754e+01
3.512468674837008820e+01
3.170660347748718877e+01
3.094197567880761568e+01
3.236097933395902970e+01
3.487141960408664687e+01
3.670532722071277476e+01
3.561584346056287842e+01
3.054708145377787076e+01
2.190660118917287491e+01
1.193124997985984947e+01
1.393655228396188051e+00
-6.082679136061354797e+00
-9.337357547238328337e+00
-9.633932316440553478e+00
-6.225749652362637221e+00
-2.776164510538530639e+00
6.469000417361674415e-01
1.037491413626185022e+00
-3.511023338561789497e-01
-4.692391053290824843e+00
-8.289929894041048186e+00
-1.169451973395606181e+01
-1.185076066721502031e+01
-9.233400844915934158e+00
-5.714197805999647883e+00
-2.671272909046333854e+00
-2.123524644441102005e+00
-4.594331589741589283e+00
-9.738657758083004268e+00
-1.361577393221996068e+01
-1.475803795635575000e+01
-1.302096983469833447e+01
-9.229185196732647256e+00
-6.719424157358927729e+00
-7.901157230882125404e+00
-1.177801006071533862e+01
-1.681648346401877347e+01
-1.964133028235016454e+01
-1.837293538949516147e+01
-1.437250347320974520e+01
-1.052861446802252132e+01
-9.590232854558472297e+00
-1.280207776645523410e+01
-1.772375713237175887e+01
-2.136174517590611543e+01
-2.132048252832131396e+01
-1.791795094921347697e+01
-1.384962129124736663e+01
-1.210142481809483073e+01
-1.391266555160487250e+01
-1.771985020812248379e+01
-2.084494599926013692e+01
-2.093173255395295129e+01
-1.827121654951742968e+01
-1.512439498816800842e+01
-1.400554200643577829e+01
-1.585367114868454408e+01
-1.919433862266233959e+01
-2.141199095140967046e+01
-2.106093692548242657e+01
-1.857943041202565837e+01
-1.601592274936859894e+01
-1.547194835612185315e+01
-1.740211702070381605e+01
-2.020977289900198315e+01
-2.166640114187238098e+01
-2.076179387099666585e+01
-1.835445155205965762e+01
-1.649102037717421609e+01
-1.654105874574404211e+01
-1.860694340934614388e+01
-2.086539284971237151e+01
-2.155501580437931253e+01
-2.022695606528115064e+01
-1.818635412163750686e+01
-1.723466544501685860e+01
-1.811797528401153556e+01
-2.006852098605307688e+01
-2.142171418404594263e+01
-2.102419460457834788e+01
-1.903097125358200969e+01
-1.730394676712648305e+01
-1.739807788537783395e+01
-1.917329065256183540e+01
-2.131634069668767140e+01
-2.188343002216012678e+01
-2.030274532231264573e+01
-1.770821528403576650e+01
-1.622667883862284555e+01
-1.706928698700261293e+01
-1.975954093181924165e+01
-2.227429476159788280e+01
-2.263558314738821764e+01
-2.060375217258764735e+01
-1.777523270747965611e+01
-1.646947873252909034e+01
-1.768822410191709338e+01
-2.040184918542247416e+01
-2.241752918801546457e+01
-2.194550480251232116e+01
-1.961747492012343841e+01
-1.715999923803060767e+01
-1.680426831808343735e+01
-1.874330241889112614e+01
-2.148749565478781420e+01
-2.279008338799835443e+01
-2.147168121157852383e+01
-1.863099134816451397e+01
-1.669645469847532837e+01
-1.712230510699876262e+01
-1.956463796168524993e+01
-2.208537675801683875e+01
-2.249242015955621810e+01
-2.030797865252994683e+01
-1.740282226599506288e+01
-1.630551649038721607e+01
-1.813849673502798154e+01
-2.148725917311975664e+01
-2.376443848732456132e+01
-2.302378096771737148e+01
-1.970498872545559266e+01
-1.641335328451694409e+01
-1.591821718115603801e+01
-1.861444552039642986e+01
-2.239347640289324559e+01
-2.424453691518139919e+01
-2.233463876147012783e+01
-1.806442253498224559e+01
-1.505594823756761791e+01
-1.574842012745903475e+01
-2.014245274524657958e+01
-2.487151966645070189e+01
-2.577587768183661865e+01
-2.129633466134117725e+01
-1.327387460474151482e+01
-6.322480467406435878e+00
-4.214279301833465219e+00
-7.281377368651149595e+00
-1.175308381600240537e+01
-1.366763850873661035e+01
-9.750716978447917072e+00
-7.475244247113508322e-01
8.624176076516439693e+00
1.617949333787159105e+01
2.037401864138348273e+01
2.056254252785162606e+01
2.162118553454243397e+01
2.397095086011023213e+01
2.680194781667819726e+01
2.907515380261378013e+01
3.104116291027641239e+01
3.287336506912607348e+01
3.453672135273544797e+01
3.913844898222358637e+01
4.374098796785980880e+01
4.564344844272234525e+01
4.333947825053322589e+01
3.831490549060161044e+01
3.358104517911398545e+01
3.071010884006293296e+01
3.241017318753127796e+01
3.697227671367225810e+01
3.986491511975886226e+01
4.039764203996142555e+01
