-6.294799061535018225e+00
-6.294799061535018225e+00
-6.294799061535018225e+00
-6.294799061535018225e+00
-6.294799061535018225e+00
-6.294799061535018225e+00
-6.294799061535018225e+00
-6.294799061535018225e+00
-6.294799061535018225e+00
-6.158725343869808633e+00
-6.533928471548465566e+00
-8.097452035765492440e+00
-8.687769042468520553e+00
-7.430773981235797798e+00
-5.836554604596153162e+00
-5.121571247354590461e+00
-5.149620496283392690e+00
-5.332696915922234382e+00
-5.972646312333030671e+00
-6.657006643048563710e+00
-7.283264050523015953e+00
-7.122484488285174109e+00
-6.766750458839204896e+00
-7.050767799355884158e+00
-7.534469436686467070e+00
-7.745429865430857319e+00
-7.368515122464839529e+00
-7.207812276582315825e+00
-6.853262941175465528e+00
-6.445590263645060602e+00
-6.141978013686578919e+00
-7.073118683166139675e+00
-8.539233074405046864e+00
-9.486558978743133252e+00
-9.775522435142928401e+00
-1.006286308457208989e+01
-9.676417986160195994e+00
-8.282284582141615559e+00
-7.533761460183190373e+00
-7.521443540539899608e+00
-7.782565689565564604e+00
-7.820516935032856942e+00
-7.728610112986876501e+00
-6.656263567740009712e+00
-4.491753735236574840e+00
-1.888427371229371765e+00
4.653477994494251702e-01
2.202506693589921571e+00
3.388759073423193602e+00
4.454315210483025034e+00
5.418609045700681470e+00
6.940066071321518315e+00
8.557129970956774301e+00
9.955498837391360212e+00
1.023060226208500900e+01
9.769489754702599171e+00
9.084245383598494428e+00
8.657421885490789393e+00
8.593969929508736172e+00
9.170725423813740562e+00
9.685057945606343921e+00
9.950282321285774501e+00
9.656216918599639598e+00
9.355846172987456910e+00
9.142828048475314162e+00
9.444935335439710755e+00
9.498854515064897086e+00
9.235267087553767240e+00
8.897578353378685634e+00
8.601957700713953159e+00
8.229616912188138400e+00
8.024287827932143458e+00
8.717489775304098742e+00
9.318217648774087536e+00
9.284166908017883912e+00
8.812042123036402330e+00
8.394060295039253106e+00
8.130748373402356677e+00
7.972807446461182224e+00
8.432736723222886255e+00
9.219489541144412215e+00
9.670195921825509799e+00
9.242381772030597631e+00
7.469633259443405393e+00
5.339402744237845333e+00
2.980531356647152297e+00
6.891220061657901130e-01
-2.078291166125978418e+00
-4.491952249042848067e+00
-6.686447001777743537e+00
-8.099134747491016029e+00
-8.156294985346638882e+00
-7.371824314400710065e+00
-6.783892507649847303e+00
-6.784749983883384239e+00
-7.223414806716291992e+00
-7.882704183584349877e+00
-8.081424731922586702e+00
-7.303562904052586013e+00
-5.690493256874952444e+00
-3.790511481427188745e+00
-2.180231259724830117e+00
-2.045104067411569471e+00
-3.314037167298376385e+00
-5.222999096083188242e+00
-7.071697260930394080e+00
-7.910166712119949040e+00
-7.762542003402883140e+00
-6.940469797209617653e+00
-6.782136236975452981e+00
-6.756040786907631102e+00
-6.985916815698421267e+00
-7.236984724802884017e+00
-6.844613526570876516e+00
-6.274933536612244289e+00
-5.735325751509651404e+00
-5.916830452500253301e+00
-6.313234483549241105e+00
-7.363905607639648743e+00
-7.896926692193773967e+00
-7.911582909933815522e+00
-6.854024189379217979e+00
-5.285999644394893338e+00
-3.786392552512245047e+00
-3.024436126228810195e+00
-2.621005333433341633e+00
-2.516834457828696969e+00
-2.118442587702937363e+00
-4.880319267911321646e-01
2.265381605052509073e+00
5.259211333306877734e+00
7.538263919493290999e+00
8.842577882835588099e+00
9.076876604504223067e+00
8.575572345691684362e+00
8.009253556759524884e+00
7.787625567970986928e+00
8.089601918769043110e+00
8.477863118256808050e+00
8.972012070035999542e+00
9.208763009238875696e+00
9.145542211914923669e+00
8.684496791750255795e+00
8.533741441646050419e+00
8.598692115546803905e+00
8.901001195474576022e+00
8.899321550181953810e+00
9.080584793969368462e+00
8.999876855754807892e+00
9.035601063346872408e+00
9.229059611078087144e+00
9.797942376849272605e+00
1.014049064494458818e+01
1.005172919042115787e+01
9.733913023962475819e+00
9.232840030408954846e+00
9.111523065832788149e+00
9.189494113220103344e+00
9.801517860598222498e+00
1.021208216542955682e+01
1.050216154382011702e+01
1.011434318517183328e+01
9.116350345462832294e+00
6.996079815715164685e+00
4.091353505318457984e+00
8.908333894191202695e-01
-2.230435020666041268e+00
-4.589680805286175946e+00
-6.250621142320889057e+00
-6.801177053528270733e+00
-7.096328746575315982e+00
-6.639249143584952328e+00
-6.351060773312633856e+00
-5.713255232197990807e+00
-5.777412191261333874e+00
-6.056166502558622433e+00
-6.909086406015836346e+00
-7.157368774942119316e+00
-7.152937358212203556e+00
-6.298299761890456594e+00
-5.118537708574240952e+00
-3.954146244075747774e+00
-3.489198159851330860e+00
-3.442091196573173306e+00
-4.036790421321116540e+00
-5.343082970253424158e+00
-6.429558908820713015e+00
-7.048938259606191359e+00
-6.678803122652012370e+00
-6.008559536386598232e+00
-5.170388210439723409e+00
-4.733855961401379986e+00
-5.182780695002429994e+00
-6.004704211336918007e+00
-6.936704548158283856e+00
-6.655648434126236523e+00
-6.305679088346169969e+00
-5.443231119777102833e+00
-4.903826198236921563e+00
-4.303382619928517450e+00
-4.501573937621525801e+00
-4.385719426158864565e+00
-3.912914788140916311e+00
-2.804218934560321230e+00
-8.440970733712913621e-01
1.825626305080480627e+00
4.585728482884759316e+00
6.612527372815596216e+00
8.185639846607562831e+00
9.144403118354288651e+00
9.724109303406352822e+00
1.014213709007701425e+01
1.022408977733767266e+01
1.015672270116199094e+01
9.887750043795097810e+00
1.004351223493498502e+01
1.071145929670192487e+01
1.164333411516303229e+01
1.217069828498813244e+01
1.198559136051218665e+01
1.133141080262785216e+01
1.016680662373873467e+01
9.228771594358395447e+00
8.897551114132314254e+00
9.318940219645693190e+00
9.661618194039743202e+00
1.000960279421400934e+01
9.885062101504573207e+00
9.364847506712807856e+00
8.868427780565795615e+00
9.043740363712050367e+00
9.432050764757072159e+00
9.580053694396674757e+00
8.564459122593177653e+00
5.598734061967906683e+00
1.452714096859614390e+00
-2.761784569989572002e+00
-4.978136686545036937e+00
-5.409006742433613901e+00
-3.870187805912304491e+00
-1.710386792620040897e+00
-3.414168533911017267e-01
-7.403232734104968626e-01
-2.677900312153008056e+00
-4.419077242265280425e+00
-5.993549922652654516e+00
-7.041077677306542881e+00
-7.071452291446354010e+00
-6.250481231969478912e+00
-5.517053434508796705e+00
-5.638356241146101233e+00
-6.403233157825749089e+00
-6.773134184983327089e+00
-7.195032879134789283e+00
-7.281866900794829789e+00
-7.338145854587254213e+00
-6.910656018726415439e+00
-6.622959070376086110e+00
-6.758674325666365945e+00
-6.657529497693352560e+00
-6.455306316703500968e+00
-6.613768534637812557e+00
-7.123336169610666069e+00
-7.141785530603293353e+00
-7.060473233049862074e+00
-7.207818079757770668e+00
-6.827412341175524979e+00
-6.413714926683191209e+00
-6.181168940771172515e+00
-6.098881539262026585e+00
-6.070569436897392812e+00
-6.479622127416014621e+00
-7.141289320125126849e+00
-7.726617803955514674e+00
-8.488285599663377923e+00
-8.048584957047310695e+00
-6.243890663006310682e+00
-3.319647330104712246e+00
-2.615111383972408277e-01
3.024947052492953148e+00
5.630051837207108889e+00
6.739971960222735703e+00
6.556302445440592486e+00
6.469807233687697945e+00
6.803588205401226219e+00
7.488374696226734351e+00
8.367984275634526625e+00
9.432307799072736643e+00
9.997375001991088084e+00
9.885957782118572013e+00
9.568777566660749301e+00
9.662962386179373198e+00
9.918328386770260963e+00
1.009235687031188888e+01
1.017836706065504160e+01
9.929653446866275601e+00
9.766237340954299739e+00
9.797987272899655764e+00
1.023230928436228737e+01
1.075358263177161433e+01
1.160900136595452459e+01
1.230798892851270310e+01
1.192853736229519157e+01
1.050889856842660031e+01
9.102422573536003370e+00
6.853303599647962763e+00
3.507853698653160546e+00
3.752502476315224822e-01
-2.122774374290246957e+00
-4.782955018348907572e+00
-6.855963027295527645e+00
-6.877976858448339392e+00
-6.306959295758221451e+00
-6.213041518473864322e+00
-6.295031616239963768e+00
-5.690705190892598964e+00
-5.390517159091564814e+00
