-2.633761647147616713e+01
-2.633761647147616713e+01
-2.633761647147616713e+01
-2.633761647147616713e+01
-2.633761647147616713e+01
-2.633761647147616713e+01
-2.633761647147616713e+01
-2.635443375061421278e+01
-2.630806259356856103e+01
-2.601819870348276353e+01
-2.563704930719050523e+01
-2.562071597218061569e+01
-2.590340468349444691e+01
-2.620958858019195503e+01
-2.635402477770954022e+01
-2.629343112366195001e+01
-2.617020076308002885e+01
-2.614246365653750459e+01
-2.626836190335487586e+01
-2.640651323265840134e+01
-2.644613943823623714e+01
-2.640966079386239329e+01
-2.624802213554162478e+01
-2.612841589570760448e+01
-2.610223702808192314e+01
-2.628362712124287981e+01
-2.644017115062572643e+01
-2.653540318649908158e+01
-2.651372710208022809e+01
-2.648682512964833080e+01
-2.638724207659870302e+01
-2.635258677535671268e+01
-2.637847598123176596e+01
-2.640285305711266162e+01
-2.629974275322470234e+01
-2.617829644026614133e+01
-2.612867019180341188e+01
-2.624606903732765417e+01
-2.643960909594807873e+01
-2.668763150037840859e+01
-2.679343800746025295e+01
-2.676313993688778581e+01
-2.660741275209218770e+01
-2.660165135488828980e+01
-2.684501508563011285e+01
-2.726560495436452314e+01
-2.767445712449587347e+01
-2.785213384443570561e+01
-2.770590344178565800e+01
-2.722022021547945059e+01
-2.672019104043441118e+01
-2.651925834135448312e+01
-2.665197601190336130e+01
-2.698308694158530585e+01
-2.717513872884197568e+01
-2.710448310708907371e+01
-2.668208523642890029e+01
-2.620242604170062606e+01
-2.603468143431158310e+01
-2.640922561456202189e+01
-2.712392738038033713e+01
-2.750083209190947287e+01
-2.660112713341800017e+01
-2.351522840656212665e+01
-1.799790488535064625e+01
-1.014136742850035233e+01
-8.241870313929027247e-01
8.087631473253022563e+00
1.545667118897374337e+01
2.046328763260276773e+01
2.345849107871294592e+01
2.452050824288253850e+01
2.477521874165389804e+01
2.517552086277486367e+01
2.602033396189069236e+01
2.733040271213142347e+01
2.855192813896664461e+01
2.937708063605139586e+01
2.982025354922482663e+01
3.006034341439051971e+01
3.050618120636233499e+01
3.086709147943400211e+01
3.137769327716705448e+01
3.180565616762454795e+01
3.157811384610189265e+01
3.085057982366052087e+01
2.980685104966901022e+01
2.933433460824590355e+01
2.911597716889456322e+01
2.939827253204962432e+01
2.970626298155608325e+01
2.994846286970757987e+01
2.990672913098038066e+01
2.989830859434501065e+01
2.985126760207620222e+01
3.005487594401997953e+01
3.031055801979580622e+01
3.055280212610483304e+01
3.038980004242427668e+01
2.999261102877284912e+01
2.939922170288350145e+01
2.890433257342291640e+01
2.870331492368000781e+01
2.886924403061863131e+01
2.941022815878569574e+01
3.011979056854431747e+01
3.066113163499525740e+01
3.102418443940666393e+01
3.117618031159124925e+01
3.121059009571121479e+01
3.099278005801958003e+01
3.092535266270406424e+01
3.096303876223977980e+01
3.113706935781004503e+01
3.129731234254592565e+01
3.131641108015459807e+01
3.126475781684616351e+01
3.118931807901777731e+01
3.128953047191244252e+01
3.145961593884599949e+01
3.180793041832860268e+01
3.199677278586769091e+01
3.191378171010486042e+01
3.145194390194382805e+01
3.088120737886784894e+01
3.048809167301003953e+01
3.076731871138718333e+01
3.175692668289159570e+01
3.320426112168016886e+01
3.450911237994689174e+01
3.516027431656505087e+01
3.514349218097022032e+01
3.489959140825794037e+01
3.502838444685631458e+01
3.570527174367240519e+01
3.678980319517877717e+01
3.767040830417473529e+01
3.788703922033767668e+01
3.736078743083095333e+01
3.669654091651682393e+01
3.669386426124081169e+01
3.756271692073225665e+01
3.867349814946904729e+01
3.870577665848944093e+01
3.628682198225659761e+01
3.045743118978563047e+01
2.179804553941076861e+01
1.184545441505085250e+01
2.467560423118513313e+00
-4.564355544126840414e+00
-8.822914865305397925e+00
-1.035301066405654780e+01
-1.094666289204304555e+01
-1.147015576694870731e+01
-1.291535029388701439e+01
-1.448815772730196372e+01
-1.596077310903068813e+01
-1.687225852001288473e+01
-1.729162062508252262e+01
-1.756436203155793052e+01
-1.790107749577756380e+01
-1.856264096397707775e+01
-1.916802991972908643e+01
-1.986274610609481783e+01
-2.037933992997339416e+01
-2.090690636560350057e+01
-2.117657557250022293e+01
-2.159082304218183168e+01
-2.206453080054639670e+01
-2.269984587159334311e+01
-2.314306218344600907e+01
-2.344664982329152991e+01
-2.347070621219815934e+01
-2.343771887930297737e+01
-2.351020747334680294e+01
-2.377902792147999733e+01
-2.422420438228046180e+01
-2.467281030596794977e+01
-2.500086727053001923e+01
-2.500031378701526208e+01
-2.488552756449810843e+01
-2.475231631911377761e+01
-2.483898866741576938e+01
-2.510511061960876233e+01
-2.550421032527003007e+01
-2.579709526525207508e+01
-2.597224335282642826e+01
-2.601577909975770808e+01
-2.608130443454090752e+01
-2.624331181580618022e+01
-2.648181435632361769e+01
-2.673263274814665991e+01
-2.688503476959281357e+01
-2.690509264020607816e+01
-2.682602846317900713e+01
-2.686218686345369733e+01
-2.708415300972795592e+01
-2.743641513693845013e+01
-2.772205625615345426e+01
-2.774673665582223947e+01
-2.753052760466259485e+01
-2.733307880185327932e+01
-2.739281570067512916e+01
-2.775059824547241760e+01
-2.822437211500214005e+01
-2.847239171259894164e+01
-2.823503538479785036e+01
-2.762342448169294329e+01
-2.715423705651667419e+01
-2.735032637970273584e+01
-2.825583526379930888e+01
-2.924817346462853962e+01
-2.926856952452731164e+01
-2.748379462487035951e+01
-2.358234879918001425e+01
-1.789686823624261081e+01
-1.156002558299418936e+01
-5.783541577036141135e+00
-5.259778968403976407e-01
4.129172564583792671e+00
8.650912425649135429e+00
1.331765798851209226e+01
1.789812180418768151e+01
2.158462266382602479e+01
2.349362739745654949e+01
2.418227327534785331e+01
2.383724080628280717e+01
2.412362558723911121e+01
2.496798601532767492e+01
2.667815803864739976e+01
2.822965310014690843e+01
2.925487963719094253e+01
2.901918943691311270e+01
2.820782979046801842e+01
2.741581060569557593e+01
2.723074334144981634e+01
2.749887494744167071e+01
2.778865662434211004e+01
2.767361144243657023e+01
2.676599636343588884e+01
2.547729293199752121e+01
2.452446774985982714e+01
2.437645757910994959e+01
2.502736423193951154e+01
2.597515626636756991e+01
2.697820739155113756e+01
2.742419316813305841e+01
2.736848520528363693e+01
2.715691397219002923e+01
2.714134036895369917e+01
2.742206542475472020e+01
2.778892471156141397e+01
2.809260266851683951e+01
2.820534332323792981e+01
2.820802871500891484e+01
2.832807275380590895e+01
2.846613105338754224e+01
2.863813516096816514e+01
2.875011766929856805e+01
2.867876688827281484e+01
2.854045918066130838e+01
2.848907124694362381e+01
2.861124043408592854e+01
2.877671719568000341e+01
2.894875808806759210e+01
2.892060888013554276e+01
2.871197722962042675e+01
2.859447593613655769e+01
2.861510912321528011e+01
2.880395237724794555e+01
2.902312964517754068e+01
2.907673537563651678e+01
2.889345995427184022e+01
2.878521856608961826e+01
2.900863837528873290e+01
2.944376168430835961e+01
2.991665933892961604e+01
3.002955362918978466e+01
2.963014314709666763e+01
2.890875940484525586e+01
2.868361569006436795e+01
2.961352946546876197e+01
3.165696611704921182e+01
3.382396505526294561e+01
3.464576074461626121e+01
3.250317815869370008e+01
2.697574555188748846e+01
1.867287251432539819e+01
9.401353823335139026e+00
1.126101544941107591e+00
-5.137776190528517084e+00
-8.743248126487557670e+00
-1.081191642113628149e+01
-1.227023746883009281e+01
-1.427668078618071412e+01
-1.629647601139887314e+01
-1.774989654329944955e+01
-1.851560377746665509e+01
-1.853289991994429542e+01
-1.821552800323762966e+01
-1.772488049908712426e+01
-1.800920684812346906e+01
-1.895292867459514241e+01
-1.997265347020885784e+01
-2.105362806484149729e+01
-2.222130374438388145e+01
-2.297246301545693825e+01
-2.332840165983414238e+01
-2.395438642830978182e+01
-2.469175797290540686e+01
-2.507133005027448647e+01
-2.532680549879754750e+01
-2.567151796702304267e+01
-2.584135118225577799e+01
-2.588809328445156055e+01
-2.606183696739422118e+01
-2.632771586200860980e+01
