-6.210210813220067294e-01
1.565079006174245890e+00
1.104510133424965623e+00
-4.196246068520131267e+00
-7.621269510393036128e+00
-8.497874604796148645e+00
-1.096811486711084171e+01
-1.261320961392237727e+01
-9.889981999580303551e+00
-6.210344713954553342e+00
-5.707083685328282918e+00
-4.294897634022986743e+00
-3.389702287769789546e+00
-2.712157991111378230e+00
-8.527998726427976628e-01
8.336177556264958710e-01
-2.824121946591158228e-01
9.991363969422606406e-01
-2.316717466722468366e+00
-4.271185288249915502e+00
-4.080373747098452242e+00
-6.664360402230446567e+00
-3.546460793921337284e+00
-3.321514735684287789e+00
-2.336036571547924101e+00
-5.050523009708336453e+00
-3.791829711157231664e+00
-3.048186348990907124e+00
-3.898532858779567789e+00
-2.313712406671554866e+00
-2.066244728951493581e+00
-3.108726175841461714e+00
-3.788801212734561830e+00
-4.928379402131849218e+00
-5.988012466808430467e+00
-4.710300593021045756e+00
-3.484328924226653967e+00
-2.335897067096005753e+00
-4.796611774062592426e-01
-3.415939224435879051e+00
-3.460285811493936770e+00
-2.961843547702542878e+00
-2.536028992389379066e+00
-3.004331980205734887e+00
2.767562122017596105e-01
-2.529476201149584713e-01
-1.998926813716409012e-02
1.495253654643353247e+00
7.768226725047533421e-01
5.207400295153269409e-02
1.928483571040935818e+00
2.350307218884217342e+00
3.897674373908663448e+00
4.360373715751494572e+00
6.590856443507325579e+00
6.835853742102056430e+00
7.476237366763663239e+00
8.355422509852008517e+00
7.185200174213044910e+00
6.029313581312211845e+00
4.598132149479697617e+00
4.762161367246683596e+00
3.406645588683049120e+00
4.994360421227349356e+00
5.643631877652377504e+00
6.531642724336957251e+00
5.855642555439130703e+00
6.814905794009066931e+00
7.474642588040124380e+00
7.880424584048794756e+00
8.907807538313372575e+00
8.718884759220006941e+00
1.055589489832841465e+01
1.078736914853617179e+01
1.102553464650058146e+01
1.165476565178181190e+01
1.179398963511503773e+01
1.279591041381539362e+01
1.343664373726804762e+01
1.416865993441576421e+01
1.405543652808147392e+01
1.285054767198815640e+01
1.220657016716196885e+01
1.016742527107788163e+01
8.173196240436885418e+00
6.075885732946576745e+00
4.080128559608068528e+00
1.647112361224349897e+00
-6.061740384054896680e-01
-2.046398138676755352e+00
-2.612556885463934275e+00
-3.144574578086352989e+00
-5.024480950531063250e+00
-2.942706387436058613e+00
-4.939128022132838858e+00
-6.329822521148052772e+00
-4.812317454712103704e+00
-5.775792038294493835e+00
-4.991715526631636202e+00
-5.886087486809072900e+00
-5.458430592781065016e+00
-7.736641013883306606e+00
-8.284356564374665055e+00
-7.545461187609792120e+00
-9.174533963913900081e+00
-7.072227491723340975e+00
-8.889847479775257355e+00
-7.578149358587166873e+00
-7.421182133756092369e+00
-6.039982128222461277e+00
-4.026110458496572342e+00
-5.221870900578244878e+00
-5.929877424023715982e+00
-8.377622472775632545e+00
-8.423858220131844377e+00
-1.036008848841244401e+01
-9.837876952544538867e+00
-8.613903002665864506e+00
-7.776813261201679595e+00
-7.862431103714703440e+00
-7.208343579999000106e+00
-8.412703539604811098e+00
-6.887731152669409163e+00
-8.569381025842469413e+00
-6.603876217869864007e+00
-8.044150334781866363e+00
-5.683600245657434158e+00
-4.025111326952851343e+00
-3.072421150658312783e+00
5.735369752875715266e-01
2.004382868856895872e+00
5.170883813828269560e+00
6.874630041434074634e+00
9.406994402531978494e+00
1.037415886461523407e+01
1.044296116707634603e+01
1.192276420795656300e+01
1.181681684825245426e+01
1.201413325707133772e+01
1.276818396985203741e+01
1.236796704623772314e+01
1.203135239286995350e+01
1.228391851638902565e+01
1.255898289453411643e+01
1.352199017418205074e+01
1.332251039635346146e+01
1.277991123164861875e+01
1.357532823883719608e+01
1.158391735330347316e+01
1.106390814731541461e+01
8.599124733525503217e+00
7.556829966283192590e+00
8.705248405832044511e+00
8.954098181365521825e+00
8.915591398453114991e+00
7.116235254828350953e+00
6.855155221075145633e+00
5.847293801249837664e+00
6.318684784571157564e+00
5.625911420907804938e+00
5.293564430171515234e+00
6.026513253772285417e+00
5.769778451328575919e+00
5.299475909848251121e+00
3.765837296354570984e+00
3.919070841247428660e+00
3.030358307692984532e+00
2.780727772031376666e-01
4.087995634667329625e-03
-2.987326829581021137e+00
-5.171465343120462244e+00
-6.132628497901676745e+00
-6.096862558338854932e+00
-7.130447921024184232e+00
-7.750261330117476533e+00
-7.939557035692011766e+00
-8.104666028130584010e+00
-6.774786875970747246e+00
-1.021485187954581697e+01
-8.807385559155147092e+00
-8.641507983323748476e+00
-1.034828491956573160e+01
-8.442471516160610534e+00
-9.390582411850912692e+00
-9.466385959499408642e+00
-1.031222516586584348e+01
-9.510178697525986991e+00
-7.531006788625558279e+00
-7.949521995897709026e+00
-6.012628831775702842e+00
-4.962574472470551612e+00
-6.339505229110784512e+00
-5.232195262013336290e+00
-7.303827681381820369e+00
-6.545022043292001435e+00
-7.247695171996647368e+00
-8.672595954704547694e+00
-6.983596490615352259e+00
-7.153922153905371673e+00
-8.253616746580183516e+00
-6.421676413887390744e+00
-8.938362862739744230e+00
-8.563873714078141575e+00
-7.277880301894446902e+00
-5.800660408341307139e+00
-6.546208850579428251e+00
-6.641565025062572403e+00
-3.131265476390518554e+00
-2.659135002274677362e+00
-1.090863182614007498e-01
1.919577339325706289e+00
5.000660481334740837e+00
6.071415407867039704e+00
7.128253529448379311e+00
7.860453614885902773e+00
7.870667938492475812e+00
7.647321261777148216e+00
8.443984450121236662e+00
9.430094713891058689e+00
1.045004252385402133e+01
1.169366861110524702e+01
1.104032946074175392e+01
1.111594494974811909e+01
1.114584801401930747e+01
1.152099225989303122e+01
1.161785402987298887e+01
1.185879426941725612e+01
1.267843872504736602e+01
1.145867230004961534e+01
1.165017706191853719e+01
1.193928015756539729e+01
1.217929419261124124e+01
1.267001902919174050e+01
1.195520878390874131e+01
1.050121142270606178e+01
6.384183666090378573e+00
4.242868964649537666e+00
1.449865217009148610e-01
-6.748526958509113438e-01
-1.872255208457881626e+00
-5.262494078281188870e+00
-5.744079487832314257e+00
-5.116484417398429407e+00
-7.588074103602245657e+00
-8.163377999530867513e+00
-6.797355231220210570e+00
-9.097033818774677982e+00
-7.066337622100330229e+00
-8.074069829860427205e+00
-7.584399817197554405e+00
-5.673257550885645095e+00
-8.593092501083182455e+00
-7.980869966373368207e+00
-7.904642295843430588e+00
-9.983178314013578358e+00
-1.000460194808795755e+01
-9.230919461169428075e+00
-9.267970943530011496e+00
-9.640794038147671330e+00
-7.405413200774036753e+00
-6.371171585311226515e+00
-7.482101793404086543e+00
-6.671362052167967072e+00
-8.082789769748554676e+00
-8.595556471338534621e+00
-8.716539508828706317e+00
-7.950742430942857375e+00
-6.852904599089355564e+00
-7.802484888466605817e+00
-5.565611152411399587e+00
-6.202981673928864126e+00
-7.597932375465918042e+00
-7.483521858652403935e+00
-8.086234373533494946e+00
-7.061762927842296200e+00
-3.237240131275378019e+00
-5.379502088855556696e-01
2.075216193561370659e+00
4.181722531291666378e+00
7.174673847345185429e+00
8.653587402200155765e+00
8.407021416481631704e+00
8.209813300507228462e+00
1.052601592876228054e+01
1.127991586063473761e+01
1.126586532192803247e+01
1.046025046418818860e+01
1.038731800362182334e+01
9.586252950472676559e+00
8.900050661028643617e+00
8.337843624506103168e+00
7.483645492054610493e+00
7.581761155005104946e+00
4.906605003138274412e+00
5.572159879887247591e+00
5.351761753655305043e+00
4.991170735797314961e+00
5.313098972252578989e+00
4.173849171839202121e+00
5.524969292112809072e+00
4.416531260737913911e+00
3.578924370281938661e+00
3.314383924567295470e+00
3.337664439035375796e+00
3.392002508622661949e+00
2.606169446361613407e+00
1.783888479685180051e-01
-1.986082166994362908e+00
-3.893081762034602988e+00
-4.300733652571653742e+00
-5.974309903950688394e+00
-5.703194891488624130e+00
-8.747043378937775060e+00
-8.747043378937775060e+00
-8.747043378937775060e+00
-8.747043378937775060e+00
-8.747043378937775060e+00
