9.003580593655657438e+00
9.630982863217699474e+00
1.043671766981617566e+01
1.016652992164987879e+01
1.076999965927778291e+01
1.143261267783069357e+01
1.053529179031739993e+01
7.950938169859862015e+00
5.244082063025810925e+00
1.313254441958414009e+00
-1.981045879894592243e+00
-4.807104220492233182e+00
-6.780163423634565589e+00
-6.568220653404282849e+00
-6.429364920553129359e+00
-5.966798394030786490e+00
-5.415769659047742657e+00
-5.932856480196964100e+00
-7.476372996897448608e+00
-7.136215320573449539e+00
-5.648725434929939837e+00
-6.433937979556174191e+00
-6.834051446480800429e+00
-6.214365696517862858e+00
-8.235800442746215921e+00
-1.129800698343629506e+01
-1.164051906400860403e+01
-1.048192995522245141e+01
-8.571578647974465781e+00
-7.379063681037051126e+00
-6.741278317308198709e+00
-6.574556180310244358e+00
-9.133637876673736500e+00
-8.921755958995969849e+00
-7.662824720467513728e+00
-9.477491028138075535e+00
-7.956362149260858274e+00
-7.008828327403217706e+00
-8.719726961882022565e+00
-8.841885033817977302e+00
-8.969893913694102494e+00
-8.671650026465602679e+00
-7.150552771312284506e+00
-7.000584779836866112e+00
-8.217025643082784825e+00
-8.958355805542456807e+00
-7.917689731771515582e+00
-5.941470036167642021e+00
-3.743880351259978756e+00
-3.111686326909564038e-01
2.239486188844910242e+00
3.933226017236775895e+00
5.194633963284648104e+00
6.770987890183453928e+00
6.728363491768678983e+00
6.179628180305983598e+00
7.149930066632914638e+00
7.871670303643480970e+00
8.182182572153408273e+00
8.398369780751290037e+00
8.120553995045666440e+00
7.421890623721187907e+00
6.209842504716950096e+00
5.351947154147394414e+00
6.083489999164505058e+00
7.452362524539537958e+00
8.207744756511235806e+00
7.585989380891745348e+00
7.176972644028563053e+00
6.735163372961615380e+00
6.119128735076929893e+00
6.235007668204954889e+00
6.607061647089138567e+00
7.330402802183022537e+00
5.522022985183870247e+00
3.229170942539242528e+00
3.003830743904728706e+00
3.938875597391353178e+00
5.964648327202856315e+00
7.751801734351151829e+00
8.326033789568949572e+00
8.046826514518935269e+00
6.857126884007140433e+00
5.779820399573486256e+00
2.876188303795268908e+00
5.942410903234861541e-01
-1.225311560800458111e+00
-3.213484658083640699e+00
-6.542959575782326453e+00
-1.034140206200667578e+01
-1.000263745564557105e+01
-1.091614478794453724e+01
-1.151810092451881928e+01
-1.048153173105979796e+01
-9.130187948605113846e+00
-8.851254619194795836e+00
-1.004894288142132375e+01
-9.821585493755460305e+00
-9.786307935201527641e+00
-8.899000553523418233e+00
-7.431254726860236026e+00
-4.221829222792129244e+00
-7.438273057493874907e-01
1.021677964479017264e+00
3.065825721365852186e+00
4.784199326572418087e+00
5.135218647060412422e+00
3.851979257393315592e+00
3.696411542637735970e+00
5.400753447689494280e+00
6.188462881468497656e+00
6.239541702996804773e+00
6.783875036285449411e+00
6.395379667588360739e+00
4.773232427646817655e+00
2.142854665518023616e+00
-1.149728543437365413e+00
-3.631999570069440963e+00
-6.730851601121305094e+00
-9.243987641481348660e+00
-7.413785244310094669e+00
-4.211726634545518877e+00
-8.698538222032525802e-01
2.223717893621640851e+00
4.668459701698068898e+00
4.730715547585657710e+00
3.972104351976137870e+00
5.499401282022968296e+00
5.934251801410264981e+00
6.060593919015655473e+00
8.322040700158931159e+00
1.049157471978618084e+01
1.181512958887226361e+01
1.200143019060538307e+01
1.232683181833808206e+01
1.166515408589950198e+01
9.441402684983152938e+00
9.082399767407467905e+00
8.417514013148743146e+00
7.644743782184214353e+00
7.547251306673476989e+00
5.708958428827378029e+00
4.817331439305448271e+00
3.916697950810987372e+00
5.443334231053997829e-01
3.035653084651998013e-01
3.398707824863165250e+00
6.217725440241838264e+00
9.322305198764780698e+00
1.246766122135636934e+01
1.362288985182066980e+01
1.275331096443969869e+01
1.005305950512687829e+01
7.312349896848558295e+00
6.309980460848274575e+00
6.554619650822784749e+00
7.270044329394639959e+00
8.501390783514217730e+00
9.351515010701128006e+00
9.085301250447869847e+00
7.590515830477364112e+00
5.743064588707153639e+00
3.839611853570636057e+00
2.044475579953883848e+00
-8.761060737541865873e-01
-3.623441438818419513e+00
-5.059512429889030827e+00
-5.816048267354629431e+00
-6.012826810554133594e+00
-4.764573710739887780e+00
-2.014313180214037047e+00
-8.184228179084381827e-01
-1.136208413607882273e+00
-1.246037548836857356e+00
-3.073383059923605387e+00
-5.823353522612531918e+00
-6.057560300586378510e+00
-5.993573050529145796e+00
-4.609745652354458656e+00
-4.539373232516121348e+00
-5.845385715936789239e+00
-5.742926084161635636e+00
-7.230304982163165306e+00
-7.882967879543691048e+00
-5.992385023260466959e+00
-3.092092144836219081e+00
-2.795775900960182803e+00
-3.408526059921373808e+00
-5.669047348893149874e+00
-6.755018999089426934e+00
-6.037709932382669287e+00
-6.715154528218672425e+00
-4.146364477317750818e+00
-1.247237397838702799e+00
-2.515664768277888097e+00
-5.135986182729205041e+00
-7.129335831956097991e+00
-8.948279458113564289e+00
-6.703301869063206908e+00
-1.654201509699873451e+00
2.900466164257779589e+00
6.006980290600981931e+00
5.925908181425663557e+00
4.126371161590953740e+00
3.196227323912656626e+00
3.632802998446879705e+00
5.409467354950466600e+00
8.034025584053301472e+00
9.202552184981639627e+00
7.509646855793883802e+00
4.932043220792053262e+00
2.760210623710875666e+00
1.396201892631006913e+00
2.310937662396179260e+00
-1.520263955299560443e+01
-1.520263955299560443e+01
-1.520263955299560443e+01
-1.520263955299560443e+01
-1.520263955299560443e+01
-1.520263955299560443e+01
-1.520263955299560443e+01
-1.520263955299560443e+01
-1.520263955299560443e+01
-1.520263955299560443e+01
-1.520263955299560443e+01
-1.520263955299560443e+01
-1.520263955299560443e+01
-1.520263955299560443e+01
-1.520263955299560443e+01
-1.520263955299560443e+01
-1.520263955299560443e+01
-1.520263955299560443e+01
-1.520263955299560443e+01
-1.520263955299560443e+01
-1.520263955299560443e+01
-1.520263955299560443e+01
-1.520263955299560443e+01
-1.520263955299560443e+01
-1.520263955299560443e+01
-1.520263955299560443e+01
-1.520263955299560443e+01
-1.520263955299560443e+01
-1.520263955299560443e+01
-1.520263955299560443e+01
-1.520263955299560443e+01
-1.520263955299560443e+01
-1.520263955299560443e+01
-1.520263955299560443e+01
-1.520263955299560443e+01
-1.520263955299560443e+01
-1.520263955299560443e+01
-1.520263955299560443e+01
-1.520263955299560443e+01
-1.520263955299560443e+01
-1.520263955299560443e+01
-1.520263955299560443e+01
-1.520263955299560443e+01
-1.520263955299560443e+01
-1.520263955299560443e+01
-1.520263955299560443e+01
-1.520263955299560443e+01
-1.520263955299560443e+01
-1.520263955299560443e+01
-1.520263955299560443e+01
-1.520263955299560443e+01
-1.520263955299560443e+01
-1.520263955299560443e+01
-1.520263955299560443e+01
-1.520263955299560443e+01
-1.520263955299560443e+01
-1.520263955299560443e+01
-1.520263955299560443e+01
-1.520263955299560443e+01
-1.520263955299560443e+01
-1.520263955299560443e+01
-1.520263955299560443e+01
-1.520263955299560443e+01
-1.520263955299560443e+01
-1.520263955299560443e+01
-1.520263955299560443e+01
-1.520263955299560443e+01
-1.520263955299560443e+01
-1.520263955299560443e+01
-1.520263955299560443e+01
-1.520263955299560443e+01
-1.520263955299560443e+01
-1.520263955299560443e+01
-1.520263955299560443e+01
-1.520263955299560443e+01
-1.520263955299560443e+01
-1.520263955299560443e+01
-1.520263955299560443e+01
-1.520263955299560443e+01
-1.520263955299560443e+01
-1.520263955299560443e+01
-1.520263955299560443e+01
-1.520263955299560443e+01
-1.520263955299560443e+01
-1.520263955299560443e+01
-1.520263955299560443e+01
-1.520263955299560443e+01
-1.520263955299560443e+01
-1.520263955299560443e+01
-1.520263955299560443e+01
-1.520263955299560443e+01
-1.520263955299560443e+01
-1.520263955299560443e+01
-1.520263955299560443e+01
-1.520263955299560443e+01
-1.520263955299560443e+01
-1.520263955299560443e+01
-1.520263955299560443e+01
-1.520263955299560443e+01
-1.520263955299560443e+01
-1.520263955299560443e+01
-1.520263955299560443e+01
-1.520263955299560443e+01
