-6.414618588332885452e+00
-6.414618588332885452e+00
-6.092924427490446604e+00
-7.463779447640032316e+00
-8.413875107592089009e+00
-7.670478617132674870e+00
-6.497080564639190925e+00
-6.712481869839747262e+00
-5.854261400814996463e+00
-4.874035436539353228e+00
-5.143232131829965859e+00
-6.485634706565512886e+00
-7.160552014100471041e+00
-7.398426620228706341e+00
-6.728054663855060014e+00
-5.598813834577255122e+00
-4.750527484430445035e+00
-5.046571306542476876e+00
-6.558847939947498595e+00
-9.534974247735787500e+00
-1.169458328495952237e+01
-1.274223014567762213e+01
-1.101433529266846634e+01
-7.250263039647483865e+00
-2.743786560380743200e+00
-2.430609589023877692e-01
3.202371508887019713e-01
-4.431887226162432025e-01
-2.226554022136603805e+00
-4.261336266542578244e+00
-5.033210572805531413e+00
-4.871211207263990595e+00
-5.267591270715866969e+00
-6.031560853375545150e+00
-6.754576022573068883e+00
-7.091909490609138444e+00
-7.274715200355849731e+00
-6.292164226260355875e+00
-4.247917236893306026e+00
-2.684326764805043286e+00
-3.056125630180170027e+00
-3.330003480009708028e+00
-2.334798385024844602e+00
-6.273784887147018097e-01
1.842399844406524601e+00
5.660471982817286474e+00
8.865268842665450677e+00
9.836474192521787785e+00
9.173281780841598732e+00
7.782526980390573002e+00
6.590289054675142921e+00
6.153320388555957088e+00
6.768668099284575135e+00
7.969519596577597120e+00
9.220600466398456874e+00
1.010413609755827302e+01
1.061900451094670039e+01
1.163935377886193656e+01
1.273736624827268749e+01
1.349583662046472377e+01
1.318662558219492986e+01
1.221519478109960666e+01
1.080194329971963541e+01
9.540535750515976687e+00
8.711401520970390777e+00
8.761671277146479753e+00
9.439918807895411490e+00
1.029261229480781559e+01
1.086171551489065479e+01
1.143098028557927393e+01
1.214150812868713381e+01
1.266427443243449780e+01
1.334920222659869538e+01
1.385062519751854460e+01
1.384052061790401744e+01
1.312529337776190630e+01
1.244172219226942921e+01
1.165619246127591779e+01
1.051746552403778345e+01
8.437944161059650838e+00
5.420277258342425242e+00
1.854943012400080526e+00
-1.726883358910678457e+00
-3.793254715565551383e+00
-4.324036004142861600e+00
-3.355079065127926974e+00
-2.713684595616742357e+00
-2.394112541536709937e+00
-3.836566475133761145e+00
-5.683250630659763658e+00
-7.468855223606647442e+00
-7.632879141955236868e+00
-7.009833207029545932e+00
-5.891979455123947496e+00
-5.470412745756140005e+00
-5.789323099932357053e+00
-6.588829034377604366e+00
-7.347918107027742174e+00
-7.183736393078844706e+00
-6.389850150178335575e+00
-6.382719891625516340e+00
-7.706631096191308927e+00
-9.180447930423367708e+00
-1.076571475070872097e+01
-1.171844556211586585e+01
-1.121514883821196840e+01
-8.936799446314735107e+00
-7.242198160123834327e+00
-6.858084733897090501e+00
-7.186658680910527508e+00
-7.648053698320792293e+00
-7.763725593542822878e+00
-6.836200369754267925e+00
-5.055680562192200966e+00
-3.779395831854956533e+00
-4.077959199672693380e+00
-6.013710998119979223e+00
-8.321277780065509333e+00
-9.074612162084561007e+00
-8.806911988598461249e+00
-7.730664851647826019e+00
-5.574563978608782833e+00
-3.690876783604100098e+00
-3.599166258413173836e+00
-3.481526535326798566e+00
-1.736516012229952777e+00
7.086658441164290778e-01
3.759402809301158666e+00
7.003112259618079705e+00
9.025529503738347614e+00
9.255616117884159166e+00
8.843183740225883938e+00
8.690540776059338057e+00
8.923591479100165813e+00
9.472733509552737630e+00
9.985628242616730432e+00
1.016299445871787022e+01
1.016171889249386240e+01
9.863791579958906652e+00
9.778377258381071968e+00
9.947996746582772332e+00
1.052369252021483703e+01
1.046280514705377307e+01
1.020422969300027560e+01
9.660252347036854204e+00
9.389458200849333025e+00
9.693503333032927216e+00
1.069986708661093644e+01
1.151485423908940930e+01
1.194506410307230482e+01
1.196766738665525587e+01
1.120773270641326214e+01
1.043112004252222214e+01
1.040385636952127690e+01
1.070039485684052849e+01
9.943262102466761121e+00
8.726256575179489161e+00
6.570670634853379433e+00
3.599726547040018598e+00
2.598059129442331638e-01
-2.681097314184126112e+00
-4.818986791310816642e+00
-6.595265933941794501e+00
-7.663455417111822321e+00
-8.624377986249839978e+00
-8.846411540970557041e+00
-8.145430814168044265e+00
-7.314779066388781281e+00
-6.789430821853989606e+00
-6.193751432928794820e+00
-6.171270505547723495e+00
-6.214763656729045849e+00
-5.752046899637750066e+00
-4.608478183509829407e+00
-4.178218169010618155e+00
-4.135181464397921225e+00
-4.555171429691307949e+00
-5.156891986994577515e+00
-6.468157281673478920e+00
-7.467382615179756655e+00
-6.876519608374226600e+00
-6.028746196372924082e+00
-6.509436907171158637e+00
-6.701500304681266229e+00
-6.761876847619712194e+00
-7.311127814118899337e+00
-7.484165612538619783e+00
-6.993026953315850669e+00
-6.509174860655300598e+00
-6.950301704747860576e+00
-7.538160183311201301e+00
-8.846130021579197589e+00
-8.768897550113837980e+00
-7.839533615952836598e+00
-5.736541375726831760e+00
-4.099798761967827332e+00
-3.207277732721721009e+00
-4.165213229356651503e+00
-5.317710950779088286e+00
-5.944739438815008548e+00
-5.296053682625510461e+00
-2.912897461908945385e+00
1.071082832219758085e+00
4.721845816417795660e+00
6.629642500144046657e+00
7.767746732886403827e+00
8.362790695113762496e+00
8.865304354709151013e+00
9.865786556856596334e+00
1.133339149621624209e+01
1.222475892362343508e+01
1.214940248866355788e+01
1.095253730809392323e+01
9.854891569286305497e+00
9.151119555407476014e+00
8.897927112123090509e+00
9.239451923977497927e+00
1.042952076212217882e+01
1.104534910638233747e+01
1.058187148860376148e+01
1.021701353953027613e+01
1.028307491884637592e+01
1.054334561162208139e+01
1.080014007069183712e+01
1.061670698431848336e+01
1.016741990269790641e+01
9.748193529746803421e+00
9.206068658649899206e+00
8.274440353046109919e+00
7.671280177042332227e+00
6.857350277423019946e+00
4.290731326537830626e+00
1.466847105166612764e+00
-1.247032269090932788e+00
-4.215736778954729758e+00
-6.807461367822666531e+00
-7.841575281871690173e+00
-8.042248880176723347e+00
-8.259766587945520655e+00
-7.790964392211939149e+00
-6.939938034554464785e+00
-7.234827009200434311e+00
-7.487467283365536908e+00
-8.250675900829206100e+00
-8.955718024131250843e+00
-9.650553746575633696e+00
-9.204308204771407986e+00
-8.653914760308728304e+00
-7.888494422700949471e+00
-7.047346418369318855e+00
-7.143341457332103239e+00
-8.687585472751926829e+00
-9.648440175883918002e+00
-9.670088108242216762e+00
-8.852716072788419766e+00
-7.587366008077335522e+00
-6.003186968652284072e+00
-5.320819375847777088e+00
-6.333109094083568813e+00
-7.796154294637824833e+00
-9.185723141317307494e+00
-9.481890472346744758e+00
-8.954283213214514703e+00
-7.856570666803977865e+00
-6.999448220558306843e+00
-6.865406791723713376e+00
-7.648527839896026137e+00
-8.237920375089167635e+00
-7.706888780595415156e+00
-5.395302880699098580e+00
-2.066915246055274658e+00
1.029547742399238963e+00
3.356868643840742017e+00
5.227672328406806734e+00
6.296409555311508477e+00
6.502450189316808071e+00
7.081550517464345162e+00
8.102768150799974478e+00
8.976761270948498961e+00
9.508661117336027147e+00
9.560965031248702672e+00
9.125248651758965934e+00
8.542164981450239836e+00
8.236661459895820769e+00
8.148006166155624896e+00
8.803786640439765776e+00
9.316153970751656743e+00
9.672442132576328788e+00
9.559276038105839035e+00
9.696144062173972955e+00
9.358902755094334225e+00
9.072584667499624445e+00
9.270240991138196662e+00
1.001296857990885592e+01
1.039907358329916320e+01
1.019243266293495864e+01
9.204500412228220796e+00
6.883142389902106473e+00
3.620261527135248070e+00
6.456111497626841889e-01
-1.975876950329782611e+00
-4.027626564231024275e+00
-4.768042540124590722e+00
-4.363827044027908109e+00
-4.574413245987421384e+00
-4.552968784220558618e+00
-5.100637959160003732e+00
-6.461805567819233431e+00
-7.451245547107096634e+00
-7.170949717390741718e+00
-7.065981790595375678e+00
-7.084529899180473045e+00
-7.242807336927572948e+00
-7.179250860831543513e+00
-7.826411975503064333e+00
-7.454662029324630623e+00
-7.472031291908614925e+00
