-2.326673565591234194e+01
-2.331507509403393996e+01
-2.310908328726111804e+01
-2.097568146661497579e+01
-1.864084432224987609e+01
-1.808729792890354915e+01
-1.900917728647651117e+01
-2.020249367582129096e+01
-2.079506970852923331e+01
-2.060242645800224537e+01
-1.999590974517596109e+01
-1.958128587525195741e+01
-1.963378128652036381e+01
-2.003628245382954987e+01
-2.055574858694867046e+01
-2.074107193276655536e+01
-2.045030987421412050e+01
-2.003628555954716717e+01
-1.994441890052696564e+01
-2.012625742903171755e+01
-2.032920250576560051e+01
-2.037189243547283368e+01
-2.010447668613926453e+01
-1.980145661529219936e+01
-1.973496968763955550e+01
-2.022053139648816611e+01
-2.112428370447121395e+01
-2.195968158872232934e+01
-2.218523707657167776e+01
-2.176878121147560918e+01
-2.119305018549265540e+01
-2.075773159451277294e+01
-2.070410207672984626e+01
-2.115267153027166103e+01
-2.169727504194641909e+01
-2.177706391980395040e+01
-2.130097297990026206e+01
-2.081052384212413386e+01
-2.075333936965983028e+01
-2.123083794801455682e+01
-2.196526616331979653e+01
-2.250278451276257385e+01
-2.244605414273457100e+01
-2.172113920433580603e+01
-2.089999506527417950e+01
-2.066639426674271718e+01
-2.115237285024431557e+01
-2.197423381269880949e+01
-2.252429918753898264e+01
-2.225139349962253732e+01
-2.132434654177692579e+01
-2.033008856679210652e+01
-1.989287150519269076e+01
-2.029335527831106134e+01
-2.123283700654300432e+01
-2.197812466144660704e+01
-2.200361731002164944e+01
-2.156809377048310594e+01
-2.105934103131186319e+01
-2.063642246814249859e+01
-1.999521252561602935e+01
-1.826440663434078715e+01
-1.427777693625973221e+01
-7.507069716654518388e+00
1.273047230134205954e+00
9.908475978999913281e+00
1.623473958551020502e+01
1.977200345657388425e+01
2.047440839743682872e+01
1.922841839229274896e+01
1.764040045176483318e+01
1.765861700727351291e+01
1.833326640850759404e+01
1.914486921582851409e+01
1.992566396520291860e+01
2.065134682364016783e+01
2.105697442503245398e+01
2.201400860022662087e+01
2.425879208513311625e+01
2.693232066936923275e+01
2.901933244979268167e+01
2.993355596726496159e+01
3.019809262808966821e+01
2.960979761224968598e+01
2.856621526818776147e+01
2.790101666145679005e+01
2.801221490954057813e+01
2.830859442202388365e+01
2.845008525388002951e+01
2.868969908566833382e+01
2.907190127295985249e+01
2.955736644530723112e+01
2.999931258179140059e+01
3.059693741159693303e+01
3.109583940747561570e+01
3.124087661536761473e+01
3.094902824275676068e+01
3.079402714107166616e+01
3.085383872188528898e+01
3.096738405941618666e+01
3.118334023907401686e+01
3.150868975289685281e+01
3.181307494162904703e+01
3.202089270974323654e+01
3.218101494656824713e+01
3.225426181892004962e+01
3.225357533623616746e+01
3.209670388490062010e+01
3.181242517456961139e+01
3.148345734035304488e+01
3.130590489155368417e+01
3.127595448263674882e+01
3.129839261087051838e+01
3.121092988169353433e+01
3.100382738663461879e+01
3.072524909461901643e+01
3.053732563439383441e+01
3.064516340642820325e+01
3.099190530062485394e+01
3.133333464476761776e+01
3.156380241337529569e+01
3.157138547396338879e+01
3.154533138295295558e+01
3.199783021544030959e+01
3.286263160096365965e+01
3.384321661765199707e+01
3.489893036036366425e+01
3.577061617994032616e+01
3.580106429247945243e+01
3.561213153364329287e+01
3.577566868435073388e+01
3.607443870508216577e+01
3.633395830383539504e+01
3.672463421834503094e+01
3.704993922492617742e+01
3.720878933730884341e+01
3.735931836396505190e+01
3.766260674905365846e+01
3.786264101828118100e+01
3.735762496294552193e+01
3.495787163464641623e+01
3.021159166763277426e+01
2.329344219281228234e+01
1.499127104037000535e+01
7.058946257414186576e+00
3.991870780149939790e-01
-3.982489211276138530e+00
-6.325004169986301328e+00
-7.380022450928308331e+00
-8.088678153385210123e+00
-8.445200609998190444e+00
-9.424111440021265551e+00
-1.108913307595092768e+01
-1.286916046382721390e+01
-1.453074290539876046e+01
-1.639137546579102178e+01
-1.778260214905132131e+01
-1.851570426118763635e+01
-1.904441819949322579e+01
-1.944058764546483076e+01
-1.980538240184975152e+01
-2.026789773560374996e+01
-2.097421312604484456e+01
-2.172974660912520761e+01
-2.246097256588359770e+01
-2.295083195918657992e+01
-2.322408265422052764e+01
-2.337748015370348398e+01
-2.363470036207290192e+01
-2.393107399271885782e+01
-2.430076977110400804e+01
-2.462782727872352950e+01
-2.478547185384191920e+01
-2.486644955370584853e+01
-2.498213248884539794e+01
-2.522348187016147136e+01
-2.556087039394204652e+01
-2.595034722278691675e+01
-2.619339869653632036e+01
-2.630200354112522731e+01
-2.637033169563792967e+01
-2.654476343622241785e+01
-2.684183903996969889e+01
-2.714911836446080429e+01
-2.740865409685849841e+01
-2.751183304748494862e+01
-2.749237154831001462e+01
-2.748654027110686826e+01
-2.766582880559385416e+01
-2.797089026242814569e+01
-2.821584175607747014e+01
-2.832954087550962186e+01
-2.831738289659930885e+01
-2.826687882557630971e+01
-2.834160624124547923e+01
-2.863330892488973589e+01
-2.905228034220881028e+01
-2.936325956866846809e+01
-2.940192271783362443e+01
-2.922931795917299524e+01
-2.905822105294825519e+01
-2.910456476137231263e+01
-2.936558146746792275e+01
-2.977464887512645930e+01
-3.004257369636222919e+01
-2.997463694720076433e+01
-2.951631298296366879e+01
-2.899479897817647256e+01
-2.856342326992472991e+01
-2.793323808998421498e+01
-2.650352249657422377e+01
-2.358616067053931076e+01
-1.888609986396297558e+01
-1.275467238899925349e+01
-6.193197526904764771e+00
3.579011753739917978e-01
5.284698272572475375e+00
8.360396999395771189e+00
9.935598634017647868e+00
1.169649141768537604e+01
1.316678307041007479e+01
1.516075352441617952e+01
1.741754587818626376e+01
1.909887239587141039e+01
1.989498783424707185e+01
2.102009188912629867e+01
2.222570959474669294e+01
2.354912353853682916e+01
2.467998670849126697e+01
2.548260782335324137e+01
2.504808767445469186e+01
2.401859721772079936e+01
2.260651822683865575e+01
2.117977481181988608e+01
2.062359938060533793e+01
2.093096284135139484e+01
2.169493278543609804e+01
2.258915920797652532e+01
2.344297352381483890e+01
2.362570148757933453e+01
2.317006479115618944e+01
2.282137846234955347e+01
2.281139489273096643e+01
2.284435918144914979e+01
2.317188289973651649e+01
2.364000459431298395e+01
2.390632639874325349e+01
2.381102973941823819e+01
2.361187397350172645e+01
2.339840375472892120e+01
2.327769843286290552e+01
2.342234749525590587e+01
2.366397165296766403e+01
2.384180674277264700e+01
2.396101743805611406e+01
2.392373083802370459e+01
2.370259654872701205e+01
2.347523047790676287e+01
2.342072068892486314e+01
2.337268064336121398e+01
2.342015780914087486e+01
2.369919444939778330e+01
2.393112520293356127e+01
2.396912500169216997e+01
2.389451189638766238e+01
2.376870828032915384e+01
2.352346032924602781e+01
2.331726191458975350e+01
2.323692330412299611e+01
2.336403035557654562e+01
2.354794213992843410e+01
2.390307655697949585e+01
2.437326158849832680e+01
2.493967911981378549e+01
2.585623417300893578e+01
2.725910866126314502e+01
2.883673351232083348e+01
3.020831905849699339e+01
3.072112566548388557e+01
2.892970217664480259e+01
2.412454774193552964e+01
1.708841944793616818e+01
8.361753989190795266e+00
-7.914846032781372998e-01
-8.466241584893516858e+00
-1.345338471864475061e+01
-1.603127533859589349e+01
-1.692804276363697369e+01
-1.700137488323543877e+01
-1.753837779461523283e+01
-1.890444385203541344e+01
-2.095594221756378062e+01
-2.253631284082906561e+01
-2.355812399316048555e+01
-2.398840170800368909e+01
-2.418586701083964385e+01
-2.439209469121880858e+01
-2.509202474314036024e+01
-2.615587772411695866e+01
-2.704459953906395597e+01
-2.777478234826675774e+01
-2.836237304800632586e+01
-2.871950489372711601e+01
-2.902867858325933170e+01
-2.944750101834948097e+01
-3.001603014224087929e+01
-3.052042526916875431e+01
-3.115111540808166168e+01
-3.174863304223749338e+01
-3.217774112682033660e+01
-3.243321480553110803e+01
-3.259194500125595084e+01
-3.269298153371750715e+01
-3.288319454292929578e+01
-3.342497079787121805e+01
-3.429805541596179808e+01
-3.494147695136657461e+01
