-6.071786915544632457e+00
-6.071786915544632457e+00
-6.071786915544632457e+00
-6.071786915544632457e+00
-6.071786915544632457e+00
-6.071786915544632457e+00
-6.648254259323491233e+00
-5.897645738778101610e+00
-5.309653831333415397e+00
-5.386674750087893315e+00
-5.947956734183637018e+00
-6.593662036233872037e+00
-6.835006562661389395e+00
-7.146232194188833375e+00
-7.157234873262153130e+00
-6.386347381875252971e+00
-5.876587741960220157e+00
-6.312827475351185491e+00
-6.937974828695422147e+00
-6.849215229663932369e+00
-6.565940124390537314e+00
-6.399278457443030810e+00
-5.880804811847832880e+00
-5.480835429320599417e+00
-5.963410197527862167e+00
-6.518769461013401489e+00
-6.885232216885184720e+00
-6.961207384053319736e+00
-6.561170792836404253e+00
-5.958430598217877794e+00
-5.967630653436624577e+00
-6.602365307025070074e+00
-7.093768196796024661e+00
-7.557875264053032005e+00
-7.496182981495847386e+00
-6.732768894652077840e+00
-5.962386811350111948e+00
-6.004170244341043627e+00
-6.634928617986472155e+00
-7.403430983961376555e+00
-8.005609691975825726e+00
-7.355474526667350688e+00
-5.114464824398299747e+00
-1.805522940801926879e+00
1.197235397180148819e+00
3.842814994382074634e+00
5.564249894087750725e+00
6.812658958573504897e+00
7.260034302616825030e+00
7.869155371539930499e+00
8.190390352128762430e+00
8.372686442269232643e+00
8.153789792765076427e+00
7.973430239817715481e+00
8.014613572317603740e+00
8.571317987442668596e+00
9.254819971343021479e+00
9.819766971984478232e+00
9.944760667371774332e+00
9.564331601262880511e+00
8.805290071096170124e+00
8.421903951198395077e+00
8.640431286438301939e+00
9.180325885184791090e+00
9.549527637131911106e+00
9.728823946323732486e+00
9.331900560239786202e+00
8.804288472597781023e+00
8.159534988577521020e+00
8.147401698295201555e+00
8.378052176880363078e+00
8.650543023952405264e+00
8.745299165324423640e+00
8.967144432408872490e+00
9.243785912821570250e+00
9.603175307625409829e+00
1.003546193532745789e+01
1.020192598208009294e+01
9.674147375248651315e+00
8.472548495965543935e+00
7.037530030828935246e+00
5.699134921519933172e+00
4.493768159817816077e+00
3.343896048806631160e+00
1.841779124231250453e+00
7.783472150740933238e-02
-2.248602406516182928e+00
-4.169214705552012568e+00
-5.244367918147472274e+00
-5.543836506942345643e+00
-5.537012464937455469e+00
-5.462038508894137223e+00
-5.866815025370491377e+00
-7.030639320071692566e+00
-7.846787923947637466e+00
-7.512550639288314791e+00
-6.582309110769061000e+00
-5.845826444997727300e+00
-6.254869712705984242e+00
-7.642034931817415000e+00
-9.985058194148837885e+00
-1.166716211863986175e+01
-1.196138314203457576e+01
-9.960740990323026622e+00
-7.420634683405391563e+00
-5.101309859231612620e+00
-4.489426537611084456e+00
-5.183508831552948060e+00
-7.024719954790806575e+00
-8.118155439309212795e+00
-8.252373824773235000e+00
-7.550199609051153615e+00
-6.768994411049425786e+00
-6.377883164061203480e+00
-6.788260856766068940e+00
-7.520110189977520676e+00
-7.657460049451294104e+00
-7.350087785536488560e+00
-6.875343396424018927e+00
-6.662280339780857652e+00
-7.138698579432131375e+00
-7.518373443441801918e+00
-7.122124105377977799e+00
-5.444532045921455676e+00
-2.786218510858532227e+00
5.237323775638977885e-01
3.112609143111428889e+00
4.640664627999676384e+00
5.313060149497593976e+00
5.728867766654131444e+00
6.215424863942061506e+00
7.143315913181208288e+00
8.027507973897538562e+00
8.275016638391656798e+00
7.902869067354671984e+00
7.326346940647757933e+00
7.080132806155098102e+00
7.364805571051380007e+00
8.072589736945753103e+00
8.627524003583550538e+00
8.507222300016454852e+00
7.967273630447747834e+00
7.417920206333784350e+00
7.420032354999889002e+00
8.202545502862840010e+00
9.278261882928498849e+00
9.889506747160883293e+00
9.782863506228355988e+00
9.136209868035267689e+00
8.126557403551563752e+00
7.577449641392793644e+00
7.699674910092714875e+00
8.209320571877540829e+00
8.429420693259521258e+00
8.356139994771485391e+00
8.274018264286022273e+00
8.309858887170607389e+00
8.861439201758829043e+00
9.677004270354608195e+00
1.007389258346568717e+01
9.318833772871331078e+00
7.339954713076776827e+00
4.225814083366575602e+00
9.199616355675134249e-01
-1.766297515161561860e+00
-3.281221399144525819e+00
-4.053944040105950108e+00
-4.033180280386361893e+00
-4.043595654896991576e+00
-4.329796936243436534e+00
-4.834811060634144120e+00
-5.047019016320819063e+00
-5.359493764124407811e+00
-5.288419613617220350e+00
-5.284820663206429181e+00
-5.149760946975447062e+00
-5.349310768910714664e+00
-5.716704335884848831e+00
-5.987822209961262132e+00
-5.867622049712284849e+00
-5.665600120141838225e+00
-5.565980553700866196e+00
-4.995384729858336037e+00
-4.459517094037614982e+00
-4.982474035609719465e+00
-5.791448953256825405e+00
-6.685501920314619539e+00
-7.154474760474779593e+00
-7.660451667555403077e+00
-6.870841531452847484e+00
-6.084920206874611992e+00
-5.313300782906748232e+00
-5.319224854474534858e+00
-5.685001948472763189e+00
-6.535229773710686807e+00
-6.994502825237883137e+00
-6.981288240058140637e+00
-6.528748617792824227e+00
-6.183847421613529072e+00
-5.677884477698952992e+00
-5.980447444212511066e+00
-6.157020085406898602e+00
-5.783461438339652538e+00
-4.038463800106461221e+00
-2.051637593805948789e+00
5.667401151595626851e-01
2.963133477033883079e+00
4.857470607958441988e+00
5.911867911409890652e+00
7.117252314260553270e+00
8.111184383016722066e+00
8.677802670296257403e+00
8.873960071880121703e+00
8.817367396194548235e+00
8.612413332248344489e+00
8.402696298817001974e+00
8.585429607766140947e+00
9.141178192369563860e+00
9.693393082232073965e+00
9.535676256990315736e+00
8.918587239988896798e+00
8.538125437902170489e+00
8.715151849334455747e+00
9.223206365397384587e+00
9.830147512033855506e+00
1.022199972597807260e+01
9.784438783927475569e+00
8.636337763469548179e+00
7.981564568493283218e+00
8.166875507621991659e+00
9.447008406966329375e+00
1.089451318510564803e+01
1.209485641603890471e+01
1.213252945562422269e+01
1.115903294730005335e+01
9.951492432427430757e+00
9.564620018100091769e+00
1.009662976928935763e+01
1.057104291125107665e+01
9.954556129234454431e+00
7.710128838047383582e+00
4.097081643730778211e+00
1.618764546362315704e-01
-3.010865202466457280e+00
-4.016532625573199233e+00
-3.906824941314964050e+00
-3.738502286975619260e+00
-4.427079040784625441e+00
-5.233683462500846595e+00
-6.732035662973753887e+00
-7.619200838504740503e+00
-6.926791354336704565e+00
-5.191503496142340524e+00
-3.828425837661090014e+00
-3.368973624494294494e+00
-3.607163517097809358e+00
-4.810230210814584240e+00
-6.063984107085444997e+00
-6.479309239591144909e+00
-6.340110379543078878e+00
-6.078993923635232832e+00
-6.164067739739719443e+00
-6.069636664417016547e+00
-6.535712621559114588e+00
-6.584621841186717894e+00
-6.480713639958763927e+00
-5.952827178767928551e+00
-5.969714254062727044e+00
-6.233846327339858107e+00
-6.327167818513810715e+00
-6.099755822180444653e+00
-5.801204045268298692e+00
-5.257488163019877092e+00
-4.774344386622762393e+00
-4.865348541226072854e+00
-5.763062565103882484e+00
-6.326008273573643592e+00
-6.739055368043577410e+00
-6.656708056631667425e+00
-6.515666697808933705e+00
-6.191089696081321314e+00
-6.344933586567632844e+00
-6.392163875914421034e+00
-5.393644069483108261e+00
-3.414213830385302906e+00
-7.107420181992246677e-01
2.059701254933754999e+00
4.420047776141597495e+00
5.445871832216618635e+00
5.395104958369518755e+00
5.036464843517753032e+00
5.063790645751642394e+00
5.659178758070759763e+00
6.804436130275941963e+00
7.852287847623302675e+00
8.659253132080399595e+00
8.773615024624206171e+00
8.902993249996502101e+00
8.716414911835979495e+00
8.887624243006188252e+00
8.817665068159481478e+00
8.767110691127598443e+00
8.463584991650542122e+00
8.535057873311906462e+00
8.628890736081396895e+00
8.992596155975638439e+00
9.196630110906433231e+00
9.483510920395760380e+00
9.134358905525798988e+00
8.581720872765897568e+00
7.683867928905236511e+00
7.037608608005699651e+00
5.918061528518927972e+00
4.254074958962052122e+00
2.000359334596601535e+00
-3.623080566619095721e-01
-2.597960088329251072e+00
