-2.186320373114232041e+01
-2.186320373114232041e+01
-2.170647371458298025e+01
-2.191054925697795497e+01
-2.226971796896591371e+01
-2.308955640986358304e+01
-2.355481145700675683e+01
-2.341342169729028200e+01
-2.330849347543720285e+01
-2.349157532459118514e+01
-2.377307187820703760e+01
-2.376980976567577031e+01
-2.350596162355572361e+01
-2.324995502949487047e+01
-2.314528499234536341e+01
-2.319857670893631152e+01
-2.327358652746991297e+01
-2.319687497073897475e+01
-2.295821666621634094e+01
-2.276199111622050353e+01
-2.278931418326018132e+01
-2.297492435691803436e+01
-2.314487261569792764e+01
-2.318255019543199325e+01
-2.296957864884474532e+01
-2.265898893665051261e+01
-2.253546525566891034e+01
-2.268851019777543243e+01
-2.291268369617359113e+01
-2.306711903962737154e+01
-2.297623222176827795e+01
-2.261613983271680794e+01
-2.236357747791181083e+01
-2.246141802440344293e+01
-2.273504253105188511e+01
-2.296117125691104377e+01
-2.297180209414434415e+01
-2.271993772858552774e+01
-2.230888368635464758e+01
-2.212785927533399288e+01
-2.236145831516978078e+01
-2.290928565669058159e+01
-2.328251479735570229e+01
-2.320820445086386030e+01
-2.271213011714189633e+01
-2.218991325495628075e+01
-2.186777924399600082e+01
-2.203766878166400289e+01
-2.239285699695685494e+01
-2.253834829429685271e+01
-2.215877447495967800e+01
-2.148484169957964696e+01
-2.102213746804561012e+01
-2.129189835400581643e+01
-2.217234304858255456e+01
-2.311431717571184308e+01
-2.350891164141838630e+01
-2.278170069467767078e+01
-2.045113260459884685e+01
-1.691153822892334446e+01
-1.258872712498248347e+01
-7.586537982604905750e+00
-1.728712170902514389e+00
4.331122213695682177e+00
1.073378818272574264e+01
1.696319440265451917e+01
2.270395731625595204e+01
2.681462383901553537e+01
2.949647855625108406e+01
3.114058654787354641e+01
3.203703873085216003e+01
3.232082135982251003e+01
3.200388867659228964e+01
3.170970322737396785e+01
3.127397402011852279e+01
3.130036269639223434e+01
3.197321232798602963e+01
3.369860471234340338e+01
3.576390430090294359e+01
3.731226353126410089e+01
3.779547308426406005e+01
3.712850368687247027e+01
3.553066540145289309e+01
3.365963249506158661e+01
3.222532102311162561e+01
3.134949088345538115e+01
3.080420928768735322e+01
3.056570779302269969e+01
3.045062746085320882e+01
3.052117454317129486e+01
3.079216202973445604e+01
3.122744875883565285e+01
3.155113897639802545e+01
3.152781923217255766e+01
3.122313343546023745e+01
3.081715010522269083e+01
3.072659997853264358e+01
3.111425989257390512e+01
3.206140595671691074e+01
3.302065425201708138e+01
3.359552394647511875e+01
3.347347132549224114e+01
3.283852561094722233e+01
3.194797514762315060e+01
3.117727668611192726e+01
3.084169975092444460e+01
3.097658723574656037e+01
3.122921556606858928e+01
3.147407105516708015e+01
3.166378703100865266e+01
3.170852253316392932e+01
3.143418464162717285e+01
3.126369251061331056e+01
3.128815062920215695e+01
3.149690321094697154e+01
3.189786054825786721e+01
3.235209237013179262e+01
3.251903199555405166e+01
3.228612183566403360e+01
3.182381184954495268e+01
3.160677794686077391e+01
3.212995346621064385e+01
3.342438735338495093e+01
3.536042718721347455e+01
3.751083602453753230e+01
3.907942999416326302e+01
3.977226002810912320e+01
4.008086298645851997e+01
4.044523608400282910e+01
4.110619481595473701e+01
4.198963824844168613e+01
4.275196471676580501e+01
4.266079227181568712e+01
4.210758827206699095e+01
4.161863227669717702e+01
4.211402337616273428e+01
4.356039708389098308e+01
4.538262847421957247e+01
4.607487340225124939e+01
4.408138661125405378e+01
3.868290789320757028e+01
3.100131923593497163e+01
2.303235034140126203e+01
1.611663134133572228e+01
1.091891626682891925e+01
7.672572120310225507e+00
4.905969805307315745e+00
1.221719746777211402e+00
-2.911205594104508521e+00
-6.668714584432897219e+00
-9.386908583034843545e+00
-1.057761680707630347e+01
-9.976485120526875860e+00
-8.922314519253671250e+00
-8.568632921162178562e+00
-8.977323828423457996e+00
-9.757737711647761714e+00
-1.043764613756914805e+01
-1.073108538225927511e+01
-1.060983711739361013e+01
-1.068922176652542788e+01
-1.132909857429730671e+01
-1.231488906324440435e+01
-1.324572880996674940e+01
-1.378124505038805836e+01
-1.370367630972778272e+01
-1.349623962715465630e+01
-1.349546064870892081e+01
-1.387813144644607100e+01
-1.450529431900148936e+01
-1.514047087884113019e+01
-1.537246218589778834e+01
-1.526090779012107923e+01
-1.512297413884952846e+01
-1.524967701650099272e+01
-1.563596872293760853e+01
-1.611168182318690256e+01
-1.646684802678391435e+01
-1.652854422805837586e+01
-1.633937300713857965e+01
-1.615225031512283849e+01
-1.623883101629989767e+01
-1.658034650509825170e+01
-1.689037424244823526e+01
-1.701050222084498387e+01
-1.693751799973590266e+01
-1.684079415399947521e+01
-1.685098038916027363e+01
-1.706001518220254098e+01
-1.737335279092411966e+01
-1.760255649265067035e+01
-1.757481221402927218e+01
-1.735442538521226652e+01
-1.718810166800982131e+01
-1.719094105770974323e+01
-1.738099219604824697e+01
-1.760070411345749974e+01
-1.772590531868989316e+01
-1.765258352315528967e+01
-1.752755441264080716e+01
-1.748178711077330760e+01
-1.761440736212234626e+01
-1.783952313487249697e+01
-1.797011378475736620e+01
-1.785706504534586259e+01
-1.760744606290154834e+01
-1.741613212049952963e+01
-1.740176501234429907e+01
-1.756164438111868620e+01
-1.774135742524031656e+01
-1.784006081410858968e+01
-1.771140779595907588e+01
-1.749855926006570783e+01
-1.733927113846157297e+01
-1.740857898160853168e+01
-1.755732667446767792e+01
-1.769517515497129168e+01
-1.766567668967405780e+01
-1.750201712867861659e+01
-1.726504194684256532e+01
-1.718038552309467804e+01
-1.731931078119485790e+01
-1.761033600412279654e+01
-1.779572469761410858e+01
-1.771188180333813378e+01
-1.743213221640468547e+01
-1.713243095614062739e+01
-1.698245673500447239e+01
-1.712817951464628763e+01
-1.751760968425839238e+01
-1.795986119886442722e+01
-1.817593240683284961e+01
-1.809818855089618239e+01
-1.788450101370854028e+01
-1.765103940742734068e+01
-1.741205331565717529e+01
-1.729850852236734582e+01
-1.736954614719458334e+01
-1.744149995433487987e+01
-1.739092043816993893e+01
-1.730610710100418359e+01
-1.726319507143255905e+01
-1.724753438113527082e+01
-1.724755811575461451e+01
-1.727267068848111009e+01
-1.737020811136850540e+01
-1.745555119921790066e+01
-1.735779078722184821e+01
-1.720732157769103310e+01
-1.717438136387844594e+01
-1.720709050176086663e+01
-1.725427686341014777e+01
-1.741436930463227739e+01
-1.762256929022165508e+01
-1.762740131001712740e+01
-1.738416921798867421e+01
-1.714073977611716870e+01
-1.705361156045683302e+01
-1.712068715791325957e+01
-1.727418612587533531e+01
-1.746531922063751452e+01
-1.754265210814576648e+01
-1.742614096117869593e+01
-1.715146547945099087e+01
-1.700247544398192545e+01
-1.709394822070143860e+01
-1.732330674712035190e+01
-1.746300761560561554e+01
-1.750228087540743260e+01
-1.749158207613379190e+01
-1.746366924042476043e+01
-1.757500290830410705e+01
-1.778751190371703927e+01
-1.794595405311980940e+01
-1.779064946539168801e+01
-1.741063217746775038e+01
-1.713064813482306192e+01
-1.735567995881163483e+01
-1.793928239603420849e+01
-1.824523758995509581e+01
-1.751553622730736848e+01
-1.497631387099740685e+01
-1.039999764611573951e+01
-4.392821256298564236e+00
1.624260290248136007e+00
7.459893296136772101e+00
1.308445739804686525e+01
1.894243754183441197e+01
2.528644081919226139e+01
3.168611252851750848e+01
3.700074118600011275e+01
3.956806695788291961e+01
3.866755637901086118e+01
3.516077752764314823e+01
3.160576099640418946e+01
2.974728220079584773e+01
3.030623057063835901e+01
3.297333628045921472e+01
3.605350243124998855e+01
3.746781947864690210e+01
3.722839367052691273e+01
3.645212293131390879e+01
3.638458010479685356e+01
3.757861725737310366e+01
3.975149068439340283e+01
4.135222659769188169e+01
4.138949655060125821e+01
3.999888097990127989e+01
3.855218607491729443e+01
3.818064418254613912e+01
3.920419545787355275e+01
3.976445930642868376e+01
3.783332850431237659e+01
3.227613285895797901e+01
2.345290572074210900e+01
1.328950794408875602e+01
4.920382477262760013e+00
