-1.064668584173654509e+01
-1.064668584173654509e+01
-1.064668584173654509e+01
-1.064668584173654509e+01
-1.064668584173654509e+01
-1.064668584173654509e+01
-1.064668584173654509e+01
-1.064668584173654509e+01
-1.064668584173654509e+01
-1.064668584173654509e+01
8.687127442640036890e-01
7.759922646960529136e+00
5.181237171890526128e+00
-8.310211973713883538e+00
-1.919710638357219779e+01
-2.003647675571198405e+01
-9.108424918584146823e+00
7.609690653608917721e+00
1.821046132531612827e+01
1.695309684570304398e+01
2.218804033629727002e+00
-1.473340630108444138e+01
-2.606202451392492492e+01
-2.393678164015051379e+01
-1.002675647258106828e+01
7.472486132694452721e+00
1.520882422740296569e+01
1.017177361547228465e+01
-3.684545181325983521e+00
-1.866465892579162045e+01
-2.684426359708194809e+01
-2.212672957394122619e+01
-7.548486366279620441e+00
8.977616641025999655e+00
2.009335747522688109e+01
2.286036471402047709e+01
1.585385562848376750e+01
3.725662282822426619e+00
-9.750370104023314610e+00
-1.543446744924619907e+01
-1.668021175492523156e+01
-1.379825142837192331e+01
-9.380937939384093482e+00
-4.715609609503240485e+00
-2.295071208796239048e+00
-5.334975355001351893e+00
-7.962001191992145621e+00
-1.063939655779287108e+01
-1.290417796992221078e+01
-9.866171653672598296e+00
-3.326630098026124749e+00
4.001637749830313950e+00
1.056483371818842087e+01
1.642323754524208468e+01
1.733856542029787207e+01
1.475024762951272095e+01
1.010207235797042813e+01
3.571453539930157461e+00
-2.783260642173193578e+00
-5.950468654373596067e+00
-3.705710702733933548e+00
2.065700037004778000e+00
1.075097329975546145e+01
1.752724027234120996e+01
2.022456369858076641e+01
1.755127047308070232e+01
1.242585840148720422e+01
5.658242203609630927e+00
2.750051097399674127e+00
2.140725636415348632e+00
4.609665671125283914e+00
4.341619605506818580e+00
3.298177006755782070e+00
1.727517893967879248e+00
1.577766079002587141e+00
6.234704878865974464e+00
1.104977605995696521e+01
1.756496335788404650e+01
2.049579632925449602e+01
1.492134675777392872e+01
5.691192402354461777e+00
-4.571785134879417178e+00
-1.028835797574441457e+01
-6.784858554774531925e+00
4.274943638554153047e+00
1.646031810852501565e+01
2.343270523895750301e+01
2.351711640212732490e+01
1.584524317667674609e+01
2.397537202097499431e-01
-1.211218457274246774e+01
-1.522172659149235052e+01
-9.544311155991263007e+00
2.018773313124242463e+00
1.375529723514342884e+01
1.658538108791854881e+01
9.461542615468887973e+00
-1.994898703940497953e+00
-1.692252260693866006e+01
-2.490469508140008514e+01
-2.193234462385439443e+01
-1.038144113428379889e+01
4.525368739125186224e+00
1.260090362364145555e+01
8.240565984309828451e+00
-2.373372064457178077e+00
-1.737078380099766406e+01
-2.619205061042143257e+01
-2.225080420988801677e+01
-8.547219949439353925e+00
7.426032023159820916e+00
1.826573651402667764e+01
1.711389115737700806e+01
4.728864114830773957e+00
-1.138657458232021469e+01
-2.374877170129807524e+01
-2.609236385727641050e+01
-2.150851421872013347e+01
-1.233285599282270439e+01
-1.565448373496987955e+00
6.649784950398463401e+00
1.180460166411150169e+01
1.436121665577312001e+01
1.704618004964991229e+01
1.652773564139139495e+01
7.743199635594988806e+00
-2.334009541929558118e+00
-1.456330002114953537e+01
-2.295584453409823311e+01
-2.253348399012350711e+01
-1.463394726546487945e+01
-1.727814554188844554e+00
9.506624929267211144e+00
1.491290868706822437e+01
1.371002589482790768e+01
8.237900790672432194e+00
2.048460671313674375e+00
-3.451360055532491700e+00
-6.545078914052418817e+00
-7.734503129222822793e+00
-6.446214774625895316e+00
-2.883974237754392878e+00
2.666565552217452506e+00
8.212817852038025279e+00
1.592057962188117060e+01
1.877145476706116156e+01
1.736185005559098826e+01
1.145782504426247428e+01
3.511896555187859370e+00
-3.560333442631723688e+00
-6.750981698138612153e+00
-4.248283304431677898e+00
2.230293550042272699e-01
7.349290578734580137e+00
1.231798984432058930e+01
1.621335057516041545e+01
1.860486300630928369e+01
1.896521474313707856e+01
1.598743673035588486e+01
1.038686987643465720e+01
2.895691015407495961e+00
-5.209373389863988457e+00
-9.064339002490370945e+00
-7.369846858926610622e+00
-1.241481870344138372e+00
9.200830569849101082e+00
1.803441554217738485e+01
2.061147474513354538e+01
1.592217408331747208e+01
6.890746092516776500e+00
-6.912387013323714413e+00
-1.583752674802735072e+01
-1.927345125201114229e+01
-1.520287749291286872e+01
-5.389195535092932587e+00
6.474631750639218808e+00
1.499882315450111392e+01
1.709227765362851414e+01
1.091287523912170343e+01
-5.075497613018242760e-01
-1.064069989211678902e+01
-2.103947966160799155e+01
-2.610770534369915197e+01
-2.524106276286524775e+01
-2.026924404732373475e+01
-1.185090489848111162e+01
-1.838928631501136834e+00
7.597787692251420921e+00
1.310324288571577078e+01
1.262452022033096988e+01
6.326513834788178414e+00
-5.600162394246328113e+00
-1.841805409324149778e+01
-2.867909587428261631e+01
-3.001788309111855568e+01
-2.185396655231201635e+01
-8.062503606352137808e+00
5.382168329083008018e+00
1.387083768511647364e+01
1.142177259669418632e+01
-3.995371607377684597e-02
-1.266634613670349552e+01
-2.210128521342473462e+01
-2.570007875699902655e+01
-2.349279653453651306e+01
-1.579991150230914343e+01
-7.024202416712524766e+00
1.053659326853851219e+00
1.179046165608960450e+01
1.964114780920091974e+01
2.259230323776636951e+01
1.963267471555111499e+01
1.180568733738968490e+01
-1.011779450911191702e+00
-1.218595739508798559e+01
-1.782171511943207065e+01
-1.395606345103871249e+01
-3.107666983982831255e+00
8.971168064056685765e+00
1.740689765621371521e+01
1.723220711755075030e+01
1.357578343809063171e+01
3.999133856121158459e+00
-6.921780230108502963e-01
-9.537534804900740237e-01
3.206534050300236860e+00
8.344498796931974383e+00
1.272785947264255668e+01
1.287785724065805759e+01
8.938937624869375043e+00
2.561058577037841566e+00
-2.011965905388727993e+00
-3.493952956532599963e+00
-3.076743247170370843e+00
4.805978901288826322e+00
1.340727991488570403e+01
2.140139405309415466e+01
2.365119272939669770e+01
1.712562642037824645e+01
6.045547972728993358e+00
-6.326191034797280288e+00
-1.325912110411331213e+01
-1.275712059233575424e+01
5.395998425112225050e-01
1.311527071686732171e+01
1.894899648001156578e+01
1.309700915145564259e+01
-8.552602374957398723e-01
-1.809720425449572545e+01
-2.701638670311928792e+01
-2.368870755172848419e+01
-9.039512565648236020e+00
4.853112528125180347e+00
1.192502895909030336e+01
6.119317896880215102e+00
-6.451218394038031434e+00
-1.787662350466805350e+01
-2.139065925975155835e+01
-1.491824542187350744e+01
-2.123207911289675565e+00
6.387600956141319841e+00
5.409431595641230217e+00
-2.837619220973294887e+00
-1.626196941427884823e+01
-2.420810041721089689e+01
-1.922499286719124001e+01
-6.809649586418036193e+00
8.849465238888685192e+00
1.744871147591397076e+01
1.372225033384366455e+01
2.867545161360428807e+00
-1.338645435843240783e+01
-2.352779596413871133e+01
-2.284321049519087765e+01
-1.040237507754786428e+01
4.219265337739921407e+00
1.619888834588106619e+01
1.520958018447877436e+01
5.320926193092374135e+00
-1.016712409715623977e+01
-2.148601532580037698e+01
-2.439748395257733193e+01
-1.666546338230283908e+01
-3.936730404026166141e+00
8.511526562506881888e+00
1.478923312462970685e+01
1.208727494988404416e+01
5.618957936031172551e+00
-3.798201654901879110e+00
-7.965930490429418143e+00
-3.760840378426857811e+00
3.291448719014519408e+00
1.003001427872876405e+01
1.336791301020756606e+01
1.166504731059107414e+01
6.544837057387266732e+00
9.948186899992474963e-01
-3.188997913119898442e+00
-3.321205543848097186e+00
9.720690613119429280e-01
5.206672992028840596e+00
1.269540070608638871e+01
1.810021657160370978e+01
2.105940127581556709e+01
1.937020664884726173e+01
1.294277142901294297e+01
4.510563738932849454e+00
-3.726716844825423092e+00
-5.557193602657068965e+00
-1.142418820403952040e+00
9.620737450250791412e+00
1.727484901481898305e+01
2.058016281369645384e+01
1.601096840197175197e+01
3.880878176028575766e+00
-8.512459323026565272e+00
-1.848093054042716687e+01
