-3.732041857935779916e+01
-3.732041857935779916e+01
-3.732041857935779916e+01
-3.732041857935779916e+01
-3.732041857935779916e+01
-3.732041857935779916e+01
-3.732041857935779916e+01
-3.732041857935779916e+01
-3.732041857935779916e+01
-3.732041857935779916e+01
-3.732041857935779916e+01
-3.663799073659610883e+01
-3.847101350056227176e+01
-4.153315087504733327e+01
-4.347699799647447350e+01
-4.299242437396613070e+01
-4.035998780042363876e+01
-3.798834575245496126e+01
-3.751163178714734414e+01
-3.939330539986729462e+01
-4.260384176955858493e+01
-4.534123779031131818e+01
-4.610608523910175904e+01
-4.446181376612181424e+01
-4.143609892739556244e+01
-3.856935996538251743e+01
-3.727953890928401393e+01
-3.820316298307163549e+01
-4.084777694825275773e+01
-4.363908235288148063e+01
-4.540314359777018893e+01
-4.509901001929542019e+01
-4.215620716288049863e+01
-3.867281988610386634e+01
-3.648494236459887219e+01
-3.699879615246782549e+01
-4.065329552902127830e+01
-4.608075364499974569e+01
-5.064361595143707007e+01
-5.154073243674105953e+01
-4.847990268986568907e+01
-4.352197269080300401e+01
-3.901944938006379004e+01
-3.723686702600193144e+01
-3.881884807149085503e+01
-4.208905374398221255e+01
-4.445289779967218635e+01
-4.442578596094165988e+01
-4.269085535208699866e+01
-4.059862708852750046e+01
-3.982692427842595606e+01
-4.023970657509283200e+01
-4.114546160102256067e+01
-4.125238054548112387e+01
-4.051465365339357305e+01
-4.045020070982226912e+01
-4.286791359632334775e+01
-4.719959147779027830e+01
-5.094373764256966552e+01
-5.160976555041141012e+01
-4.758771039808624437e+01
-4.045582974183112412e+01
-3.454828588758121555e+01
-3.363524419368923901e+01
-3.888225136510248348e+01
-4.691351848755385134e+01
-5.213678458728411869e+01
-5.126577558175989680e+01
-4.550521820983694710e+01
-3.967102915895839033e+01
-3.839161321765526935e+01
-4.278705306476521741e+01
-4.729555740617707471e+01
-4.330862070034442013e+01
-2.484805488723246114e+01
3.434724918645677860e+00
3.215943568899800198e+01
4.775209358379238722e+01
4.265115558484811942e+01
1.965617219395285176e+01
-6.247588802373993389e+00
-1.901274362908849014e+01
-7.543298376475336298e+00
2.385941136648656880e+01
6.376143766107689004e+01
9.210394856272839093e+01
9.723329106565772406e+01
7.913731983720208518e+01
4.820480920565955785e+01
2.041279312610200236e+01
8.127641737096242380e+00
1.585283635062473451e+01
3.608722861336872256e+01
5.841972733584167088e+01
7.223603221493334559e+01
7.233244174521152559e+01
6.165000292382036662e+01
4.708238844074035967e+01
3.705261301297798582e+01
3.683619342895717352e+01
4.532766590724067157e+01
5.943809043775304701e+01
7.094573201663114048e+01
7.449871581939181908e+01
6.901780970534399273e+01
5.778940381001264370e+01
4.770487999181091965e+01
4.430106515497703867e+01
4.933163833807697785e+01
6.080325379397985586e+01
7.103246476860620362e+01
7.429326102437973134e+01
6.889652719457986052e+01
5.814149482521018797e+01
4.796662116552569444e+01
4.415673636868517349e+01
4.845236665798939413e+01
5.807471344294243920e+01
6.749747413975875077e+01
7.222436538351766444e+01
7.149880022367835863e+01
6.673645940454858305e+01
6.082474885553951083e+01
5.626130809942809208e+01
5.312000287959379108e+01
5.053241882893467363e+01
4.806814120814252078e+01
4.673763730913831438e+01
4.861975316412428327e+01
5.381720632241740532e+01
6.149880081945349275e+01
6.836892418737427590e+01
7.159723616445295136e+01
7.002696995796401325e+01
6.446930519369414014e+01
5.777421567609546571e+01
5.272427692111796915e+01
5.055015841296012979e+01
5.130260520761827792e+01
5.478292953189741610e+01
6.063888413346039385e+01
6.842176498231854964e+01
7.634514646102721258e+01
8.181619983442226385e+01
8.221161241268059428e+01
7.611367327646408398e+01
6.568752042974506367e+01
5.588748765090470272e+01
5.197766589954953531e+01
5.569179215239532965e+01
6.366832659911033687e+01
6.949543270072970813e+01
6.697359089192916315e+01
5.396989283180634800e+01
3.501714074076516425e+01
1.959413269744691632e+01
1.549832195253567058e+01
2.515553763473915794e+01
4.393980074554712445e+01
6.173023217356464443e+01
6.889977307757308722e+01
5.984867109203690205e+01
3.492993194496932574e+01
4.986206753220393750e+00
-2.447863396879029096e+01
-4.383891610010698514e+01
-4.893953830194318044e+01
-4.102173958369737505e+01
-2.547300950989254176e+01
-7.529583901923141198e+00
5.106035050652898200e+00
8.273102132167252876e+00
2.560817363784178013e-01
-1.659650620165220403e+01
-3.409028869326083822e+01
-4.671779704404985978e+01
-4.920770159938922461e+01
-4.200744095187923222e+01
-2.921537445558161750e+01
-1.809385723898818199e+01
-1.365588168198154406e+01
-1.731710651649865440e+01
-2.525601482034509715e+01
-3.506234717641545018e+01
-4.229299969025673533e+01
-4.568171842724541420e+01
-4.693534564725994329e+01
-4.710114109308224073e+01
-4.612715309841108535e+01
-4.340429861960983260e+01
-3.895278944411108313e+01
-3.367249254925071256e+01
-2.995700619536129139e+01
-3.059351407390667532e+01
-3.586483583847028456e+01
-4.385534725329802797e+01
-5.060360347075994270e+01
-5.295165269529356777e+01
-5.027547657879054555e+01
-4.504591872188611035e+01
-4.087830070275290950e+01
-3.975544023631308477e+01
-4.171452133602157630e+01
-4.498834040523746580e+01
-4.690340683888504714e+01
-4.723066820751650852e+01
-4.684631833184966609e+01
-4.718398585215046381e+01
-4.886071193667262946e+01
-5.031984346549398168e+01
-5.018970722726700728e+01
-4.742066575856491539e+01
-4.366960802553380461e+01
-4.132465908825869150e+01
-4.248433048474641538e+01
-4.660187367987555973e+01
-5.102485323510758519e+01
-5.251804553262215336e+01
-5.006359057196211637e+01
-4.573354890337262901e+01
-4.366408439293870458e+01
-4.642308904500021782e+01
-5.298761062935351873e+01
-5.821512997807058554e+01
-5.680369177770405287e+01
-4.648928841476678997e+01
-3.066363348835710667e+01
-1.693969934953605616e+01
-1.244145417355468020e+01
-1.837883169384747362e+01
-2.842989345906184440e+01
-3.184109193589631914e+01
-2.132997575826965786e+01
6.693105513870161616e+00
4.090314394952466159e+01
6.660483287281954290e+01
7.203806440126588484e+01
5.465699280601516818e+01
2.185814467029586083e+01
-9.968507471623599514e+00
-2.504903082560771566e+01
-1.467200215235667393e+01
1.209633920945055685e+01
4.394782191415264805e+01
6.628420803329109390e+01
6.865398700587314806e+01
5.291682061509371238e+01
3.048771820581923819e+01
1.397997562823785955e+01
1.178643738900285953e+01
2.350040864103418414e+01
4.397733862065361166e+01
6.059662450767659436e+01
6.567926234222390747e+01
5.871309058826510352e+01
4.498751105321485966e+01
3.258683572858075905e+01
2.939337512378276784e+01
3.575007532247791175e+01
4.789377142401692566e+01
5.815062959840723522e+01
5.997257206035192212e+01
5.357515337583541992e+01
4.359042220994152217e+01
3.670372114323762247e+01
3.727301298084557146e+01
4.657269442954952154e+01
5.732638998860341673e+01
6.286566589102876179e+01
5.892405610602538246e+01
4.723586740060737554e+01
3.468998949290954670e+01
2.884650271980335745e+01
3.344672344328171221e+01
4.623333713917907062e+01
5.899357949971901860e+01
6.434842725714914025e+01
5.929379833514128251e+01
4.737661595159815420e+01
3.630386422805113966e+01
3.279384865466390409e+01
3.869446727698775135e+01
4.991792788265542669e+01
5.915412542916796212e+01
6.125389310776400009e+01
5.637158494684318555e+01
4.860839488650852047e+01
4.383453795872144099e+01
4.427128656826948117e+01
4.720713044990738894e+01
4.771961764846646048e+01
4.256634637779106356e+01
3.192963782573995246e+01
2.166105334574402619e+01
1.673303425783313614e+01
1.957860709809538946e+01
2.552737950927334865e+01
2.642984270377144185e+01
1.627458476837055912e+01
-4.519375864883592442e+00
-3.118715411626087075e+01
-5.130368785478001570e+01
-5.728259249436709410e+01
-4.724548789994368292e+01
-2.724838726998952865e+01
-7.346922733616946033e+00
3.545040569683253651e+00
8.373103142454971781e-01
-1.256770787422513358e+01
-2.884395523461323307e+01
-4.387796305034670752e+01
-5.089737895560023162e+01
-5.041866792018279142e+01
-4.505567231595196631e+01
-3.751575477394766978e+01
-3.150017094127886352e+01
-2.942023217529014190e+01
