2.566014768335154184e-01
1.599127438791153377e+00
4.058226291737516700e-01
-3.106751349313320087e+00
-6.740084823254040458e+00
-9.218000203600286824e+00
-1.119384389286171633e+01
-1.149817484108181986e+01
-9.617252021809019169e+00
-7.280306447721796914e+00
-5.842021330847012806e+00
-4.536983389545819811e+00
-3.301021211830962088e+00
-2.077296588575106906e+00
-7.398142333732833364e-01
3.947970922680479888e-01
8.725507128020528747e-01
-8.847961224563286042e-02
-1.751839766363410877e+00
-3.290811725022873002e+00
-4.312123702252800506e+00
-4.719245741164670882e+00
-4.380815947900599916e+00
-3.331222461289808479e+00
-3.615056315706796752e+00
-4.053584909071665798e+00
-4.129546109560392253e+00
-3.885566239219163442e+00
-3.465810965020425627e+00
-2.649207088048961989e+00
-2.317976041099347739e+00
-3.017503899880174423e+00
-4.107321939281139755e+00
-5.302018038747833728e+00
-5.756353723527844579e+00
-5.054047080735043274e+00
-3.637231206657121518e+00
-2.281218507334220380e+00
-1.805751702881926102e+00
-2.211042341731224603e+00
-2.979135517727613092e+00
-2.836006095399552951e+00
-2.856773268147650757e+00
-1.870932753645790037e+00
-6.776007830975301349e-01
3.519931826299413369e-01
7.073938696153264649e-01
9.445505394215506501e-01
8.457697863507229741e-01
8.860137600477264730e-01
1.596629067769661514e+00
2.705477945472927193e+00
3.525796293523216551e+00
4.607956697724325146e+00
5.635150120629290882e+00
6.609655509795607564e+00
7.311212437555703048e+00
7.611883300871756575e+00
7.262747331059880018e+00
6.330212948901436043e+00
5.402678163888581686e+00
4.568909991007712001e+00
4.236687616408651103e+00
4.490801679789139023e+00
5.413224757804409926e+00
5.985555978929457233e+00
6.303919195640430573e+00
6.477849594105020259e+00
7.101529778131077109e+00
7.865672989571155682e+00
8.733897465606961674e+00
9.567008943282113265e+00
1.010649354286817214e+01
1.055767419230221549e+01
1.099500898721565889e+01
1.160969706796526246e+01
1.238803315178272868e+01
1.331966367985058497e+01
1.397631547397749685e+01
1.411935783958044155e+01
1.353934392997228464e+01
1.274792214571017723e+01
1.183577731582305503e+01
1.068772193467337317e+01
8.835270568125352497e+00
6.417610803241318607e+00
3.784170755616854009e+00
1.182906828404394872e+00
-1.117638363632490028e+00
-2.343306632728165528e+00
-2.904634506050169929e+00
-3.351101596864244136e+00
-3.510617987550172625e+00
-3.651852476734788411e+00
-4.625488751504693852e+00
-5.616469601893680164e+00
-5.747080345484431696e+00
-6.189205201741581064e+00
-6.638182353227183974e+00
-6.349434688656075743e+00
-6.189801485032740302e+00
-6.811790804772511976e+00
-6.981738355093509263e+00
-7.510939922869143359e+00
-7.839642438667313584e+00
-8.257124595857156635e+00
-7.678365798294776390e+00
-7.386235959807745388e+00
-6.554818850152252629e+00
-5.735796934195401597e+00
-5.009734324968899699e+00
-5.123708529210747820e+00
-6.346502748805230354e+00
-7.501036145890624951e+00
-8.843708714853040220e+00
-9.617371982232368666e+00
-9.712999170344490452e+00
-8.813570410422636670e+00
-8.120876665777425174e+00
-7.276524088641223464e+00
-7.403381929006547679e+00
-7.561389295104687491e+00
-8.499754182779257761e+00
-8.356294637892434096e+00
-8.350409198659820120e+00
-7.243171081542600476e+00
-5.987831266679227049e+00
-4.363461055286276924e+00
-2.550372969206896823e+00
-3.547834360845748547e-01
2.436436905833581967e+00
4.868708649065537131e+00
7.198133726741095195e+00
9.179197460862228652e+00
1.038561789794261614e+01
1.121219634245991692e+01
1.156917515550983566e+01
1.191034741961067489e+01
1.229404840829141143e+01
1.253905074690575283e+01
1.243185579617531111e+01
1.223835011442598031e+01
1.233516080799952697e+01
1.261700204282354854e+01
1.293152967442937040e+01
1.308884350893438153e+01
1.300998461190343569e+01
1.244441095823464138e+01
1.132821759617750956e+01
9.941691349480267448e+00
8.755174039095329874e+00
7.832500059920063151e+00
7.712254450757431101e+00
7.952123174200357525e+00
7.738997216222267106e+00
7.364351016182299148e+00
6.956066743977963540e+00
6.591027252385931234e+00
6.104534003553678367e+00
5.900529351713106330e+00
5.654772757918045123e+00
5.804054922734954047e+00
5.743098225998153339e+00
5.325149890030927757e+00
4.479883172837594962e+00
3.579949177684882855e+00
2.283148934866148672e+00
1.068878801056480476e+00
-6.083891798092058156e-01
-2.136994239082719460e+00
-3.905723858306324736e+00
-5.157217697904175502e+00
-6.526842605457280122e+00
-7.262817924699626282e+00
-7.888821235827742306e+00
-8.149569948646607997e+00
-8.299232265578895706e+00
-8.717544833464941689e+00
-9.230666125116671950e+00
-9.396792394797754966e+00
-9.632858482414842882e+00
-9.550125714218376416e+00
-9.397132480031272550e+00
-9.152673644552681509e+00
-9.516492208527866481e+00
-9.682336704711488551e+00
-9.390753400165735343e+00
-9.171033990279706671e+00
-8.132000650279747944e+00
-6.830306951451347253e+00
-5.625216911705611444e+00
-5.146050705311889573e+00
-5.575311506695006081e+00
-6.207670950216862771e+00
-6.836343598606901217e+00
-7.368920694207211852e+00
-7.440787995125937471e+00
-7.081793026666391100e+00
-7.054465316903036687e+00
-7.374733046656817947e+00
-7.604509296100853355e+00
-7.930075134826023664e+00
-8.527349754188767506e+00
-7.696490501927992334e+00
-6.890563916751291984e+00
-6.254707119228026357e+00
-5.243131714874515126e+00
-4.047672316820593252e+00
-2.397058982696741225e+00
-6.133247641181858167e-01
2.037986017254012960e+00
4.258954518620517327e+00
6.202343914813693182e+00
7.207889131361421065e+00
7.697012092356785296e+00
7.774924548504174027e+00
7.897298777483026555e+00
8.554476131099754355e+00
9.550753427356209357e+00
1.053539846628312837e+01
1.101224226140105245e+01
1.115076558375482918e+01
1.110536055146753753e+01
1.116422014758406966e+01
1.128181114137916552e+01
1.135912918114540915e+01
1.179095427145155028e+01
1.197670126238429233e+01
1.199347463069019781e+01
1.186015941873272439e+01
1.193776450642780418e+01
1.216638690673662104e+01
1.203455067653955446e+01
1.144447671612967454e+01
9.640179566697167246e+00
7.251824201183340257e+00
4.114285402647340106e+00
1.228088354374846869e+00
-9.869286067482985203e-01
-2.966024197993108125e+00
-4.713816261946011110e+00
-5.370471778084672465e+00
-5.817890675878097717e+00
-6.876419607256494260e+00
-7.395854908410724349e+00
-7.716447199030612047e+00
-7.661972006425830983e+00
-7.939846175776370529e+00
-7.680861821537769529e+00
-7.490617994893897347e+00
-7.318956740530064842e+00
-7.747210908187236456e+00
-8.250725088746239777e+00
-8.748068946811551783e+00
-9.875408009581736479e+00
-1.049832675463780163e+01
-9.958150748785403295e+00
-9.599616863914954834e+00
-8.930942457018360869e+00
-7.735759393519891169e+00
-6.989278293244405305e+00
-7.086629670106972867e+00
-7.303497757030663173e+00
-7.844357942173004083e+00
-8.441853832482374642e+00
-8.540306991304092321e+00
-7.791642440817684978e+00
-7.581935459610003036e+00
-7.198039216294650267e+00
-6.795816134292059552e+00
-6.713877865625219599e+00
-7.109649413049861089e+00
-7.311423777964027870e+00
-7.041405652029457229e+00
-5.809590461276874507e+00
-3.490468192232129674e+00
-5.300355290004379327e-01
1.931307089988511194e+00
4.374830574807629269e+00
6.479492680968045093e+00
7.827903688713060859e+00
8.439251588268941617e+00
9.058265629772977334e+00
1.001554892903425831e+01
1.074393674608530524e+01
1.098529576108277084e+01
1.089116444826227337e+01
1.019085221982591705e+01
9.346206356966719753e+00
8.512387924103506975e+00
7.982717750312295912e+00
7.434697980529183070e+00
6.634287286468824263e+00
6.096305759341392516e+00
5.539807696974331286e+00
4.842190858002259901e+00
4.402809398812009611e+00
4.458853396127274493e+00
4.850360310269709707e+00
4.750005274940695799e+00
4.603086670236324451e+00
3.991111578714194863e+00
3.584326695420466447e+00
3.031335981078413511e+00
2.579128806354750392e+00
1.502400889064619660e+00
4.138396159863076962e-01
-1.438214893888214663e+00
-3.123493036243039533e+00
-4.961355499967492477e+00
-6.107932667430836737e+00
-6.085416076259615004e+00
-7.366913060175359185e+00
-7.366913060175359185e+00
-7.366913060175359185e+00
-7.366913060175359185e+00
-7.366913060175359185e+00
