-1.128368825791680052e+01
-1.270871570133032868e+01
-1.390983909156940967e+01
-1.406689616453168945e+01
-1.349710664405325389e+01
-1.262283060802187151e+01
-1.186152714047575607e+01
-1.165916611598668062e+01
-1.209435878205172266e+01
-1.271532780667982010e+01
-1.303218949471821730e+01
-1.313648841453714589e+01
-1.315017122120258009e+01
-1.323189261322080412e+01
-1.356104892185625133e+01
-1.412929685026725402e+01
-1.467811523239535987e+01
-1.486659696664181141e+01
-1.467168801927238952e+01
-1.436929945642083872e+01
-1.417038398512281816e+01
-1.411950462199561862e+01
-1.422875769277888480e+01
-1.448895270411085257e+01
-1.468588612226195345e+01
-1.462325282587143249e+01
-1.453902927114737764e+01
-1.453997040773885274e+01
-1.471902743020571513e+01
-1.497917289962633092e+01
-1.519443531046287887e+01
-1.530706996755010429e+01
-1.522579323734882273e+01
-1.503574886406786248e+01
-1.490218462154482104e+01
-1.503453580312365112e+01
-1.528842064956190328e+01
-1.550495094758616332e+01
-1.565784722104527660e+01
-1.573546170036887837e+01
-1.574189119077374777e+01
-1.575114872253505283e+01
-1.587329499667004562e+01
-1.609125814491220297e+01
-1.630245795088702820e+01
-1.632617683991219337e+01
-1.633804885825066222e+01
-1.639181474948225414e+01
-1.644246381153146430e+01
-1.643496141751100126e+01
-1.651004643572212416e+01
-1.662564292619032713e+01
-1.660699016743021517e+01
-1.654430818051821817e+01
-1.660499918623030879e+01
-1.684594646452654487e+01
-1.704963075479382795e+01
-1.725761051050298533e+01
-1.739820514661646911e+01
-1.739604733474164533e+01
-1.702113938718502339e+01
-1.654915086187228823e+01
-1.619692707336235671e+01
-1.615843854760771237e+01
-1.631563660220239953e+01
-1.663385142815839046e+01
-1.697440859194267304e+01
-1.684274161101770417e+01
-1.559026792255007976e+01
-1.348620065775114796e+01
-1.036536635015828445e+01
-5.917780868453791143e+00
-6.761973595137162896e-01
4.456480701318541904e+00
8.857358267874188229e+00
1.277680347372053760e+01
1.545174330946614560e+01
1.690113928078709193e+01
1.736417090747869452e+01
1.840953796402234488e+01
1.970080679909101917e+01
2.120397778544191780e+01
2.338351354977529439e+01
2.555458214270670325e+01
2.693298493953708217e+01
2.769830105329874215e+01
2.806385829640899843e+01
2.791205612020495508e+01
2.758090566771849339e+01
2.751900021059694623e+01
2.743908415595446826e+01
2.781859358890311995e+01
2.773945656699665463e+01
2.752347984848112006e+01
2.744173524596392610e+01
2.774993975923503697e+01
2.774211406910777811e+01
2.854861112407371238e+01
2.954712932273250203e+01
2.995110986096694106e+01
2.986878281689490322e+01
2.982617454897570042e+01
2.949742253980632256e+01
2.925930372325221285e+01
2.958682400916358546e+01
3.024853058531276417e+01
3.091247590013827207e+01
3.113511402068760603e+01
3.096972914011621825e+01
2.999248409644447477e+01
2.881928185530863473e+01
2.784299135948601744e+01
2.779306317101367085e+01
2.852370567360958020e+01
2.970799339640596060e+01
3.141295141028743743e+01
3.242327032713151169e+01
3.277333392146535829e+01
3.218666209642170628e+01
3.143432205477287766e+01
3.042072281556425040e+01
2.983695636272446805e+01
2.966160333967233953e+01
2.996289853572964645e+01
3.004823531770717082e+01
3.023130093926087980e+01
2.986815650905122865e+01
2.936557603141610784e+01
2.876419835582922602e+01
2.895743178660359973e+01
2.909263407019200187e+01
2.944942857614622511e+01
2.953442384211927418e+01
2.939754436827249151e+01
2.920065397290903064e+01
2.877324928394235215e+01
2.829228591632747580e+01
2.836428061811510659e+01
2.871540321511915295e+01
2.865891765243982903e+01
2.852270038740698155e+01
2.820986398221817737e+01
2.720115009510597659e+01
2.640303933186103080e+01
2.635482881836592739e+01
2.662937209626068480e+01
2.697484461693999336e+01
2.710793992151588228e+01
2.599189094435129022e+01
2.260335642123772715e+01
1.715689405071627149e+01
1.020693146386019556e+01
3.374291090175887575e+00
-2.591547659651350255e+00
-6.844187966200586892e+00
-9.482740367068577925e+00
-1.085684622197084259e+01
-1.186521683928970816e+01
-1.296641140720381280e+01
-1.422952618658882251e+01
-1.543872643465065586e+01
-1.645421415609593652e+01
-1.711028830450572613e+01
-1.741002297307975510e+01
-1.754470181380042959e+01
-1.800787794885376414e+01
-1.870998589818252000e+01
-1.922656667327165891e+01
-1.958548189156617170e+01
-1.982139524998357771e+01
-1.991216440265169751e+01
-1.995134015493763258e+01
-2.041760933388720645e+01
-2.098491050549542436e+01
-2.150836068593066486e+01
-2.175776080493877629e+01
-2.190338200162303650e+01
-2.195166857097187929e+01
-2.208339130373262194e+01
-2.230629116009339796e+01
-2.266196444726435999e+01
-2.302229202066668989e+01
-2.320001774282829743e+01
-2.317604270995786209e+01
-2.312472624998205717e+01
-2.321354963388057513e+01
-2.344640181026083425e+01
-2.372555047611012569e+01
-2.398831380554481640e+01
-2.414815642394169615e+01
-2.417196384627584038e+01
-2.416567478586323503e+01
-2.430078684248556087e+01
-2.457501370315565126e+01
-2.489705698880137064e+01
-2.508575643525033882e+01
-2.514963253683874811e+01
-2.508956816637037335e+01
-2.506669221061439856e+01
-2.518317873463893619e+01
-2.548338292711738973e+01
-2.577835726255812787e+01
-2.585186558582426031e+01
-2.577365855926223048e+01
-2.575233228494924020e+01
-2.590636971244389386e+01
-2.610103866057374233e+01
-2.627745960370976164e+01
-2.641531754386175379e+01
-2.647485164363985177e+01
-2.621894068499713271e+01
-2.582973840810417343e+01
-2.546588675555633330e+01
-2.453817880137304996e+01
-2.247685806185151236e+01
-1.899011378490519775e+01
-1.445171379253111255e+01
-8.920872697109912153e+00
-3.554080909786365705e+00
7.001973420815087445e-01
3.700401860266553378e+00
5.600849912372191319e+00
7.265683357539474585e+00
8.778963383521665165e+00
1.114414870951478598e+01
1.343468501131913939e+01
1.507490042368522865e+01
1.591972372967626903e+01
1.583599881581126034e+01
1.536170119766846831e+01
1.480424804880643741e+01
1.458276664097592779e+01
1.488917172783376408e+01
1.575726821636331820e+01
1.650411274200718736e+01
1.671260496246159022e+01
1.724444627988226131e+01
1.757383525631080445e+01
1.764150406681780581e+01
1.740033195845695602e+01
1.751591431447581471e+01
1.707189311570295587e+01
1.677591388661563698e+01
1.654845023602002030e+01
1.673369764323993891e+01
1.706793436516650075e+01
1.746037019023947323e+01
1.766993399160869060e+01
1.777355813879735891e+01
1.744485718784547501e+01
1.710457331590407293e+01
1.709844905343637933e+01
1.751999047521444908e+01
1.799956307257974686e+01
1.846751875465767156e+01
1.933950385242815528e+01
1.947789531989100453e+01
1.987084191806899724e+01
1.979481954812821343e+01
1.907430017156523405e+01
1.791724920315932224e+01
1.708484533485675527e+01
1.612500131218084576e+01
1.573265498714762956e+01
1.637201852715953265e+01
1.772855919849120454e+01
1.824832996582186340e+01
1.833143951778527025e+01
1.755274786602390691e+01
1.666503156171488342e+01
1.562394404884473786e+01
1.525537061734591227e+01
1.570057574218921559e+01
1.678497960676738998e+01
1.719551321329904781e+01
1.699214466980084737e+01
1.629125175210493737e+01
1.534392676135997569e+01
1.413356694103370792e+01
1.402682195978741397e+01
1.468865951446065310e+01
1.515962964236782540e+01
1.564169419590242072e+01
1.605394024120682062e+01
1.602145786792202742e+01
1.515611987033163466e+01
1.446509389052716976e+01
1.312394379392835120e+01
1.104678683699937913e+01
7.595570579108201770e+00
3.103251498112600260e+00
-2.466358914789235968e+00
-8.196545316221850896e+00
-1.328856048539847734e+01
-1.717733221082021089e+01
-1.978316682028087214e+01
-2.160753351844668657e+01
-2.276729083900126938e+01
-2.380546828508294155e+01
-2.492914753993520804e+01
-2.612269430051427577e+01
-2.715281625851457292e+01
-2.765720503716826073e+01
-2.802265176629419940e+01
-2.815898005611311916e+01
-2.842987112757738188e+01
-2.868231885646036972e+01
-2.925639912612982130e+01
-2.975553044085927112e+01
-3.004981870769961816e+01
-2.992717266478360472e+01
-2.435875905852500978e+01
-2.435875905852500978e+01
-2.435875905852500978e+01
-2.435875905852500978e+01
-2.435875905852500978e+01
-2.435875905852500978e+01
