-6.935841796132442560e+00
-6.935841796132442560e+00
-6.935841796132442560e+00
-6.935841796132442560e+00
-6.935841796132442560e+00
-6.935841796132442560e+00
-6.935841796132442560e+00
-6.935841796132442560e+00
-6.935841796132442560e+00
-6.935841796132442560e+00
-6.935841796132442560e+00
-7.653067942850896088e+00
-9.586199735431778279e+00
-7.174382062168543683e+00
-6.696356004013679808e+00
-7.442795061646619637e+00
-5.026084398895401151e+00
-7.639724545315690563e+00
-6.048380751375236564e+00
-6.244848439915244853e+00
-7.084905889535922263e+00
-7.430255926489532925e+00
-7.458502759624217937e+00
-6.912965748526504584e+00
-7.439677745644604379e+00
-8.012647770987868512e+00
-8.654947303063408981e+00
-7.414389061336502884e+00
-7.520312913028991630e+00
-5.859430780896351720e+00
-6.665421693466705655e+00
-6.363676866577711699e+00
-8.512008573780482479e+00
-1.029161090732129935e+01
-9.063314931053467305e+00
-9.610089861451550419e+00
-1.014403437224358484e+01
-7.007665329170565727e+00
-6.665442028018579990e+00
-7.301923478252859923e+00
-7.005911933431780980e+00
-8.200875512648376997e+00
-6.484350047710677245e+00
-6.258846462827226453e+00
-5.129792413171892385e+00
-1.068360901601274282e+00
-1.791969090368844553e-01
2.203352132144117626e+00
3.629268555970538213e+00
3.820002468948640484e+00
6.801631778993471045e+00
6.943847149606216185e+00
9.684726422272387225e+00
1.051576341998176289e+01
9.326499055432824647e+00
9.356518119412978507e+00
8.888308458098146403e+00
7.459352572002504900e+00
8.253203426583990421e+00
9.297512052695324769e+00
1.058736228855002715e+01
9.357215483464090156e+00
9.578234839252425914e+00
9.055333766909319237e+00
9.728138489713725079e+00
8.997093241400776265e+00
9.191401066669650177e+00
8.265838236564004404e+00
8.794108006540096056e+00
9.009786768960571735e+00
8.667868858213378047e+00
7.973070196237021179e+00
7.421195000632889283e+00
9.348591454884310536e+00
9.869041598897611678e+00
9.388129122386294156e+00
8.593820823744668047e+00
7.819383481094071442e+00
8.450009367717045805e+00
8.318640403582136855e+00
9.167939150790905600e+00
1.010427797792533156e+01
1.017693848573320992e+01
8.194508403115600359e+00
4.260813626357233375e+00
2.781606561243552544e+00
2.454876440134525772e-01
-2.513285572310582250e+00
-5.680823977669352765e+00
-7.771790974677792008e+00
-8.991610013814174351e+00
-8.580147858575218223e+00
-7.506550021479283075e+00
-6.883533830293610656e+00
-7.438726779447644155e+00
-7.499188593630139010e+00
-8.681781416339923396e+00
-8.285536347272133284e+00
-7.638757200351254717e+00
-5.836525279999232652e+00
-3.867640962741852650e+00
-2.815327743513304171e+00
-2.147824173012317317e+00
-4.329946965555473426e+00
-6.358573736302528090e+00
-6.992411726217944157e+00
-8.905311407064402829e+00
-6.702647805002596826e+00
-7.627212334826986684e+00
-7.491184710603924657e+00
-6.169284542546727756e+00
-6.694666610884667080e+00
-9.333013811258540571e+00
-7.072428765246067783e+00
-4.389399308164946945e+00
-5.738927319200899824e+00
-4.392420653003288322e+00
-6.941945408448232158e+00
-7.967808068389482301e+00
-8.569053298540524111e+00
-7.900764970256708430e+00
-7.686284797682843006e+00
-5.644232590234062208e+00
-3.705993447217604597e+00
-3.465353567119687561e+00
-2.747658529364672475e+00
-1.721867105783553509e+00
-2.474696218701795569e+00
-2.040812825813489439e-01
2.480366455420520033e+00
5.213369732887906949e+00
7.516452721639694801e+00
9.333836177490619335e+00
9.796764883767659526e+00
8.467229796778200424e+00
7.347568397557590281e+00
7.362616133794017692e+00
6.566964274724874429e+00
6.842113961075321882e+00
7.807434425120621135e+00
9.345902258306947985e+00
8.994824433471821479e+00
9.364423407473266181e+00
8.349008087594395278e+00
8.276236594758305642e+00
8.373611690569820354e+00
8.840698939270298595e+00
9.098438853442440077e+00
8.889626735356360498e+00
8.488905459290162270e+00
9.271740256815657943e+00
9.735017218238887438e+00
1.114597105773692221e+01
1.138664313031646103e+01
9.707891496921639884e+00
9.413617028165655043e+00
8.835252371961646034e+00
9.698272234366132949e+00
9.768400584252120211e+00
1.078255164581637793e+01
9.812167424996609100e+00
1.033486272275563778e+01
9.336138074941414899e+00
7.707874433618840726e+00
4.334243277879723522e+00
1.135141961798736165e+00
-1.302243612440402654e+00
-5.241789117054548086e+00
-5.863613267948334595e+00
-6.911306688031508827e+00
-7.358358343072463725e+00
-7.370827823425021741e+00
-5.792968516168386373e+00
-6.277989619791873643e+00
-5.102268986670273954e+00
-6.362475718228757238e+00
-6.438807880767759784e+00
-6.350741561000028845e+00
-7.185051995887371312e+00
-7.512735727919519491e+00
-5.197524127595704257e+00
-4.264653419331747131e+00
-3.807052015440084425e+00
-4.107594815612484851e+00
-4.518701271947006326e+00
-4.439251034349571690e+00
-5.937130816415266743e+00
-6.057472318465927152e+00
-7.142164632660191970e+00
-5.672806098920391449e+00
-5.193665645274964326e+00
-4.968936726873941723e+00
-5.088503901978191912e+00
-7.228100590286241633e+00
-6.668521000406926191e+00
-6.497235717290110735e+00
-6.341104269453986753e+00
-5.433918219050156928e+00
-3.980863961704858234e+00
-3.313571823788362014e+00
-3.947993078554163038e+00
-5.509916078541852613e+00
-3.586709169483296211e+00
-3.480012855779454295e+00
-2.001569651552708606e+00
2.469398087608490666e+00
4.449928114801348755e+00
6.012180977210443089e+00
6.267352148708490667e+00
8.261447391402565898e+00
1.040346802996461584e+01
8.609196492526015376e+00
9.468227493059798050e+00
9.556392640902670266e+00
9.652315764481739890e+00
1.069428955034580930e+01
1.136118102661234808e+01
1.172257016113987049e+01
1.236236982401518247e+01
1.172623163017765791e+01
1.053782296443827171e+01
1.053321101510331737e+01
8.409786819005638847e+00
7.851513963095197113e+00
8.075353361130028773e+00
9.039188232337421525e+00
1.086492058192838428e+01
1.083826887512703863e+01
9.095695077641064330e+00
8.804888591744331805e+00
8.989894297449707139e+00
8.549673046842050539e+00
8.476023034348550311e+00
8.206991221403407977e+00
6.064451191242026695e+00
6.785116412789378160e-01
-3.629883845878090654e+00
-6.302970551912026487e+00
-4.488892265921238689e+00
-4.682834857791736027e+00
-1.437044915302518433e+00
2.580256190080641998e-01
-1.946198847951941424e+00
-2.852745650225305241e+00
-4.896567439870167071e+00
-5.638453346726336690e+00
-7.431240574552711031e+00
-8.685068330526057423e+00
-6.514779699413054459e+00
-5.585170558215203584e+00
-4.498024247544576859e+00
-5.523090885117174054e+00
-7.616203633267902617e+00
-7.128357822983970138e+00
-8.061148342687127766e+00
-7.065241950062096876e+00
-6.201610736988208750e+00
-6.991423288858159779e+00
-7.239974516371263213e+00
-5.995574844034764261e+00
-6.182002997184010695e+00
-7.774891453726906931e+00
-8.290725103036891142e+00
-7.406121428927438188e+00
-7.160465677382678251e+00
-8.182793221535588302e+00
-7.117805707827169037e+00
-4.046147186017422293e+00
-5.925554675241914815e+00
-5.547601515342466705e+00
-6.040767472903340263e+00
-7.348166167370356661e+00
-6.757761580878479890e+00
-6.975860524409711161e+00
-7.088017181243787768e+00
-9.505659068269139311e+00
-7.247618529606285165e+00
-3.028287556114312551e+00
-8.321901907332922566e-01
2.342182489595085126e+00
6.540880868415118954e+00
6.427759750330685584e+00
6.102231841615394003e+00
6.060188807456219351e+00
6.531939609744563668e+00
8.155978195019764954e+00
8.478414362649621339e+00
9.061403322530317439e+00
1.072891406043142126e+01
9.504180953883089700e+00
9.230727076653746366e+00
9.191966007891586798e+00
8.385823410362034380e+00
9.533460721290753170e+00
1.008432042144261764e+01
1.039986252777801745e+01
1.035782424522716916e+01
1.037453158344056270e+01
1.024671143805436380e+01
1.157151326346842524e+01
1.199160593056852342e+01
1.203002565846938765e+01
1.168589993686962103e+01
9.552710845012359897e+00
8.565248268495697204e+00
7.828476617900787637e+00
3.388078064692019886e+00
-2.084998831351581039e-02
-2.769756470821121308e+00
-5.603641095636598735e+00
-6.548201909116688313e+00
-7.350489043981470516e+00
-6.116333442112722452e+00
-7.754453543228928325e+00
-6.847448908953849056e+00
-5.779612396845800859e+00
-4.860061774222081965e+00
