6.631897517837829881e+00
-5.991788002984055339e+00
-1.590818575023220660e+01
-2.185480000687071112e+01
-2.305723875149700319e+01
-2.103226199078659420e+01
-1.747947572352272161e+01
-1.502697095433864405e+01
-1.190662779039010566e+01
-6.238766344300557876e+00
1.143852292208421773e+00
8.839324850976327141e+00
1.349827760707150759e+01
1.387353750175196865e+01
9.582892883180353039e+00
3.369902422647855111e+00
-1.806474297640013660e+00
-4.368765231106350733e+00
-3.914516990729408619e+00
-3.698714637120056992e+00
-2.598822510922793594e+00
-5.885061960022313077e-01
2.621052050938327493e+00
7.444685302920963643e+00
1.414516251817970982e+01
1.873785986553503236e+01
2.008127940071590345e+01
1.725926070272803869e+01
1.151929138268960173e+01
5.558236986287734993e+00
5.749057524782354989e-01
-2.525986235443657080e+00
-4.731918172151162061e+00
-5.916527626871865841e+00
-5.508976913514072038e+00
-1.415967473506631880e+00
5.819345837750871553e+00
1.555670289769185644e+01
2.253992897299747256e+01
2.310043028904726725e+01
1.592153917776749950e+01
3.215487486978508613e+00
-1.225014700434743631e+01
-2.217084055788973274e+01
-2.407130032625447669e+01
-1.987663566689609596e+01
-9.774553946032408902e+00
1.456653324642034342e+00
1.003260773241977688e+01
1.258933045119605687e+01
9.628379263360065110e+00
1.546501311348564833e+00
-1.146734010557661598e+01
-2.241777613833092175e+01
-2.670098502431801535e+01
-2.165711011249744189e+01
-7.843446245663699301e+00
8.856041019997842767e+00
2.032051477421761732e+01
2.146490463324210296e+01
1.156403443686655663e+01
-3.408159981011822381e+00
-1.403708476968499852e+01
-1.258871074885516350e+01
-3.070087622634172675e+00
7.641404862303788903e+00
1.835289734724175048e+01
2.906438983217972094e+01
3.977588231711768429e+01
5.048737480205564765e+01
6.119886728699360390e+01
7.191035977193156725e+01
8.262185225686953061e+01
9.333334474180749396e+01
1.040448372267454573e+02
1.147563297116834207e+02
1.254678221966213840e+02
1.361793146815593332e+02
1.468908071664972965e+02
1.576022996514352599e+02
1.683137921363732232e+02
1.790252846213111866e+02
1.897367771062491499e+02
2.004482695911871133e+02
2.111597620761250766e+02
2.218712545610630400e+02
2.325827470460010034e+02
2.432942395309389667e+02
2.540057320158769585e+02
2.647172245008148934e+02
2.754287169857528852e+02
2.861402094706908201e+02
2.968517019556288119e+02
3.075631944405667468e+02
3.182746869255047386e+02
3.289861794104426735e+02
3.396976718953806653e+02
3.504091643803186003e+02
3.611206568652565920e+02
3.718321493501945270e+02
3.825436418351325187e+02
3.932551343200704537e+02
4.039666268050084454e+02
4.146781192899463804e+02
4.253896117748843722e+02
4.361011042598223071e+02
4.468125967447602989e+02
4.575240892296982338e+02
4.682355817146362256e+02
4.789470741995741605e+02
4.896585666845121523e+02
5.003700591694501441e+02
-1.241991477005642830e+00
-1.241991477005642830e+00
-1.241991477005642830e+00
-1.241991477005642830e+00
-1.241991477005642830e+00
-1.241991477005642830e+00
-1.241991477005642830e+00
-1.241991477005642830e+00
-1.241991477005642830e+00
-1.241991477005642830e+00
-1.241991477005642830e+00
-1.241991477005642830e+00
-1.241991477005642830e+00
-1.241991477005642830e+00
-1.241991477005642830e+00
-1.241991477005642830e+00
-1.241991477005642830e+00
-1.241991477005642830e+00
-1.241991477005642830e+00
-1.241991477005642830e+00
-1.241991477005642830e+00
-1.241991477005642830e+00
-1.241991477005642830e+00
-1.241991477005642830e+00
-1.241991477005642830e+00
-1.241991477005642830e+00
-1.241991477005642830e+00
-1.241991477005642830e+00
-1.241991477005642830e+00
-1.241991477005642830e+00
-1.241991477005642830e+00
-1.241991477005642830e+00
-1.241991477005642830e+00
-1.241991477005642830e+00
-1.241991477005642830e+00
-1.241991477005642830e+00
-1.241991477005642830e+00
-1.241991477005642830e+00
-1.241991477005642830e+00
-1.241991477005642830e+00
-1.241991477005642830e+00
-1.241991477005642830e+00
-1.241991477005642830e+00
-1.241991477005642830e+00
-1.241991477005642830e+00
-1.241991477005642830e+00
-1.241991477005642830e+00
-1.241991477005642830e+00
-1.241991477005642830e+00
-1.241991477005642830e+00
-1.241991477005642830e+00
-1.241991477005642830e+00
-1.241991477005642830e+00
-1.241991477005642830e+00
-1.241991477005642830e+00
-1.241991477005642830e+00
-1.241991477005642830e+00
-1.241991477005642830e+00
-1.241991477005642830e+00
-1.241991477005642830e+00
-1.241991477005642830e+00
-1.241991477005642830e+00
-1.241991477005642830e+00
-1.241991477005642830e+00
-1.241991477005642830e+00
-1.241991477005642830e+00
-1.241991477005642830e+00
-1.241991477005642830e+00
-1.241991477005642830e+00
-1.241991477005642830e+00
-1.241991477005642830e+00
-1.241991477005642830e+00
-1.241991477005642830e+00
-1.241991477005642830e+00
-1.241991477005642830e+00
-1.241991477005642830e+00
-1.241991477005642830e+00
-1.241991477005642830e+00
-1.241991477005642830e+00
-1.241991477005642830e+00
-1.241991477005642830e+00
-1.241991477005642830e+00
-1.241991477005642830e+00
-1.241991477005642830e+00
-1.241991477005642830e+00
-1.241991477005642830e+00
-1.241991477005642830e+00
-1.241991477005642830e+00
-1.241991477005642830e+00
-1.241991477005642830e+00
-1.241991477005642830e+00
-1.241991477005642830e+00
-1.241991477005642830e+00
-1.241991477005642830e+00
-1.241991477005642830e+00
-1.241991477005642830e+00
-1.241991477005642830e+00
-1.241991477005642830e+00
-1.241991477005642830e+00
-1.241991477005642830e+00
-1.241991477005642830e+00
-1.241991477005642830e+00
-1.241991477005642830e+00
-1.241991477005642830e+00
-1.241991477005642830e+00
-1.241991477005642830e+00
-1.241991477005642830e+00
-1.241991477005642830e+00
-1.241991477005642830e+00
-1.241991477005642830e+00
-1.241991477005642830e+00
-1.241991477005642830e+00
-1.241991477005642830e+00
-1.241991477005642830e+00
-1.241991477005642830e+00
-1.241991477005642830e+00
-1.241991477005642830e+00
-1.241991477005642830e+00
-1.241991477005642830e+00
-1.241991477005642830e+00
-1.241991477005642830e+00
-1.241991477005642830e+00
-1.241991477005642830e+00
-1.241991477005642830e+00
-1.241991477005642830e+00
-1.241991477005642830e+00
-1.241991477005642830e+00
-1.241991477005642830e+00
-1.241991477005642830e+00
-1.241991477005642830e+00
-1.241991477005642830e+00
-1.241991477005642830e+00
-1.241991477005642830e+00
-1.241991477005642830e+00
-1.241991477005642830e+00
-1.241991477005642830e+00
-1.241991477005642830e+00
-1.241991477005642830e+00
-1.241991477005642830e+00
-1.241991477005642830e+00
-1.241991477005642830e+00
-1.241991477005642830e+00
-1.241991477005642830e+00
-1.241991477005642830e+00
-1.241991477005642830e+00
-1.241991477005642830e+00
-1.241991477005642830e+00
-1.241991477005642830e+00
-1.241991477005642830e+00
-1.241991477005642830e+00
-1.241991477005642830e+00
-1.241991477005642830e+00
-1.241991477005642830e+00
-1.241991477005642830e+00
-1.241991477005642830e+00
-1.241991477005642830e+00
-1.241991477005642830e+00
-1.241991477005642830e+00
-1.241991477005642830e+00
-1.241991477005642830e+00
-1.241991477005642830e+00
-1.241991477005642830e+00
-1.241991477005642830e+00
-1.241991477005642830e+00
-1.241991477005642830e+00
-1.241991477005642830e+00
-1.241991477005642830e+00
-1.241991477005642830e+00
-1.241991477005642830e+00
-1.241991477005642830e+00
-1.241991477005642830e+00
-1.241991477005642830e+00
-1.241991477005642830e+00
-1.241991477005642830e+00
-1.241991477005642830e+00
-1.241991477005642830e+00
-1.241991477005642830e+00
-1.241991477005642830e+00
-1.241991477005642830e+00
-1.241991477005642830e+00
-1.241991477005642830e+00
-1.241991477005642830e+00
-1.241991477005642830e+00
-1.241991477005642830e+00
-1.241991477005642830e+00
-1.241991477005642830e+00
-1.241991477005642830e+00
-1.241991477005642830e+00
-1.241991477005642830e+00
-1.241991477005642830e+00
-1.241991477005642830e+00
-1.241991477005642830e+00
-1.241991477005642830e+00
-1.241991477005642830e+00
-1.241991477005642830e+00
-1.241991477005642830e+00
-1.241991477005642830e+00
-1.241991477005642830e+00
-1.241991477005642830e+00
-1.241991477005642830e+00
-1.241991477005642830e+00
-1.241991477005642830e+00
-1.241991477005642830e+00
-1.241991477005642830e+00
-1.241991477005642830e+00
-1.241991477005642830e+00
-1.241991477005642830e+00
-1.241991477005642830e+00
-1.241991477005642830e+00
-1.241991477005642830e+00
-1.241991477005642830e+00
-1.241991477005642830e+00
-1.241991477005642830e+00
-1.241991477005642830e+00
-1.241991477005642830e+00
-1.241991477005642830e+00
-1.241991477005642830e+00
-1.241991477005642830e+00
-1.241991477005642830e+00
-1.241991477005642830e+00
-1.241991477005642830e+00
-1.241991477005642830e+00
-1.241991477005642830e+00
-1.241991477005642830e+00
-1.241991477005642830e+00
-1.241991477005642830e+00
-1.241991477005642830e+00
-1.241991477005642830e+00
-1.241991477005642830e+00
-1.241991477005642830e+00
-1.241991477005642830e+00
-1.241991477005642830e+00
-1.241991477005642830e+00
-1.241991477005642830e+00
-1.241991477005642830e+00
-1.241991477005642830e+00
-1.241991477005642830e+00
-1.241991477005642830e+00
-1.241991477005642830e+00
-1.241991477005642830e+00
-1.241991477005642830e+00
-1.241991477005642830e+00
-1.241991477005642830e+00
-1.241991477005642830e+00
-1.241991477005642830e+00
-1.241991477005642830e+00
-1.241991477005642830e+00
-1.241991477005642830e+00
-1.241991477005642830e+00
-1.241991477005642830e+00
-1.241991477005642830e+00
-1.241991477005642830e+00
-1.241991477005642830e+00
-1.241991477005642830e+00
-1.241991477005642830e+00
-1.241991477005642830e+00
-1.241991477005642830e+00
-1.241991477005642830e+00
-1.241991477005642830e+00
-1.241991477005642830e+00
-1.241991477005642830e+00
-1.241991477005642830e+00
-1.241991477005642830e+00
