6.095246600944223658e+00
6.762607834389188888e+00
7.543762321692606854e+00
8.220599389414827485e+00
7.003110941661732092e+00
5.122803857094664792e+00
3.441393305784702150e+00
4.783442273199354666e+00
9.071935907522727049e+00
1.380958529006410096e+01
1.625209472387255261e+01
1.462469280237347746e+01
9.357481383376452300e+00
2.531763454671634328e+00
-2.101771567812613206e+00
-1.659078827311586846e+00
2.335618146063369593e-01
2.728574285393547516e+00
3.224041729075407758e+00
-4.367812107455737447e-03
-5.576371982340927680e+00
-9.862995637844713670e+00
-1.175560383864819691e+01
-9.606294918465369648e+00
-5.830039402233075485e+00
-2.547347863174724392e+00
-2.210966883199164457e+00
-3.587509614802198321e+00
-5.434981697083719254e+00
-7.615494282740793430e+00
-7.450309571591986924e+00
-6.553376938580904643e+00
-6.156047910360111786e+00
-7.036450849583987477e+00
-7.225780636673015067e+00
-6.766880458535610821e+00
-5.958570514127186968e+00
-4.625401660552664218e+00
-4.051011210561463294e+00
-4.426579656179963074e+00
-6.265029127053534985e+00
-8.709279902531058326e+00
-7.589216908073160184e+00
-5.831993870054132501e+00
-3.792628163961855314e+00
-1.377772964960378932e+00
-1.476879820371082008e+00
-5.866376498781121107e+00
-1.008720545975767280e+01
-1.292940872849695033e+01
-1.330582468306044852e+01
-8.805072577994675243e+00
-2.128551126669317561e+00
2.788116706677633783e+00
4.624151370325034094e+00
3.488254210609744277e+00
-8.852203148783781561e-01
-3.811811822843469422e+00
-4.687742038144625312e+00
-2.725756767512615752e+00
9.272033024083926600e-01
5.101040689346748813e+00
7.067920501290857693e+00
6.845640100708044073e+00
5.669214143303327624e+00
4.658760748497924098e+00
4.296189889343210666e+00
5.453774332956990989e+00
6.574853362905368925e+00
7.467635717088493941e+00
7.042874529838179853e+00
6.248282574857681126e+00
5.151342263689171475e+00
5.062018291535039793e+00
5.793325918667816765e+00
6.473418299084052308e+00
6.662503210422995537e+00
6.437364388563974416e+00
5.033821632454730910e+00
3.584111571876021252e+00
3.577947485755108570e+00
4.568843006273868745e+00
5.210315849253808196e+00
6.250183072483442182e+00
6.300664102370338249e+00
4.802410946515817791e+00
3.292195920407661625e+00
2.819693076939760790e+00
4.018285407779677243e+00
6.505065520769197640e+00
8.520930054728692582e+00
9.140621051533409869e+00
7.491908321580265095e+00
4.237919187604116900e+00
4.378772969283726280e-01
-2.125925810709867747e+00
-2.478138739346179786e+00
-2.337410409138952705e+00
-2.592268359226145513e+00
-2.892216782694035704e+00
-3.969092592882995429e+00
-4.966299751109715110e+00
-5.677388201795630529e+00
-4.738269930206350899e+00
-2.478108975849350859e+00
-8.265397590009820883e-01
1.697352136796869138e-01
-5.045072871956490790e-01
-1.927916019005309733e+00
-2.485807120836325268e+00
-3.163557963908796733e+00
-2.334056033915142603e+00
-1.086695333698778798e+00
-2.400946131309121157e+00
-3.495713060507037451e+00
-3.144318393182656379e+00
-3.450564814561229987e+00
-2.996866617776920982e+00
-5.743842037099977649e-01
2.375279835224414493e-01
1.316257607524892181e-01
-1.809174821118716192e+00
-4.166255176169806340e+00
-6.462379511581027636e+00
-6.791380716356400171e+00
-5.496026995611853039e+00
-4.243967072952242070e+00
-2.407535124988837705e+00
-1.730325381006382113e+00
-3.247871146629742967e+00
-3.977945113745032568e+00
-3.141466038395972049e+00
-2.148956311498488869e+00
-1.401221661026632592e-01
1.647103635538259558e+00
2.237853095674481096e+00
2.659146408088838065e+00
2.292129466538887161e+00
3.070442050149772673e+00
4.488030627669659545e+00
5.048881001497293575e+00
5.673415102685685163e+00
6.097454679804011235e+00
6.021606965366689046e+00
5.667097530094936886e+00
5.406290976286615368e+00
5.668203687665391399e+00
6.245751948810776000e+00
6.519683790941297907e+00
6.242468597605656200e+00
6.247705090103838899e+00
6.413788240092443971e+00
6.882632315449000338e+00
7.712969966416074463e+00
8.252494854505725286e+00
8.439432813076429341e+00
7.449069903850332075e+00
6.354272881915981941e+00
7.249336342349556261e+00
7.947762038445429944e+00
8.208913200021687118e+00
7.602831191480746043e+00
5.688453212609188903e+00
2.767239847664875629e+00
6.716574798668456525e-01
9.229223414510498991e-01
2.758233981930334089e+00
5.711116785243090632e+00
7.476473881318685955e+00
5.623612547181513044e+00
8.301456453212294750e-01
-4.213580128281581239e+00
-9.431000666018523049e+00
-1.085901614249345926e+01
-8.764494747350294546e+00
-5.101353861200464301e+00
-1.292246854915973131e+00
-1.182203528102404810e+00
-2.904415772154489428e+00
-4.838988082467038154e+00
-6.745316821075429736e+00
-7.190662315055191378e+00
-5.584246511513279110e+00
-4.219233234505318286e+00
-4.159955571560224996e+00
-4.299280400331825014e+00
-4.323641824419826918e+00
-3.963685857383703048e+00
-3.202701154974890496e+00
-2.297710774028255187e+00
-2.496999335979125156e+00
-5.797401161906549305e+00
-8.770077328494283009e+00
-1.040621059248264046e+01
-9.449994215573060075e+00
-5.753416000248118500e+00
-1.714584886787112294e+00
1.115883736787480540e+00
-6.953630271815214314e-02
-3.975000369519168686e+00
-8.231472160585221687e+00
-1.066802187896318976e+01
-9.361685928748984864e+00
-5.848142820208867221e+00
-2.618514136746838084e+00
-2.425117680026780409e-01
2.499200559511758346e-01
-1.137789127743975115e+00
-9.606970841950071005e-01
1.452759767372869160e+00
4.728538611384250245e+00
7.009330362225092870e+00
7.695461683172229783e+00
7.086765877021917959e+00
4.602555293507860412e+00
2.846188514681885273e+00
3.547205082730830128e+00
5.207696172072375340e+00
5.884052198194083871e+00
6.325043881010624425e+00
5.123569427912885388e+00
2.684301039250305276e+00
2.550662258803529259e+00
3.773947093500630068e+00
5.839651793167341509e+00
7.061046053472554540e+00
7.002765327336486934e+00
4.776876005997632291e+00
3.429364338908011511e+00
3.884144082882485804e+00
5.522139493144051059e+00
6.900361208786449652e+00
6.664463264144900201e+00
2.949192498376544513e+00
-2.656519836488110631e+00
-7.004546005976480139e+00
-7.098916686381049779e+00
-4.033583185820043937e+00
1.913319862064096100e+00
7.171740409165410668e+00
8.272657536490163110e+00
5.509293740968558062e+00
1.328052767365367703e+00
-2.199253756869967269e+00
-2.759897833118812205e+00
-4.123416609967136548e-01
1.973634469678074321e+00
2.145304573156060268e+00
-2.130436112231604007e-02
-4.186476333389336446e+00
-7.862110471006401369e+00
-7.118890485760178244e+00
-7.118890485760178244e+00
-7.118890485760178244e+00
-7.118890485760178244e+00
-7.118890485760178244e+00
-7.118890485760178244e+00
-7.118890485760178244e+00
-7.118890485760178244e+00
-7.118890485760178244e+00
-7.118890485760178244e+00
-7.118890485760178244e+00
-7.118890485760178244e+00
-7.118890485760178244e+00
-7.118890485760178244e+00
-7.118890485760178244e+00
-7.118890485760178244e+00
-7.118890485760178244e+00
-7.118890485760178244e+00
-7.118890485760178244e+00
-7.118890485760178244e+00
-7.118890485760178244e+00
-7.118890485760178244e+00
-7.118890485760178244e+00
-7.118890485760178244e+00
-7.118890485760178244e+00
-7.118890485760178244e+00
-7.118890485760178244e+00
-7.118890485760178244e+00
-7.118890485760178244e+00
-7.118890485760178244e+00
-7.118890485760178244e+00
-7.118890485760178244e+00
-7.118890485760178244e+00
-7.118890485760178244e+00
-7.118890485760178244e+00
-7.118890485760178244e+00
-7.118890485760178244e+00
-7.118890485760178244e+00
-7.118890485760178244e+00
-7.118890485760178244e+00
-7.118890485760178244e+00
-7.118890485760178244e+00
-7.118890485760178244e+00
-7.118890485760178244e+00
-7.118890485760178244e+00
-7.118890485760178244e+00
-7.118890485760178244e+00
-7.118890485760178244e+00
-7.118890485760178244e+00
-7.118890485760178244e+00
-7.118890485760178244e+00
-7.118890485760178244e+00
-7.118890485760178244e+00
-7.118890485760178244e+00
-7.118890485760178244e+00
-7.118890485760178244e+00
-7.118890485760178244e+00
-7.118890485760178244e+00
-7.118890485760178244e+00
-7.118890485760178244e+00
-7.118890485760178244e+00
-7.118890485760178244e+00
-7.118890485760178244e+00
-7.118890485760178244e+00
-7.118890485760178244e+00
-7.118890485760178244e+00
