-1.354351114383459631e+01
-1.354351114383459631e+01
-1.354351114383459631e+01
-1.354351114383459631e+01
-1.354351114383459631e+01
-1.354351114383459631e+01
-1.354351114383459631e+01
-1.354351114383459631e+01
-1.354351114383459631e+01
-1.354351114383459631e+01
-1.354351114383459631e+01
-1.241999604065190077e+01
-9.944426876200816778e+00
-1.084591760489709067e+01
-1.211326293337336146e+01
-1.405436017164264584e+01
-1.618629288175264236e+01
-1.617740710668924464e+01
-1.505800977425076148e+01
-1.143328800675590884e+01
-9.084577446433227621e+00
-7.567367639937409685e+00
-6.091481808992910807e+00
-7.307265251353801894e+00
-8.633226496667209204e+00
-1.017999977875240525e+01
-8.908659175426681287e+00
-9.733505253032889826e+00
-9.216884164203978713e+00
-8.711833383793008423e+00
-9.946882530064312888e+00
-9.925396188111932361e+00
-1.026515723579833939e+01
-9.758209969258382799e+00
-9.612730320969459896e+00
-9.382419472737016264e+00
-8.294668330329180606e+00
-9.132850243374774024e+00
-9.020412075243477545e+00
-9.682645253479551073e+00
-9.565280820406101725e+00
-9.260779290804331154e+00
-7.203274360994407211e+00
-5.092238587945661976e+00
-1.840429373338607455e+00
2.240611939578453615e+00
5.359832148308609767e+00
8.538293655780039515e+00
1.057904306521261617e+01
1.109428396632437419e+01
1.138787813683340744e+01
1.200767737951749581e+01
1.211893728190799102e+01
1.168709109799878476e+01
1.193298729526729751e+01
1.222715207236420376e+01
1.194499906025052560e+01
1.224659322287393692e+01
1.268234358085157787e+01
1.272012566276307588e+01
1.270380188394550736e+01
1.257371222232157670e+01
1.265127898127803086e+01
1.234505812408734471e+01
1.194380211443655426e+01
1.219987177833389680e+01
1.268312428654214763e+01
1.318865959755165562e+01
1.337256217965152238e+01
1.376325152113080108e+01
1.376245234317937793e+01
1.322458023575766539e+01
1.328683052126836195e+01
1.364801654371098749e+01
1.297300372473926799e+01
1.262765257150480736e+01
1.253663487502556606e+01
1.257873475468711888e+01
1.301907821806303645e+01
1.336572031331612997e+01
1.288356450465028402e+01
1.165367031885877402e+01
9.403521030482876242e+00
5.002908560933526871e+00
1.483347470601259488e-01
-3.728190552570958882e+00
-7.146626548376323385e+00
-1.068240477571971603e+01
-1.006344532365190503e+01
-9.884841716421798097e+00
-1.059146430742244682e+01
-9.217279297873210098e+00
-8.892027205899925235e+00
-8.568459045278967068e+00
-9.225524305483498111e+00
-9.178132247510889741e+00
-1.001035530702980303e+01
-1.042116349389301355e+01
-1.080861394532127129e+01
-9.998238356506975677e+00
-9.855765018742342676e+00
-8.880653252456697899e+00
-8.571113025068264335e+00
-8.577040792546496206e+00
-8.827675448535261538e+00
-9.879591457302749902e+00
-1.035007615218569832e+01
-1.055734092946956793e+01
-9.338568681748222744e+00
-8.447488779089690425e+00
-8.507870286107817037e+00
-8.587755265889343903e+00
-1.048990199804711310e+01
-1.308294430099310901e+01
-1.458749099060596599e+01
-1.524053668415839624e+01
-1.390530466908138862e+01
-1.120891919887168342e+01
-9.602631080998065727e+00
-7.709775799340776281e+00
-7.750896857574123722e+00
-8.818828592836783997e+00
-7.417864080691912498e+00
-4.170082988474440810e+00
-5.842972056199717823e-01
4.013016517079919687e+00
8.309626354099718171e+00
1.018725603378063482e+01
1.050281464518038810e+01
1.055420177387338043e+01
1.086215670221019103e+01
1.108578461720532182e+01
1.211606074736082306e+01
1.302565294274108787e+01
1.326050101445752105e+01
1.232769201206209253e+01
1.140827509205496071e+01
1.147323579479398070e+01
1.165523670734714656e+01
1.278325819070549052e+01
1.412750962021324419e+01
1.473796884869583756e+01
1.428826223812671792e+01
1.374003428588230236e+01
1.382282352647820112e+01
1.398300255033143635e+01
1.429531279583433445e+01
1.452339463075654713e+01
1.482243203870413595e+01
1.421659149934394328e+01
1.394781654092935774e+01
1.376360083905492360e+01
1.371927265724484712e+01
1.433080561285457577e+01
1.469840668835279196e+01
1.534309265895579166e+01
1.525505367050489625e+01
1.478607469183439704e+01
1.364833777424764527e+01
1.185668293038858678e+01
8.492054146928557756e+00
4.767718255791863591e+00
3.002305140509282655e-01
-4.138293477297366074e+00
-5.931737041506340624e+00
-7.259409013307046799e+00
-7.639545449872963800e+00
-7.019986073670356319e+00
-7.767860444569027578e+00
-8.503517808464676975e+00
-9.733399250104222133e+00
-1.058584031342588716e+01
-1.092633287405897136e+01
-1.001185089196330225e+01
-9.501565483388436206e+00
-8.809437587925694757e+00
-8.579139281868565448e+00
-8.070578546329949532e+00
-9.275111508337046118e+00
-9.216270925113006385e+00
-9.124374952552997797e+00
-8.544170445594442498e+00
-9.065780215098259376e+00
-9.159983998453869347e+00
-8.888480391624085541e+00
-9.293758193017998437e+00
-9.161800585041087075e+00
-8.816619458536129272e+00
-8.369387723380707911e+00
-8.774316747267599581e+00
-8.826910825642777070e+00
-8.984356117042739953e+00
-8.722236464487469476e+00
-8.787298913118879895e+00
-8.402702965867295148e+00
-7.536928630705597598e+00
-7.589125706442277242e+00
-8.375881641750172690e+00
-7.904054089596460386e+00
-7.784068593730983920e+00
-7.476260251293456172e+00
-4.779564875316549610e+00
-2.059005735034718398e+00
1.767136098470615480e+00
5.324042457229309022e+00
8.839820118133475901e+00
1.152114218597818684e+01
1.312005805075521891e+01
1.381406843010674379e+01
1.302105154883343552e+01
1.287966324938899909e+01
1.348755814740092340e+01
1.415878202868377933e+01
1.499895988891579890e+01
1.608669252950969764e+01
1.585977143742997519e+01
1.482225828314110849e+01
1.394278984813091959e+01
1.409569786091305055e+01
1.441309371031151443e+01
1.481093407028010134e+01
1.512571393977166068e+01
1.469402655350202025e+01
1.391756622013604350e+01
1.335219043601578548e+01
1.334704209050709878e+01
1.454115146571124306e+01
1.543098814399317753e+01
1.555504897924493513e+01
1.394116444201823235e+01
1.089587062264695128e+01
5.963452310277894242e+00
1.109795467336055275e+00
-8.487084280432684036e-01
-2.511517659069236075e+00
-4.037332762978832257e+00
-4.427296963555511056e+00
-5.920665432615540347e+00
-7.058737663057429224e+00
-8.922653410536096175e+00
-9.624028751273183246e+00
-1.014250066523449512e+01
-1.041328402023260935e+01
-1.048611798759640479e+01
-1.038560639228126270e+01
-9.717938457423628051e+00
-8.835209169158172671e+00
-9.083781492668478563e+00
-8.893908479058204364e+00
-9.141928623479440574e+00
-9.433924759554894734e+00
-1.124646063881876934e+01
-1.088198963868738289e+01
-9.857866377565622784e+00
-9.845511856313580168e+00
-9.266510684374367202e+00
-7.856439400825950159e+00
-9.609361801400964964e+00
-1.219936158646694757e+01
-1.252861421049277624e+01
-1.181252597271405236e+01
-1.161428207560885362e+01
-1.031935233215023295e+01
-8.362452435410478557e+00
-7.310751764867592151e+00
-8.325211264486293672e+00
-8.483897135882969565e+00
-8.994022984940279741e+00
-8.619569911705529108e+00
-8.890973597927272820e+00
-8.695527755168399153e+00
-7.177391378536806421e+00
-6.834826702864189585e+00
-5.213903444708011037e+00
-2.463643583255393121e+00
2.133990246092331233e+00
5.697181609314707629e+00
9.185884673131965883e+00
1.159220549846807558e+01
1.226378995363849000e+01
1.241893340537648704e+01
1.256605137944738537e+01
1.291966480649553972e+01
1.397516353893729857e+01
1.473032246513812460e+01
1.477884403321555951e+01
1.465026380700780528e+01
1.427465144620347104e+01
1.345129068897542801e+01
1.327969407697986348e+01
1.392171171766769433e+01
1.496903862316104750e+01
1.519738618350438308e+01
1.525348750125931829e+01
1.525413398173469126e+01
1.510507152108577777e+01
1.498980971667976192e+01
1.621523174789536270e+01
1.631035714477679477e+01
1.589191834808551462e+01
1.394847198864340321e+01
9.679940864315922155e+00
5.883287835607273308e+00
2.167495135067537326e+00
-7.095764283665838557e-01
-1.378953162898588047e+00
-5.147724253056501498e-01
-2.135050660563015068e+00
-2.868881278922384759e+00
-4.143434454033685377e+00
-7.300426775626407405e+00
-8.810649473522804698e+00
-7.859877182914289051e+00
-6.905686338888379794e+00
-4.911530878588024507e+00
-4.302470299475320559e+00
-4.739589424847550525e+00
