-2.848644386695109887e+01
-2.848644386695109887e+01
-2.848644386695109887e+01
-2.848644386695109887e+01
-2.848644386695109887e+01
-2.848644386695109887e+01
-2.848644386695109887e+01
-2.809858790390094185e+01
-2.694026997876621721e+01
-2.634733178097249962e+01
-2.629554204078721469e+01
-2.661901568998335676e+01
-2.697159708618655927e+01
-2.687261413539894406e+01
-2.639878641372726875e+01
-2.603233965824345120e+01
-2.591984261760720543e+01
-2.624670026390356981e+01
-2.676635305755486627e+01
-2.749324120431418805e+01
-2.782538876838930975e+01
-2.760967339898115114e+01
-2.744268347050206813e+01
-2.722045357380411446e+01
-2.714258425814002607e+01
-2.722921241954513505e+01
-2.752614778531573947e+01
-2.763470845898597261e+01
-2.751529335408062593e+01
-2.730466514062688432e+01
-2.705856034363922902e+01
-2.716078804543046488e+01
-2.740153662031223192e+01
-2.762331326404850884e+01
-2.765706265736547920e+01
-2.765421371672460538e+01
-2.754687450671996629e+01
-2.741364758577879712e+01
-2.734910316681196463e+01
-2.750116819941434798e+01
-2.766420614185851790e+01
-2.759143912252224951e+01
-2.754238021625267763e+01
-2.743917905601471929e+01
-2.739443060697084320e+01
-2.731780786979932074e+01
-2.738500823838963782e+01
-2.750525301269470546e+01
-2.749902299316797993e+01
-2.762505254124551968e+01
-2.761014036382466941e+01
-2.733277471847431173e+01
-2.708355436253516402e+01
-2.667026871013473510e+01
-2.659665121610126803e+01
-2.705368640129922397e+01
-2.762902022297527793e+01
-2.731870720096284444e+01
-2.539598506801923961e+01
-2.081592715477969335e+01
-1.274740687379685156e+01
-2.690622554574074954e+00
7.334303411110591142e+00
1.575453526271159177e+01
2.019726244274903237e+01
2.211838809723091259e+01
2.125305261495916653e+01
1.966708991353492664e+01
1.994101420068299291e+01
2.207126068085198867e+01
2.452264887565148044e+01
2.785207573059390285e+01
2.991027483007995258e+01
3.056180909543960311e+01
3.059128866301126237e+01
3.056567792990759713e+01
3.158383770611845520e+01
3.275058251904506790e+01
3.402281181804641363e+01
3.455820645079290898e+01
3.458406011510398770e+01
3.360265970839494543e+01
3.270104359046340647e+01
3.223830302384198632e+01
3.205493454576147627e+01
3.222773383452896923e+01
3.217405988903029623e+01
3.217124597970554589e+01
3.205286997858295450e+01
3.182396513804578930e+01
3.186217776155917036e+01
3.196428362586366845e+01
3.207701806702389291e+01
3.191288229462258741e+01
3.179257778907597043e+01
3.168349430339659278e+01
3.191442631705364619e+01
3.209929085058728049e+01
3.219020582840473566e+01
3.201306113697558686e+01
3.177548435414539085e+01
3.143378351355484313e+01
3.134655919980957250e+01
3.156056469921218621e+01
3.197696338326726107e+01
3.222645290287346143e+01
3.206615240263312216e+01
3.173868681948751913e+01
3.141434661662474781e+01
3.125587426065347074e+01
3.164603906971504799e+01
3.228549150399421563e+01
3.297242165416060544e+01
3.320214165094478886e+01
3.283701707599444575e+01
3.210178308986902351e+01
3.152034110578528470e+01
3.109882633762554249e+01
3.127267246255672717e+01
3.186075175325869324e+01
3.269318824483508479e+01
3.361932981532221021e+01
3.464122625464813154e+01
3.558498884799386275e+01
3.622780389322298333e+01
3.647162279414159514e+01
3.637114258204040596e+01
3.579855096622554811e+01
3.566827641140767469e+01
3.603959032242950400e+01
3.686828968210983248e+01
3.829204453415611908e+01
3.925415385414404312e+01
3.906459898179696921e+01
3.678687985239172775e+01
3.354021549370671806e+01
2.930415931652500916e+01
2.396115635169853064e+01
1.944416105300053488e+01
1.467200929388348030e+01
9.714448564700941091e+00
4.030546835816752882e+00
-2.501171134649970984e-01
-4.860312559627216977e+00
-7.823180357923213535e+00
-1.098586935478450499e+01
-1.178794227211804646e+01
-1.268204977902514052e+01
-1.413204211959647161e+01
-1.558095060847714741e+01
-1.664041040682158368e+01
-1.755899503927417271e+01
-1.864467953306417414e+01
-1.891995070669002033e+01
-1.872658469646550827e+01
-1.934961147555356220e+01
-2.037308042918310491e+01
-2.132427663628436321e+01
-2.210040346890138352e+01
-2.298710875006331733e+01
-2.342000974706527927e+01
-2.340579700604503088e+01
-2.344708873467086718e+01
-2.387350946439842758e+01
-2.448167674120603721e+01
-2.500539719710520004e+01
-2.530591991764020321e+01
-2.550048467234308092e+01
-2.559608342498276912e+01
-2.565711550744888214e+01
-2.578262826283945586e+01
-2.626428369652459338e+01
-2.672819784978705115e+01
-2.683824683935614175e+01
-2.687894800892581770e+01
-2.687698062940674149e+01
-2.694561654517008620e+01
-2.699555987686494163e+01
-2.731569062544817683e+01
-2.765755418052881254e+01
-2.788452790071309195e+01
-2.781949919578410046e+01
-2.769313753673298351e+01
-2.771193922477075944e+01
-2.787315144626016661e+01
-2.813524335202771098e+01
-2.831187926309448954e+01
-2.855881389355287325e+01
-2.859035268167284016e+01
-2.832466579745720026e+01
-2.818625719273041597e+01
-2.843234845723409165e+01
-2.880953125911554835e+01
-2.898305657253099454e+01
-2.904979681429516347e+01
-2.907072908983722215e+01
-2.893552452057127766e+01
-2.876415856065447585e+01
-2.882350182280539386e+01
-2.931004791462572356e+01
-2.971713924246255800e+01
-2.976219950143190474e+01
-2.941998176592143110e+01
-2.894117503530121027e+01
-2.854616372640569821e+01
-2.853483333256232513e+01
-2.904143595813222944e+01
-2.981247193533490858e+01
-2.966156257220066905e+01
-2.756153213819449377e+01
-2.298476720298118181e+01
-1.662543432455268189e+01
-8.817564192241279741e+00
-1.006933554336427061e+00
5.879765557184246205e+00
1.139490125640948115e+01
1.485137770709273930e+01
1.896940112472139361e+01
2.102961332707695163e+01
2.300906278207053290e+01
2.522363778213803442e+01
2.675308027283763224e+01
2.747361268844262128e+01
2.810573346389061911e+01
2.917479944184373153e+01
3.020322128549278418e+01
3.104147956211960491e+01
3.209566249549063599e+01
3.279408006554109534e+01
3.264326114508864407e+01
3.132213836220966741e+01
3.012494457635481027e+01
2.943215654611260135e+01
2.853326404568619168e+01
2.820632827723426317e+01
2.871212384092759962e+01
2.907451336073168946e+01
2.914689689125896521e+01
2.918141833489781689e+01
2.954641599981695776e+01
2.981496334393555259e+01
2.989587752113278185e+01
2.988589271958647942e+01
2.986836432357576143e+01
2.967940015378076168e+01
2.942523391568790458e+01
2.932906115405727476e+01
2.965025591251855985e+01
2.989690956037587100e+01
3.000009392658291674e+01
2.992735337504955950e+01
2.987253506840724881e+01
2.974576449018537971e+01
2.947893179321118851e+01
2.948340435162583617e+01
2.993690955521352137e+01
3.014424240339604921e+01
3.005949610240075387e+01
2.998050368070888538e+01
2.997792825878799050e+01
2.973846883291915688e+01
2.953680364337464326e+01
2.953333853761133909e+01
2.957827569834801551e+01
2.944449102602787960e+01
2.935495239710092363e+01
2.926381032587021735e+01
2.937091390082913733e+01
2.929678546254734073e+01
2.913495769652099199e+01
2.919853886870992454e+01
2.926597061054480520e+01
2.977419754639966953e+01
3.053723273789946191e+01
3.166947233147311280e+01
3.277595511775094650e+01
3.352210533665266468e+01
3.355511446472715420e+01
3.372138033348086594e+01
3.412762588727595414e+01
3.442614077446108922e+01
3.403148999263900265e+01
3.243618411753971742e+01
2.823358772533254779e+01
2.095154019312254334e+01
1.115071405629997514e+01
4.096111570779332745e-01
-8.096555251494320871e+00
-1.484358066480669969e+01
-1.808780580333600341e+01
-1.747563291239391958e+01
-1.647141579722130800e+01
-1.633591716478381173e+01
-1.636630669180442865e+01
-1.767058462467698021e+01
-2.040055794957301671e+01
-2.204867610142978052e+01
-2.256968393716206833e+01
-2.344409373083444592e+01
-2.374048743079990231e+01
-2.398593408492299162e+01
-2.483285707178145785e+01
-2.532634629307819552e+01
-2.559957471112650751e+01
-2.588473815824414004e+01
-2.576922952025332947e+01
-2.582605254886443902e+01
-2.660482712222641055e+01
-2.732712210265760788e+01
-2.789367897872660862e+01
-2.841898815327684957e+01
-2.871019626863150975e+01
-2.867369698002386968e+01
-2.864453155343487367e+01
-2.881536843280817450e+01
-2.919229802691734932e+01
-2.958437524856500289e+01
