-8.462827560232499380e+00
-8.462827560232499380e+00
-8.462827560232499380e+00
-6.547790127585825459e+00
-4.503570526885702030e+00
-4.728439030207160165e+00
-5.713445176609740273e+00
-7.500822157847984784e+00
-6.406414327211372495e+00
-9.986515593746418062e+00
-7.322310493023284295e+00
-9.701686431303354397e+00
-6.962360049581397092e+00
-5.396408043449834047e+00
-5.229270501646942293e+00
-7.832593485086606577e+00
-5.334812441927951454e+00
-5.660902982822609175e+00
-7.181008935070895660e+00
-5.425135156356000188e+00
-5.934119587154040865e+00
-4.657055219105276755e+00
-7.145123987192490311e+00
-5.168085963084539713e+00
-4.859680904133455215e+00
-5.344423060576435347e+00
-4.041800625388493273e+00
-4.463887289238363643e+00
-2.914958395811525271e+00
-6.072771545378440550e+00
-7.965525623116982423e+00
-6.119824443626269428e+00
-8.873446963315856806e+00
-8.731700238162423133e+00
-6.595699616558698963e+00
-4.487938829100138527e+00
-6.109993826503901104e+00
-3.178220005090075961e+00
-2.509835142569951216e+00
2.220639861494505762e+00
4.368760062511661602e+00
6.298434379194211452e+00
8.444158620266525972e+00
1.129710706783013663e+01
8.196497784381644891e+00
9.366647008505323058e+00
9.781134928320545541e+00
1.023865802828603577e+01
1.174491724364672507e+01
1.040561597516053638e+01
1.206066869699553123e+01
1.102864444000444877e+01
9.806541748327182617e+00
1.053299551271241086e+01
8.599137335306554775e+00
9.623328251159966484e+00
9.786814909098675130e+00
1.010691024840746621e+01
9.462480337803212294e+00
9.318115004361533948e+00
6.318518651294210642e+00
5.031166030260705746e+00
5.402353466901980816e+00
5.423081007913984841e+00
5.302969766694973330e+00
3.519874381455904810e+00
5.205909484152189570e+00
5.723270618673345744e+00
4.557555267373050611e+00
6.224846205896556128e+00
5.306626182846938988e+00
7.285297399450247013e+00
5.316753170494958880e+00
6.926133457370032609e+00
6.206407792744316865e+00
4.752007053201245945e+00
2.047428111737511269e+00
1.541270915903103500e+00
-1.962609812532859932e+00
-4.250918473923045227e+00
-6.849382703740209521e+00
-1.023706589139817780e+01
-8.465312453189811848e+00
-8.094355911889612898e+00
-7.628190261462331812e+00
-8.023636672624123278e+00
-6.625009554466891437e+00
-9.713475002481207099e+00
-9.596167074839293321e+00
-1.140129891732722811e+01
-8.080869573866362288e+00
-4.302549566120191571e+00
-2.925462346585071316e+00
-3.734748726904966176e+00
-1.719384026540415000e+00
-3.354077575523342958e+00
-5.790824610926376792e+00
-7.579667931027314509e+00
-5.064946866229499634e+00
-6.050528417788848756e+00
-8.206185749968964771e+00
-4.835231822322949569e+00
-4.168993948478306066e+00
-6.102135043303588802e+00
-5.920096210837678896e+00
-4.785048642941264418e+00
-5.863512425455875032e+00
-8.128290046652933754e+00
-4.580944913959381637e+00
-8.434054082600733082e+00
-6.344842011039474983e+00
-3.887073974109453989e+00
-7.622129271134262751e+00
-7.692982396952590562e+00
-3.227147162846700112e+00
-4.694158046863718070e+00
-6.561031242863395896e+00
-3.711615384624588287e+00
-1.562923373117803827e+00
-2.699003665679506447e+00
4.010738892895902019e-01
4.729523609400279049e+00
4.058003588710171528e+00
5.166823595993697893e+00
6.498079513775562255e+00
6.160720789136503228e+00
7.693629102382942619e+00
5.018822480014343945e+00
6.460363214204539517e+00
8.291717232635939183e+00
6.512012448047779678e+00
6.249215188546483724e+00
6.939878314574357887e+00
5.052288630737185926e+00
4.842330024763001894e+00
5.522154880537113897e+00
4.434946727868145366e+00
6.163275286565443878e+00
6.414021398197008672e+00
6.821430882791359451e+00
7.716956459596045370e+00
8.959358845113102987e+00
8.490517907919427287e+00
8.167999407119475919e+00
1.014922594832863112e+01
1.199360755802782741e+01
1.280320813049218742e+01
1.225841312530751814e+01
1.041470768145342340e+01
1.078885142450445578e+01
8.834422415812781537e+00
1.028161087125222117e+01
1.152238747425498033e+01
1.197011520099175819e+01
1.131130053240438471e+01
8.799099544304089804e+00
5.626801629687778750e+00
3.677494485784907674e+00
-2.641757337445487241e+00
-4.487704253075176730e+00
-4.139010477020408807e+00
-6.106311704780828187e+00
-3.374542829845551761e+00
-5.049243913947724316e+00
-4.330358853461634183e+00
-5.955303814989745703e+00
-7.630199045985209594e+00
-6.698621157053260333e+00
-6.394977872703647925e+00
-5.098784234575538754e+00
-5.847827619952421507e+00
-5.130788828264027934e+00
-5.265514984711501256e+00
-6.754587833493118865e+00
-6.911906827421268495e+00
-6.671544678022879538e+00
-6.945500411017386355e+00
-6.497534994088934646e+00
-6.457732542369237549e+00
-5.906682496576548758e+00
-6.028869292532474944e+00
-5.671424196801609696e+00
-6.529200137489894473e+00
-6.415193516054855216e+00
-5.669983421561842540e+00
-5.457040953171399700e+00
-6.219291860504959857e+00
-7.605636347096393024e+00
-4.922290475927690423e+00
-6.549070644760613291e+00
-5.023971157611730298e+00
-8.009101029510752312e+00
-6.625869771649009365e+00
-8.547681736941250108e+00
-6.954819147921115885e+00
-6.747610768950321969e+00
-3.808650772532385709e+00
-2.832502999226474749e+00
3.192766907793179954e+00
6.114365640328086826e+00
1.044561449384210405e+01
1.138421624294979750e+01
1.236662942883804384e+01
1.273531844081119857e+01
1.147592147978017785e+01
9.390117581544611625e+00
1.075085594856718529e+01
1.091864268205793742e+01
1.068343958725741061e+01
1.009464708907723995e+01
9.029787740129812335e+00
7.948049622960191130e+00
5.068617022728323818e+00
6.185486152375355928e+00
7.558372601572783012e+00
6.673791858444479530e+00
5.617295518796844078e+00
6.838619602994143065e+00
5.489820926424478387e+00
5.344441415067086254e+00
6.394122259037951395e+00
6.587521849063731949e+00
8.652989814301868421e+00
8.238304076451751001e+00
6.111481485710377193e+00
4.658505646575404668e+00
3.456271679224157900e+00
-5.914169002384701557e-01
-2.246340501608860230e+00
-2.110384677214253824e+00
-1.500038594966357497e-01
-2.298346545050297784e+00
-2.783107677475570085e+00
5.933005631751036013e-01
-1.918933051859770922e+00
-3.895156857471753664e+00
-2.618010036311697597e+00
-2.572849623878460168e+00
-6.270801494184516045e+00
-4.335081020807715291e+00
-5.854882622563843952e+00
-5.421511629174252000e+00
-7.968595337916934973e+00
-6.687884851996273916e+00
-7.183903926976419108e+00
-7.074857167537176750e+00
-8.698378763205871778e+00
-8.122267710402649499e+00
-7.619130277292367026e+00
-7.865877368707105965e+00
-3.028002104463774380e+00
-5.323137913633326335e+00
-3.869470401258420900e+00
-5.429235855125706500e+00
-8.684970328606368639e+00
-7.302181084201719408e+00
-6.434961835655586881e+00
-9.565090424761571342e+00
-5.280658160681291236e+00
-6.560584776128708384e+00
-3.809117669883799628e+00
-5.987165973012147369e+00
-5.697086457082175315e+00
-8.023983310025863958e+00
-6.439783281472351462e+00
-7.908268262593457720e+00
-2.770445880200316680e+00
-6.730966468395371827e-01
1.681559857249266710e+00
2.846173832373573021e+00
6.456139376110228589e+00
5.914072212294555264e+00
6.830761249845307859e+00
7.562163552362486385e+00
5.581839789119894313e+00
6.958642662597505968e+00
7.857000057563722883e+00
8.531445277119601656e+00
8.564249080577219786e+00
9.695121402950849898e+00
1.030857502417521054e+01
1.043761701864977454e+01
9.911296923592553654e+00
1.038668753285941548e+01
1.029980432086744635e+01
9.832616534931956309e+00
1.102090374914714843e+01
1.263518416990773119e+01
1.127479651363514712e+01
1.059397593007984106e+01
9.384944151404852164e+00
1.025893848875961822e+01
1.015248777745721043e+01
1.147453414749694289e+01
1.170106031291912174e+01
1.126552662863720222e+01
8.774474208287806221e+00
4.599497787614292399e+00
2.895150077280739254e-02
-3.739126284025513502e+00
-4.971379886764344391e+00
-5.811881241812074883e+00
-4.607966298357845325e+00
-4.953434602534118270e+00
-5.317715997230505920e+00
-3.856148446409233266e+00
-5.469053041471570786e+00
-7.448979725977692645e+00
-5.865381444205038264e+00
-6.142449912361263031e+00
-3.745611279270538052e+00
-5.827812506460080755e+00
-6.039207624191895718e+00
-4.138488220102641613e+00
-3.227520325021570269e+00
-4.406628723807812342e+00
-4.551926209718598848e+00
