-2.655047400066063545e+01
-2.627630436418002091e+01
-2.631780774995859673e+01
-2.627226692225965010e+01
-2.638668086721787276e+01
-2.646574039916210452e+01
-2.642875800799842523e+01
-2.627504055393174909e+01
-2.607180800060157111e+01
-2.595372941575171311e+01
-2.610424308646015845e+01
-2.627099460018101240e+01
-2.659031794928102244e+01
-2.687313058059277182e+01
-2.652619753123098079e+01
-2.636500264399660765e+01
-2.637875768075909377e+01
-2.630797756153832978e+01
-2.649658375847034364e+01
-2.680123357743589807e+01
-2.674634889588588749e+01
-2.661037430696293526e+01
-2.639533274714893807e+01
-2.638439979537687563e+01
-2.661493165728283472e+01
-2.689007177019897554e+01
-2.692974813876574913e+01
-2.687480580927022089e+01
-2.648241751582999370e+01
-2.618564816880980928e+01
-2.598396455569733732e+01
-2.616656680949378355e+01
-2.664856513660549808e+01
-2.677166360403168710e+01
-2.667777246892639553e+01
-2.642556421902571628e+01
-2.645008291537054035e+01
-2.631514079537485173e+01
-2.651931576518153477e+01
-2.696841011351851236e+01
-2.696815894327514584e+01
-2.648053091581234497e+01
-2.622117202599845598e+01
-2.605027103153578594e+01
-2.599173650308524230e+01
-2.670277934668946074e+01
-2.708243312545747017e+01
-2.708198031835154396e+01
-2.678250471376380304e+01
-2.615083611383325390e+01
-2.606290054638295217e+01
-2.622082303356378574e+01
-2.706469947470443316e+01
-2.734140502055953803e+01
-2.524908373195582811e+01
-2.032833172177646475e+01
-1.335016980607690584e+01
-4.714233588409022069e+00
5.900659699325368379e+00
1.153946404344570453e+01
1.839702815346561238e+01
2.060462842615707757e+01
2.277731430204593721e+01
2.363006923262422987e+01
2.469139495516795790e+01
2.659245160417173537e+01
2.718462464476783325e+01
2.830093398764705626e+01
2.917587000507154471e+01
2.877085354745959123e+01
2.950710484163555947e+01
2.949251961446270087e+01
3.096420619660201368e+01
3.160904805472069512e+01
3.238470135392223170e+01
3.238505461986235900e+01
3.241236000765643865e+01
3.201226279275539355e+01
3.198060572894766906e+01
3.219806865827237630e+01
3.245749951028904690e+01
3.265370916392181044e+01
3.239967274608713410e+01
3.223228686391511388e+01
3.219551138693631032e+01
3.239848777092479537e+01
3.266740500561832761e+01
3.305553242629829214e+01
3.297676512365797663e+01
3.278612779943780708e+01
3.218438144721960725e+01
3.173641090222771055e+01
3.172998846007265783e+01
3.205833935037713189e+01
3.239785128207434894e+01
3.268432604571061972e+01
3.271995877162834176e+01
3.263696045494065601e+01
3.248368553746379916e+01
3.237227696202369742e+01
3.287518397441900220e+01
3.295977134367724659e+01
3.286985547422202814e+01
3.287769439167811925e+01
3.265213200448965836e+01
3.241499291305350994e+01
3.272025547778302013e+01
3.297590591947613348e+01
3.293289962533305015e+01
3.307238337636177050e+01
3.284983822367850337e+01
3.257022467221054285e+01
3.259345023368148730e+01
3.276839880185456622e+01
3.284758273522312777e+01
3.284998120623973250e+01
3.305714167045405105e+01
3.314454883049410938e+01
3.327273529821388820e+01
3.391434842991564835e+01
3.446376552956317596e+01
3.455104512854318699e+01
3.444618651444524460e+01
3.389358631949155409e+01
3.350568856547678820e+01
3.374336834611982283e+01
3.403278866610615694e+01
3.487827495736015493e+01
3.507037028120764433e+01
3.456591799374971430e+01
3.418325092310207935e+01
3.433323676799803081e+01
3.521502862464139838e+01
3.632588738021537011e+01
3.624901036107125663e+01
3.348290914877067337e+01
2.708667801756796223e+01
1.659479289018477743e+01
6.212257324277707937e+00
-4.391627825867599810e+00
-1.087141819124327924e+01
-1.375130772443716509e+01
-1.406613544141501393e+01
-1.292812700501267642e+01
-1.338874496806485048e+01
-1.432949717715051641e+01
-1.686073648564134686e+01
-1.959674001131725518e+01
-2.067321098482176467e+01
-2.147717249742960277e+01
-2.134162718656845570e+01
-2.166869609081042469e+01
-2.199778231034332521e+01
-2.283853951724806208e+01
-2.354978635381155172e+01
-2.399017232188008464e+01
-2.409152289578213058e+01
-2.399979309575594755e+01
-2.423087966792615333e+01
-2.450622839665083674e+01
-2.487711172577294505e+01
-2.511103333228142986e+01
-2.522473717040545793e+01
-2.525348763570150012e+01
-2.526997365215838443e+01
-2.536124579569007409e+01
-2.553846695144751067e+01
-2.577234387193566079e+01
-2.582464855087590649e+01
-2.579503370598315826e+01
-2.585982673506633134e+01
-2.587737805071387598e+01
-2.590297861997336071e+01
-2.595641964776989852e+01
-2.607311538676687945e+01
-2.614841103503306741e+01
-2.605467222659260429e+01
-2.613344857003571420e+01
-2.633526675321999377e+01
-2.637749401173263664e+01
-2.639932691297457978e+01
-2.624984872029094873e+01
-2.628177826445839216e+01
-2.640832235748310453e+01
-2.634095760836113698e+01
-2.654908329988134597e+01
-2.648312407847700456e+01
-2.650686290408518175e+01
-2.630747810173695811e+01
-2.633649826324943888e+01
-2.639079505091170219e+01
-2.655763464794637230e+01
-2.653083224728947087e+01
-2.640446487900523920e+01
-2.624053194214119245e+01
-2.635703622334473550e+01
-2.646163494763228741e+01
-2.692367702275412356e+01
-2.714548757611258623e+01
-2.711520037487036561e+01
-2.659964277417716971e+01
-2.635419947576029998e+01
-2.649064358316735124e+01
-2.737668713745785709e+01
-2.752168818138634876e+01
-2.649123220196417350e+01
-2.312635173615858619e+01
-1.599272744630865972e+01
-7.626485639370605085e+00
3.242981148805210267e+00
1.048631370912209171e+01
1.729481727481648079e+01
2.074828229397060042e+01
2.197903108432316799e+01
2.260232933036466818e+01
2.468667330147415129e+01
2.548673338609716410e+01
2.745938888281212442e+01
2.822249944452576997e+01
2.934599602755062975e+01
2.907322022094082925e+01
2.948018226548004606e+01
2.998509767560857142e+01
3.115953638180407381e+01
3.174846993330855938e+01
3.205734460075606052e+01
3.195873607965455676e+01
3.148005222238568734e+01
3.088464847863377116e+01
3.075054952296963862e+01
3.066207641869308631e+01
3.112218038700414624e+01
3.147959313042888496e+01
3.151920771611872141e+01
3.158793908175665877e+01
3.177849136942036523e+01
3.183414454170889840e+01
3.187921334478562230e+01
3.219476955712271860e+01
3.224416891397147822e+01
3.233990413168064748e+01
3.225590986858692588e+01
3.241272902607958173e+01
3.238624922893207270e+01
3.249025417743045097e+01
3.254857940218255408e+01
3.271912771606864823e+01
3.249682273069233673e+01
3.238176215302896566e+01
3.234310313805207215e+01
3.211091878932758448e+01
3.231100681795452090e+01
3.255057898224448820e+01
3.260204706892144344e+01
3.284421647783362630e+01
3.281145429837004457e+01
3.252940498124210222e+01
3.231288930691172823e+01
3.223151726500251613e+01
3.237516031265366934e+01
3.242749884881665423e+01
3.260297146321938300e+01
3.261044952178654199e+01
3.242560338653167662e+01
3.233025990453277387e+01
3.282268343224007623e+01
3.364268599037534102e+01
3.401152983241662753e+01
3.442925231834529143e+01
3.424992102335932742e+01
3.369435596544236233e+01
3.330650522728133467e+01
3.391047822450621396e+01
3.496091705792150606e+01
3.548318433603677136e+01
3.364971437523205822e+01
2.946762411892487421e+01
2.225191964021176716e+01
1.146340098112674433e+01
2.484424319577851037e+00
-4.891352317968802765e+00
-1.061852837838227437e+01
-1.215883612127045232e+01
-1.254684476063161114e+01
-1.302358967548269142e+01
-1.537364910812902963e+01
-1.675655140688557054e+01
-1.868198869254469940e+01
-2.027425513386029721e+01
-2.101813922600328866e+01
-2.063675767504050995e+01
-2.098647538894594433e+01
-2.145302622074025578e+01
-2.252575868240137780e+01
-2.305770658356489022e+01
-2.360558217172019368e+01
-2.369553349515041063e+01
-2.371260733998970949e+01
-2.383626628881495080e+01
-2.435321826792142019e+01
-2.490527516677488862e+01
-2.536844747440251524e+01
-2.532431746590671651e+01
-2.522084385217984703e+01
-2.517328410609862033e+01
-2.534713338743346611e+01
-2.572438288263157702e+01
-2.608083652502200778e+01
-2.616389631194105547e+01
-2.606179101739120796e+01
-2.593924800485100235e+01
-2.590696341827856486e+01
-2.605308193768348701e+01
-2.643718876333126389e+01
-2.680258298800130845e+01
-2.680258298800130845e+01
-2.680258298800130845e+01
