-5.893422434795074771e+00
-5.893422434795074771e+00
-5.893422434795074771e+00
-5.893422434795074771e+00
-5.893422434795074771e+00
-5.893422434795074771e+00
-5.893422434795074771e+00
-5.893422434795074771e+00
-4.903991043083755663e+00
-3.684053539650206766e+00
-2.162057904297553179e+00
-1.531414820507735364e+00
-3.482954431469349021e+00
-5.674474691860994291e+00
-6.375820854179619523e+00
-6.901925904534400580e+00
-6.687783175600750418e+00
-5.786155887423381827e+00
-6.020099054477960010e+00
-6.452325751500811890e+00
-7.565299919106802662e+00
-6.898645307439251084e+00
-5.825899127045088832e+00
-6.365199752618603490e+00
-5.742957856473684508e+00
-6.303424546191312317e+00
-6.349837614557293008e+00
-6.400358816786694049e+00
-6.719881174427552395e+00
-5.524825077365347781e+00
-5.907186316465264042e+00
-6.022396429377073979e+00
-6.747047213595282145e+00
-7.084314108259313514e+00
-7.102602348530670184e+00
-7.423016725999299403e+00
-7.832743009115533006e+00
-7.611481694841817358e+00
-7.127803184948522386e+00
-8.123031961164342007e+00
-7.607469256884638931e+00
-5.852900719718333811e+00
-4.031808588580696018e+00
-8.307594135177391870e-01
2.752823554535005712e+00
5.034038362093506969e+00
6.618519729203821811e+00
7.751346876738307579e+00
8.816474293006837826e+00
9.565219153229397975e+00
9.727841727613578016e+00
9.912729308199626388e+00
9.650018527239419441e+00
9.539655871516645291e+00
9.306087178368555257e+00
9.388748592081283206e+00
1.018505007677811669e+01
1.050842892090068936e+01
1.043918004724804049e+01
1.051676314630462805e+01
9.699888959627678275e+00
9.530971309026998739e+00
9.597065747112040413e+00
9.305005790612737471e+00
9.335914012346316682e+00
9.044174336023775851e+00
8.246902127354980294e+00
7.867882600311947527e+00
7.786861781295222329e+00
7.770490266402136470e+00
8.360105278621608349e+00
8.567432615538116636e+00
8.583680109969989758e+00
8.673693727195894709e+00
8.051510307360469909e+00
8.003055240515955404e+00
8.920711294264300761e+00
9.005076107230545190e+00
8.779550350221308364e+00
8.661280731742602157e+00
7.265337816992230913e+00
5.446106560948509312e+00
3.038040168443294498e+00
8.164941445244129348e-01
-1.813502278960980041e+00
-5.123136928659095091e+00
-5.535221919050741235e+00
-6.288222802756906482e+00
-6.725321687538197146e+00
-7.051928675235883404e+00
-6.853076491070414278e+00
-5.755503808685298317e+00
-6.625824086216423936e+00
-6.819133899076817329e+00
-7.356336893472358973e+00
-7.224037873667192855e+00
-6.501933199218986381e+00
-7.068816400776752218e+00
-6.832578520821104284e+00
-7.030752175442727570e+00
-6.939488804385063325e+00
-6.168901874721193224e+00
-6.976139324081946924e+00
-6.955317035236656231e+00
-7.488834713030864343e+00
-7.648721373236550214e+00
-7.795015128061079324e+00
-7.583731317710605602e+00
-7.864709647536189507e+00
-7.938762664388155699e+00
-8.109975472803245822e+00
-8.070253211918718250e+00
-7.580773673457193773e+00
-7.466576974607436412e+00
-7.580169095943210422e+00
-7.259556780579895729e+00
-6.930745485560422914e+00
-7.261328124197134137e+00
-7.762717117653140875e+00
-7.886099096705897260e+00
-7.742776752477758428e+00
-7.777297273814051337e+00
-6.196720567105266753e+00
-3.370985275973958917e+00
-2.591360785125684796e-01
2.484720102502853578e+00
5.068574849717284891e+00
7.048822937876597194e+00
8.181841815303958043e+00
8.377949399602742986e+00
8.142802226258847753e+00
7.894703037572671889e+00
7.433949862275915699e+00
7.107225735997476868e+00
7.668690994150812124e+00
8.233694552643376241e+00
8.233555539306582460e+00
8.294117391279442586e+00
7.915230240402145512e+00
7.884113965445259886e+00
8.072182620153764532e+00
8.098381502538215315e+00
9.008141861711610687e+00
9.536758068454407322e+00
9.357004093794529354e+00
9.057501853809876380e+00
9.288442527501842960e+00
9.648271895193500924e+00
9.997164913865695723e+00
1.051386410359159207e+01
1.078253342326174113e+01
1.021714710636357282e+01
9.192770356476861693e+00
8.889222623729050810e+00
9.859386202128854748e+00
1.108976380706960541e+01
1.106787075470671766e+01
1.006874033546617042e+01
7.925998108775619500e+00
4.110116509623079395e+00
-1.104784372182514574e-01
-3.870221896712937593e+00
-4.857280132305084486e+00
-4.709000294706431333e+00
-6.203457318790006170e+00
-5.869676581743697774e+00
-5.679090163614065823e+00
-5.841492935037980061e+00
-6.184945059675847290e+00
-5.757877964974753127e+00
-5.885660406416730162e+00
-6.637556170130925359e+00
-6.995487763548517535e+00
-8.917514138822795644e+00
-8.630789058597654773e+00
-7.015271537227726562e+00
-5.465299789978281808e+00
-3.325235535440805634e+00
-1.691862725296618741e+00
-2.829856738016815587e+00
-5.954775871748126725e+00
-6.594075829711972148e+00
-7.512618383713721926e+00
-7.903086942648299917e+00
-6.928096296082910222e+00
-6.446802190842394253e+00
-5.752768714277690876e+00
-7.195941273631463631e+00
-8.044986954748564401e+00
-6.594908001991844237e+00
-7.030632688747928682e+00
-6.534971657375772125e+00
-6.266940642988673815e+00
-6.179030541892043260e+00
-6.305903154123805088e+00
-7.663089880214219995e+00
-7.363779177002386156e+00
-7.524916227254151657e+00
-7.049304486607754328e+00
-6.887499661843714982e+00
-7.011601332264373987e+00
-7.867383306119267061e+00
-7.897187527805601626e+00
-6.282843045525692283e+00
-3.398345842458755595e+00
-3.559352702042484218e-02
2.738955348700168102e+00
5.627212636536215840e+00
7.504134562099221029e+00
8.581842595909289884e+00
9.267178595219549564e+00
9.586016775190765671e+00
9.421079665432079864e+00
9.260989250360818659e+00
9.185373672366274889e+00
8.892075427013184097e+00
8.983517328747293362e+00
9.039514169228315410e+00
9.565242955980483686e+00
1.007287141331211977e+01
9.973301923840590888e+00
9.840086293405441609e+00
9.810424348447984499e+00
9.422099911422110452e+00
9.388369880855831795e+00
9.554863105718768068e+00
9.599421426096938603e+00
9.699817009146112667e+00
9.880926443326158548e+00
1.011811519997199582e+01
1.001317323023082828e+01
1.043961121800047032e+01
1.057996870292945424e+01
9.674934113878318698e+00
9.774965465795727226e+00
9.801947450713033305e+00
9.048825638618739120e+00
9.751553971155242806e+00
1.034772368829773903e+01
9.760764932628045898e+00
8.883781457586522379e+00
7.248562995505531070e+00
5.369082679752159137e+00
2.227793072507982863e+00
-5.098320505566664718e-01
-3.224279434394166088e+00
-4.953369214492349570e+00
-6.104823661302072324e+00
-6.323685904493337340e+00
-5.662411091514774064e+00
-5.042237747278558224e+00
-5.493113473081890241e+00
-5.440309272516016037e+00
-5.525922318647972453e+00
-7.023622534198460166e+00
-7.380066193962127485e+00
-7.337859418398153366e+00
-7.069245815919670051e+00
-6.991843857881379520e+00
-6.484278502280238499e+00
-6.937357284423383952e+00
-7.210374840676499808e+00
-6.455778918241058761e+00
-6.797304821156609833e+00
-6.836441875976315252e+00
-7.259489095202186881e+00
-7.559956489952620373e+00
-7.946964038707284850e+00
-7.332576364390259727e+00
-6.839922190864681006e+00
-6.617503489373750547e+00
-6.535358434606288291e+00
-6.999649119382917561e+00
-7.702970533666805508e+00
-8.222981833187546385e+00
-7.642462438800622593e+00
-7.760196028143639069e+00
-7.201281323281521374e+00
-7.023485598078189618e+00
-7.505529515811523389e+00
-8.478837408154610955e+00
-8.180897932287539476e+00
-7.608272951811868801e+00
-6.257308049027808572e+00
-4.346252332089846959e+00
-2.451455344432491579e+00
-7.344906655961214170e-02
2.017367892139767527e+00
3.567889866157815781e+00
4.547330424309987684e+00
5.187932411391962262e+00
6.041830518713842579e+00
6.541400533974679909e+00
6.610984099993615359e+00
6.879485995918338759e+00
7.540202738171934982e+00
7.936262672152130548e+00
7.878450413538544694e+00
7.751735194917320548e+00
7.472499871145423356e+00
7.385967963063609254e+00
7.330059026818597445e+00
7.468203621110398593e+00
7.925049619859481531e+00
7.819985957044657710e+00
7.082826882863564322e+00
6.940399392460655292e+00
7.055884590335631756e+00
7.310937600881142195e+00
7.655830303130411352e+00
8.001676476466524690e+00
7.905045120399098124e+00
7.226636826655088441e+00
6.725141480064181110e+00
6.961699648434596988e+00
7.249765338145921945e+00
7.406225157762395206e+00
