-2.020026510227344474e+01
-2.020026510227344474e+01
-2.020026510227344474e+01
-2.020026510227344474e+01
-2.020026510227344474e+01
-2.020026510227344474e+01
-2.020026510227344474e+01
-2.053043691741727272e+01
-2.111487841627357298e+01
-2.154024824334706167e+01
-2.167293958069519988e+01
-2.178685555601996526e+01
-2.198527051535178956e+01
-2.193222972698249151e+01
-2.163983147405167884e+01
-2.140422167486866556e+01
-2.129208819358523286e+01
-2.124876900433356752e+01
-2.132880272619759054e+01
-2.136395036169025374e+01
-2.131355991160098640e+01
-2.104344724912320430e+01
-2.078942960696385001e+01
-2.074318558514386268e+01
-2.083657378436717877e+01
-2.105349744384803756e+01
-2.101956079960246626e+01
-2.098990153925876712e+01
-2.083608945233046228e+01
-2.071059554390453172e+01
-2.085649119363131732e+01
-2.096769720253786673e+01
-2.111151398377445076e+01
-2.101290526001675474e+01
-2.073933595237226513e+01
-2.048383757064693356e+01
-2.036862521820060579e+01
-2.047164771359803481e+01
-2.066362066036291978e+01
-2.083727127855011219e+01
-2.083939506609791437e+01
-2.072176353355634504e+01
-2.069452524888489009e+01
-2.084448632577351646e+01
-2.102450580528413937e+01
-2.116254018100120504e+01
-2.095212513051092884e+01
-2.046932009755941095e+01
-2.007631295857741094e+01
-2.000752629445255693e+01
-2.031873878712825032e+01
-2.085490014546205728e+01
-2.134391181650439151e+01
-2.110655657344621261e+01
-2.043621248982568872e+01
-1.982811652699724547e+01
-1.959590146947489586e+01
-2.007443611557606289e+01
-2.085583240471086697e+01
-2.138640955216674655e+01
-2.064378185095806373e+01
-1.788705985291694489e+01
-1.351980545656165944e+01
-7.608854026203786702e+00
-9.016295475516931113e-01
5.707346707996403978e+00
1.216991229286498566e+01
1.811611751152525329e+01
2.254753964368213559e+01
2.661108187522660984e+01
2.870720645304363572e+01
2.897406856610451698e+01
2.920787860363582666e+01
2.966930426474089799e+01
2.985377346757080375e+01
3.116497798185917389e+01
3.237152307245326455e+01
3.243377391132862186e+01
3.336763014186244902e+01
3.344295347912882477e+01
3.346972091002909622e+01
3.478161381905059812e+01
3.525675515843753516e+01
3.559815287803841954e+01
3.544665038736843599e+01
3.345948123485136705e+01
3.116912403589660130e+01
2.917468407628135907e+01
2.830350296352013473e+01
2.824444280966432430e+01
2.870944370871130502e+01
2.915052231877326605e+01
2.917019490342022792e+01
2.899496016266481035e+01
2.845472517599945661e+01
2.858998629728959884e+01
2.902495489242423687e+01
2.943336881902200375e+01
2.981917534005364701e+01
2.974617157770903830e+01
2.946131822305856574e+01
2.909035117081581845e+01
2.913047660769002789e+01
2.964625934505235705e+01
2.987457301653212838e+01
3.006075814970290594e+01
2.991832766871209159e+01
2.984479812990089442e+01
2.984656338114547935e+01
3.017061342520837641e+01
3.067222928608796195e+01
3.108804134953432197e+01
3.087037108552214093e+01
3.043172308058253250e+01
3.020540167739711634e+01
3.012577148280934480e+01
3.050899882701263977e+01
3.093668575421432010e+01
3.114367124266658848e+01
3.084047241254468119e+01
3.027505652655149149e+01
3.008108435494047939e+01
3.099756709862669268e+01
3.285984416483415771e+01
3.532352186598346577e+01
3.723913678674432504e+01
3.824306837329557140e+01
3.752724316158067808e+01
3.578765942284444179e+01
3.422848228245698721e+01
3.394549366358677389e+01
3.520619204367960720e+01
3.751646330119969974e+01
4.011204276913349531e+01
4.207332769997896804e+01
4.235345387009717655e+01
4.189231529139457422e+01
4.110154024414001839e+01
4.057024178569712802e+01
4.145289237161274087e+01
4.245707001439396322e+01
4.301275086317248508e+01
4.210306138563370126e+01
3.794432776966956311e+01
3.100719934553062984e+01
2.231464785532937967e+01
1.263854124075645302e+01
4.397110665630986404e+00
-1.378198473726334861e+00
-4.732170370208218735e+00
-5.774602774842848341e+00
-6.050485943378975051e+00
-6.287312402718684190e+00
-7.156175301498640451e+00
-8.712485069112581471e+00
-9.625836966166056996e+00
-1.065325415376806362e+01
-1.105721891307171312e+01
-1.065047047931684432e+01
-1.048515256780104998e+01
-1.085355055293853965e+01
-1.165227089033668406e+01
-1.258459178866176487e+01
-1.313310826976955603e+01
-1.366864886641052124e+01
-1.399890451093499699e+01
-1.366421842316189661e+01
-1.383514984422937921e+01
-1.417251033346261835e+01
-1.439024867961531307e+01
-1.454576138075747771e+01
-1.471430142883207637e+01
-1.495234417206865452e+01
-1.522237071633693617e+01
-1.578254120051011711e+01
-1.619375151218923392e+01
-1.636580357924957596e+01
-1.628355340033596121e+01
-1.587722687214108497e+01
-1.547806065411868559e+01
-1.546120463380276711e+01
-1.574027294729324389e+01
-1.618466206882388647e+01
-1.675766308885123479e+01
-1.701416944587121449e+01
-1.692680313616722287e+01
-1.681373733220480915e+01
-1.678252741630335976e+01
-1.692320273231550232e+01
-1.715571387371882750e+01
-1.735677676592154128e+01
-1.747394532202021722e+01
-1.746822546035359380e+01
-1.736416489334551372e+01
-1.741438820637967666e+01
-1.769443362215509197e+01
-1.792686530235184250e+01
-1.806559874742299243e+01
-1.804794666283149596e+01
-1.788911155468146319e+01
-1.774592405316721866e+01
-1.770437592225854218e+01
-1.778449854746738623e+01
-1.789538921918462933e+01
-1.793072201456189063e+01
-1.786906565858022944e+01
-1.779432529528962093e+01
-1.775400077359763529e+01
-1.779421380702823186e+01
-1.789695211988892254e+01
-1.802345903881667155e+01
-1.804392436382944354e+01
-1.798503868016499396e+01
-1.782900891947765487e+01
-1.773538879013254288e+01
-1.781879451902272038e+01
-1.785937271040974750e+01
-1.786147875911146343e+01
-1.781524893321385150e+01
-1.783142855194599008e+01
-1.787471921581420631e+01
-1.794507924142503796e+01
-1.812421801066247795e+01
-1.823382912170528769e+01
-1.814949992456188710e+01
-1.794893963878108423e+01
-1.775442960973615314e+01
-1.766124518637412066e+01
-1.775879972703388177e+01
-1.802827111488187839e+01
-1.827448374920540886e+01
-1.828363071126562645e+01
-1.812429824894345742e+01
-1.788056700824186152e+01
-1.771628689601557838e+01
-1.787905601988027726e+01
-1.798631389804508629e+01
-1.802802536025600944e+01
-1.809367824332568375e+01
-1.789760298353846224e+01
-1.762623235926752230e+01
-1.755007206798517316e+01
-1.762098807568738579e+01
-1.782425759505160556e+01
-1.799115292208391281e+01
-1.804918310391773772e+01
-1.799799175563312303e+01
-1.792210292947165229e+01
-1.798209516137275088e+01
-1.805074444776679599e+01
-1.811200959565179858e+01
-1.813225015452577793e+01
-1.805229489939977228e+01
-1.799019668725166099e+01
-1.790688695543722631e+01
-1.793490678994175980e+01
-1.807047035147904879e+01
-1.814101676237424599e+01
-1.807520524428056774e+01
-1.788778809506678513e+01
-1.779304198201645093e+01
-1.786777476444909496e+01
-1.804730002096603769e+01
-1.823368480534993452e+01
-1.822502007424411019e+01
-1.804099974666254269e+01
-1.782101708936598428e+01
-1.773667035451159890e+01
-1.781857140093851655e+01
-1.806350200461568178e+01
-1.832178340480333389e+01
-1.829657699733143161e+01
-1.798719012351804736e+01
-1.768785519989613775e+01
-1.764944773814207934e+01
-1.794136150587189249e+01
-1.834167580638279915e+01
-1.848791248686685762e+01
-1.825679493609854021e+01
-1.774831433363120681e+01
-1.744099864044247639e+01
-1.765456612846236339e+01
-1.835530439713052786e+01
-1.884022784388345784e+01
-1.818367240209021674e+01
-1.538724365461687427e+01
-1.045935239492445135e+01
-4.009546030464603561e+00
2.974610411224403617e+00
9.382140362533062827e+00
1.449224380874572304e+01
1.898298180618088082e+01
2.318822481345417685e+01
2.737384890171820828e+01
3.055807823414797042e+01
3.263227122532418178e+01
3.322094687318232786e+01
3.166041768001898049e+01
2.990333416991362725e+01
2.825165373532292534e+01
2.787932604162784855e+01
2.872036202245864800e+01
3.066360290585143389e+01
3.225600628554794724e+01
3.273225289972258167e+01
3.288366916650277005e+01
3.247453283550211722e+01
3.143315454862326064e+01
3.151840311797337080e+01
3.129659108774403009e+01
3.102392323005319597e+01
3.069749536735392681e+01
3.080777165454971822e+01
3.112033243398630589e+01
3.177093656306758973e+01
3.324899581616259070e+01
3.416842105791749873e+01
