7.293989400628832165e+00
6.464981779000924078e+00
7.246082672148104642e+00
8.574874484665519603e+00
8.953076206891202204e+00
7.307129977294396284e+00
4.999779379847865357e+00
2.503565997276333110e+00
4.159176405510686791e+00
9.431960903912672833e+00
1.500302220643733442e+01
1.671574661780301341e+01
1.413300705847472116e+01
9.393618295528742834e+00
2.792236156782527789e+00
-1.801795242341697856e+00
-1.476891782114164275e+00
7.164565168800302031e-01
3.449319853122118307e+00
3.960981138011923086e+00
-5.808148663092578268e-01
-6.910409859651235109e+00
-1.009522815447577493e+01
-1.102847585929572283e+01
-9.291812512866480134e+00
-5.817181037562169088e+00
-2.941774113457759743e+00
-2.848938546321131859e+00
-4.434225484916682447e+00
-5.702550506570388755e+00
-6.618627443498785290e+00
-6.728307333232468324e+00
-6.559497024025652046e+00
-6.683769885974809810e+00
-7.366848096891237319e+00
-7.166686700645525931e+00
-5.550801522297993174e+00
-5.570991735138179912e+00
-5.426108180211926424e+00
-4.654050175569051540e+00
-4.897077454077130021e+00
-6.674403932986827215e+00
-8.583802233454637332e+00
-7.583959184088290506e+00
-5.752392791123453364e+00
-3.897174379575099934e+00
-1.933910768508127598e+00
-1.188130946303589175e+00
-5.715663938779858455e+00
-1.075238039593504169e+01
-1.279514664731165041e+01
-1.246793449716352775e+01
-9.236418474880881746e+00
-2.928191559276972278e+00
2.469134287655308846e+00
4.696334035889011105e+00
3.784385711214329540e+00
4.043390534910051848e-01
-3.105919938178205442e+00
-4.956948784388792717e+00
-2.828970864267495777e+00
1.130698565656419241e+00
4.883905931521649535e+00
8.056428424553743639e+00
7.863534110565692181e+00
5.178624516599263039e+00
3.749774577072205073e+00
3.824481478204325047e+00
5.271196411837324014e+00
6.803016314839941181e+00
7.511084917838014796e+00
7.096300673169566586e+00
5.849006445825398082e+00
4.039168027479620449e+00
4.503256102703250718e+00
6.095654038956644705e+00
6.362930661734028881e+00
6.714930063853978837e+00
6.800552989391787762e+00
5.484585005975660899e+00
3.041390125676720402e+00
1.731750126660380085e+00
4.176435260763094348e+00
5.955008402396213540e+00
6.785116820738929633e+00
6.196742682118435042e+00
3.788570840964343489e+00
2.895651705736452364e+00
2.684538356824193617e+00
4.362929255058299205e+00
7.780447861104047291e+00
8.968896211722931611e+00
8.423032716726323699e+00
6.999547305912930284e+00
3.696105996914284209e+00
2.332721520348808308e-01
-1.378258077660492464e+00
-2.467600620894684127e+00
-2.556194280952869047e+00
-2.518958934199645228e+00
-2.459874167566257874e+00
-3.747128906418859984e+00
-4.676530215615613884e+00
-5.549798792424584626e+00
-4.808879187461515770e+00
-2.148053888765820041e+00
-1.158439238045201103e+00
-6.115793998392132780e-01
-1.742202458732247106e+00
-2.119496899515303845e+00
-1.803489848686073982e+00
-2.270049511586898383e+00
-2.741025802949604628e+00
-2.488868450054746440e+00
-2.397820339037964210e+00
-3.312179340008643891e+00
-2.406664610223764988e+00
-3.135924950274015188e+00
-3.780924464765480941e+00
-1.470204062862913164e+00
-4.667984194348727134e-01
-6.650968840847581998e-01
-1.681160728797734372e+00
-3.417553545246814650e+00
-5.796818586507386684e+00
-6.940537599513252331e+00
-5.389847112799367679e+00
-3.761835236544260663e+00
-2.530556830177021155e+00
-1.396064797128014012e+00
-2.453724382523805758e+00
-3.550105626969520145e+00
-3.171182015504463436e+00
-2.534513979010015738e+00
-2.660420716446876277e-01
1.258549391466269318e+00
2.392474848535883325e+00
3.687501927418534109e+00
2.835351367582715998e+00
2.480627242934431376e+00
3.025693145962614850e+00
4.230840015517294717e+00
5.632547771880247467e+00
7.112029603056990723e+00
7.937116031064232580e+00
6.382756744938165028e+00
4.281750300162253886e+00
4.919154697747166516e+00
6.415679385120189870e+00
7.215164949009946760e+00
7.753597736531927076e+00
7.157818746347788696e+00
5.947003220176769744e+00
5.988053515275999494e+00
6.628773632753606648e+00
7.645958660469887036e+00
8.789665036459096470e+00
8.154157537617169993e+00
7.375554069466514484e+00
7.526510028492273463e+00
7.405369368001858632e+00
7.908795013392735385e+00
7.664893060920304535e+00
6.278238957655909225e+00
3.477341298760435073e+00
1.977039908861436546e-01
-1.556395897244333693e-02
1.916967068794490192e+00
4.919817864481025538e+00
7.512437193316516826e+00
6.411054279995618721e+00
1.903673219253954496e+00
-4.670639009948747145e+00
-1.035156384366308302e+01
-1.156869522896527869e+01
-8.295513008991239445e+00
-3.459933374916396964e+00
-5.324757819014888094e-01
-8.718909383877552211e-01
-3.205969301406065508e+00
-4.488878769754446552e+00
-5.791469087207749666e+00
-6.462472466571538732e+00
-4.896630956117774325e+00
-3.688335224366542153e+00
-4.216781806313342429e+00
-5.340217667048763772e+00
-5.100242455843993383e+00
-4.349042598841904805e+00
-2.812958860085482904e+00
-1.275743013766904355e+00
-1.898984805758133554e+00
-5.707842314259778504e+00
-9.761962123492484267e+00
-1.096776253490061670e+01
-8.737942242658297332e+00
-4.805363479807564175e+00
-9.158660118460770772e-01
1.854784013207414706e+00
-8.794991361001955887e-01
-6.246068767000234168e+00
-8.619596651399282550e+00
-1.050483064419058188e+01
-8.969363452212398613e+00
-4.520670415945884812e+00
-2.343123883247215211e+00
-1.243105890900361832e+00
-6.460098646923926324e-01
-1.182393185995379348e+00
-3.311501752950194999e-01
1.941448804975288933e+00
5.490576157673277891e+00
7.019219188758695438e+00
6.649609715275350830e+00
5.874812042074559315e+00
4.848446849199122610e+00
4.041367729686648147e+00
4.462131658211033525e+00
5.631609178071711241e+00
5.330000572935970737e+00
5.293330870283124767e+00
4.076307874181427593e+00
2.372041014187271202e+00
3.362874882594720560e+00
5.362859721628915999e+00
6.271264743976256106e+00
6.348386701385646980e+00
6.384580026396819541e+00
5.033365856027360863e+00
3.676280284158095490e+00
4.756793370520401076e+00
6.252139215486166357e+00
6.808575391359274143e+00
5.344749651031656335e+00
2.121787937787202871e+00
-1.993124655441793402e+00
-5.634039701343824369e+00
-5.916549022360351628e+00
-3.886747485500798405e+00
1.014727075934360734e+00
6.564654670744620724e+00
8.264788115278618008e+00
5.959276772468177441e+00
1.788524013961160231e+00
-1.790431437030061357e+00
-2.855058998683672300e+00
-6.024558678883507046e-01
1.788394791668996842e+00
2.592756728716238079e+00
7.024880455095641185e-01
-3.290209777258403800e+00
-7.492584613187542431e+00
-1.129804711486120361e+01
-1.129804711486120361e+01
-1.129804711486120361e+01
-1.129804711486120361e+01
-1.129804711486120361e+01
-1.129804711486120361e+01
-1.129804711486120361e+01
-1.129804711486120361e+01
-1.129804711486120361e+01
-1.129804711486120361e+01
-1.129804711486120361e+01
-1.129804711486120361e+01
-1.129804711486120361e+01
-1.129804711486120361e+01
-1.129804711486120361e+01
-1.129804711486120361e+01
-1.129804711486120361e+01
-1.129804711486120361e+01
-1.129804711486120361e+01
-1.129804711486120361e+01
-1.129804711486120361e+01
-1.129804711486120361e+01
-1.129804711486120361e+01
-1.129804711486120361e+01
-1.129804711486120361e+01
-1.129804711486120361e+01
-1.129804711486120361e+01
-1.129804711486120361e+01
-1.129804711486120361e+01
-1.129804711486120361e+01
-1.129804711486120361e+01
-1.129804711486120361e+01
-1.129804711486120361e+01
-1.129804711486120361e+01
-1.129804711486120361e+01
-1.129804711486120361e+01
-1.129804711486120361e+01
-1.129804711486120361e+01
-1.129804711486120361e+01
-1.129804711486120361e+01
-1.129804711486120361e+01
-1.129804711486120361e+01
-1.129804711486120361e+01
-1.129804711486120361e+01
-1.129804711486120361e+01
-1.129804711486120361e+01
-1.129804711486120361e+01
-1.129804711486120361e+01
-1.129804711486120361e+01
-1.129804711486120361e+01
-1.129804711486120361e+01
-1.129804711486120361e+01
-1.129804711486120361e+01
-1.129804711486120361e+01
-1.129804711486120361e+01
-1.129804711486120361e+01
-1.129804711486120361e+01
-1.129804711486120361e+01
-1.129804711486120361e+01
-1.129804711486120361e+01
-1.129804711486120361e+01
-1.129804711486120361e+01
-1.129804711486120361e+01
-1.129804711486120361e+01
-1.129804711486120361e+01
