-2.206113560592729073e+01
-2.206113560592729073e+01
-2.206113560592729073e+01
-2.206113560592729073e+01
-2.206113560592729073e+01
-2.206113560592729073e+01
-2.206113560592729073e+01
-2.206113560592729073e+01
-2.131848678693823018e+01
-2.047607981664150500e+01
-2.119136911292551062e+01
-2.281877486278942868e+01
-2.407635604610982583e+01
-2.408300971959701187e+01
-2.319090244437033377e+01
-2.221237419859836137e+01
-2.156563589614538046e+01
-2.157856894665083658e+01
-2.219281798691637064e+01
-2.276006207849957974e+01
-2.290239070093099016e+01
-2.281682250911540066e+01
-2.274999665341400146e+01
-2.299353939813140713e+01
-2.316697759257004208e+01
-2.301589255132261513e+01
-2.267819059498793166e+01
-2.226365880863403390e+01
-2.199535260187327523e+01
-2.209606647464156737e+01
-2.260475625551581302e+01
-2.305485061704690253e+01
-2.303025727573681891e+01
-2.270257570050568674e+01
-2.241131601989074085e+01
-2.239847592582843561e+01
-2.279156516070703731e+01
-2.320689108361570874e+01
-2.335141576273731800e+01
-2.303808738113387022e+01
-2.242516902653020949e+01
-2.224621708574500545e+01
-2.267810444125737845e+01
-2.332408020095903467e+01
-2.364664960759387924e+01
-2.336977251888020390e+01
-2.276463861563570745e+01
-2.229559709652464861e+01
-2.244100831369741655e+01
-2.328975813631452851e+01
-2.421440918767388695e+01
-2.434574626936949926e+01
-2.343928328684378926e+01
-2.204876489624385982e+01
-2.132354981408739647e+01
-2.200512835108219178e+01
-2.371448278547912025e+01
-2.552044286608047940e+01
-2.628914205847137353e+01
-2.545784663664309733e+01
-2.347995360943104615e+01
-2.183040686217026405e+01
-2.151563590701419315e+01
-2.225277701654889739e+01
-2.323534990733631389e+01
-2.325262745913984830e+01
-2.179434099398681468e+01
-1.942062422647117614e+01
-1.702459350335334065e+01
-1.538381380373173712e+01
-1.419785332001175782e+01
-1.257927576933905733e+01
-9.593324986096726903e+00
-5.289340071966641688e+00
-8.814374979005863420e-01
3.429072867599028740e+00
7.096703476240015185e+00
1.042896763876289512e+01
1.445360160192199572e+01
1.918503574428363123e+01
2.318350905999616174e+01
2.427266394420979267e+01
2.207202722028575792e+01
1.691704170283032482e+01
1.155196400127668532e+01
9.048990707320392346e+00
1.119350363837067874e+01
1.785898155899033313e+01
2.541798343127924653e+01
3.043037257928455119e+01
3.220487878041004137e+01
3.052814873329306877e+01
2.787027067863964902e+01
2.707874024933722623e+01
2.883414856342314536e+01
3.189031165073065921e+01
3.455151360456163445e+01
3.524287398844366237e+01
3.394647869857138289e+01
3.182002920504529442e+01
3.045166862270365016e+01
3.056778295803719203e+01
3.184276715210037167e+01
3.319557333637025209e+01
3.366155528372724604e+01
3.322710104727591585e+01
3.264330314344982042e+01
3.239074481998673605e+01
3.248112367789547505e+01
3.303073533930263750e+01
3.340784439075078183e+01
3.304910513206527867e+01
3.242218671879948744e+01
3.214498855058553772e+01
3.258218020396680004e+01
3.334905597519799159e+01
3.380135445354041224e+01
3.384937202481339114e+01
3.316413455244781971e+01
3.201713416745449337e+01
3.162951253640246918e+01
3.238562161924702565e+01
3.370661417339921684e+01
3.516458724565074334e+01
3.582066578868700191e+01
3.504688420387117986e+01
3.327899194725993226e+01
3.133790639648348275e+01
2.999035992095652148e+01
3.002962820972950908e+01
3.139612712994617993e+01
3.325573818559000472e+01
3.488302057042871240e+01
3.579878367035986031e+01
3.564073372504908122e+01
3.500446415605585315e+01
3.461599162065773072e+01
3.458339882371837604e+01
3.510622053542949317e+01
3.596744950532889362e+01
3.645373694262351449e+01
3.648748608414241801e+01
3.662823802950821772e+01
3.682157566555839878e+01
3.720557023814479436e+01
3.800280103044072177e+01
3.862596264247738986e+01
3.813102609491370032e+01
3.636443578399051546e+01
3.330450004826482768e+01
2.877175942840187162e+01
2.326845630410356236e+01
1.741761241923687464e+01
1.164626953723537639e+01
6.637745778456003443e+00
2.162394334210573810e+00
-7.847363289226758631e-01
-2.176335796424124336e+00
-3.958232719293858892e+00
-5.785537739025646609e+00
-7.560828490389510215e+00
-9.998322559617664140e+00
-1.182025990614909894e+01
-1.221715040498633442e+01
-1.161180695497332493e+01
-1.054373635223888073e+01
-9.990550971288035598e+00
-1.091469640624547921e+01
-1.330188203098554567e+01
-1.612654422619288752e+01
-1.830811043364150592e+01
-1.917858307895907188e+01
-1.869588613223445606e+01
-1.800708645827478094e+01
-1.815956307972971828e+01
-1.912464024839695043e+01
-2.055737276062533780e+01
-2.155263315632029375e+01
-2.157603242517063791e+01
-2.088919835849657147e+01
-2.021967475674957981e+01
-2.037766397215575154e+01
-2.136475158700649501e+01
-2.249025466845126431e+01
-2.311445262968720371e+01
-2.294217047309028246e+01
-2.242574376074102105e+01
-2.213465581848078756e+01
-2.248775796600747512e+01
-2.352343485821218039e+01
-2.446815300767822876e+01
-2.459367809445786790e+01
-2.406959554816626934e+01
-2.351453294983056352e+01
-2.350674708743291319e+01
-2.414032874415526564e+01
-2.506884388489209670e+01
-2.566233380026687527e+01
-2.543583226414886056e+01
-2.460891525846539807e+01
-2.415268826457083051e+01
-2.459093142614747762e+01
-2.555342406966196478e+01
-2.639908246737498132e+01
-2.653665723586767555e+01
-2.579013313064722723e+01
-2.473011040897304369e+01
-2.435728260833712966e+01
-2.510202800313876992e+01
-2.636496781213411467e+01
-2.711461280210849978e+01
-2.666726090145704120e+01
-2.542648520090013520e+01
-2.424216636282585569e+01
-2.412715450184091281e+01
-2.554424456546469102e+01
-2.735706249506095844e+01
-2.760733504576191777e+01
-2.523992365816759076e+01
-2.046432482499372441e+01
-1.442300807267872997e+01
-9.033422371412955343e+00
-4.908746830770751579e+00
-1.861807000214052765e+00
9.025745794647139775e-01
4.543806497402279376e+00
8.180095603269281312e+00
1.129917603604934584e+01
1.321461892426045992e+01
1.340969533618644505e+01
1.367251318462788845e+01
1.458525744072590413e+01
1.623299089379175442e+01
1.927754672938918645e+01
2.234279500345921221e+01
2.370047145562763191e+01
2.422410403334984608e+01
2.490056188042694174e+01
2.534893670891869988e+01
2.564054159010347789e+01
2.547701934214480701e+01
2.387493885777301372e+01
2.109575656290889256e+01
1.915094662924029834e+01
1.917750260086142333e+01
2.162455292694122022e+01
2.557849775025755434e+01
2.877783154401016930e+01
2.995976395182592000e+01
2.843287719296026239e+01
2.565037791535043965e+01
2.408724775874034307e+01
2.439384252185153201e+01
2.616394291453441312e+01
2.842226595604509498e+01
2.936640477220798573e+01
2.851620152084293025e+01
2.713471238868445923e+01
2.642025884202352159e+01
2.683321945882081039e+01
2.795120917250342174e+01
2.870392935162970360e+01
2.817344873783575210e+01
2.680262626183343500e+01
2.604518054399029836e+01
2.678917520053810009e+01
2.864909946155534470e+01
3.067366687502911660e+01
3.133791112816622970e+01
2.987944511553406812e+01
2.725833907487210084e+01
2.539759552220288086e+01
2.542277177147540357e+01
2.707746888643037764e+01
2.946810670659566611e+01
3.087851305273857605e+01
3.038278263329430828e+01
2.889350845424739234e+01
2.792254524569507623e+01
2.844711050813180719e+01
3.005728534129640650e+01
3.186324624831981112e+01
3.271670808980250200e+01
3.217655747695664559e+01
3.111191982513035370e+01
3.059078837751394886e+01
3.053957558493242175e+01
3.033497642260803318e+01
2.862323643378760352e+01
2.402565759848629412e+01
1.732106111701526174e+01
9.622144436851804983e+00
2.939480426319196926e+00
-1.031718850870362747e+00
-3.725180081452838188e+00
-5.353687135999336100e+00
-6.881780259752276585e+00
-9.335399830746922589e+00
-1.193787955912362619e+01
-1.387706159506043058e+01
-1.459999052352805471e+01
-1.499142659692430080e+01
-1.527492028646029354e+01
-1.613516144973462474e+01
-1.725124220298626909e+01
-1.841974380670801281e+01
-1.921863379275183092e+01
-1.997579395444586936e+01
-2.085239150513297091e+01
-2.197712319458763730e+01
-2.321882516859433565e+01
-2.395801836499571280e+01
-2.366277955330214056e+01
-2.272836786324742775e+01
-2.178047148493515195e+01
-2.161936558740484671e+01
-2.258078926551314680e+01
