-1.889997795821500759e+01
-1.889997795821500759e+01
-1.889997795821500759e+01
-1.889997795821500759e+01
-1.889997795821500759e+01
-1.889997795821500759e+01
-1.889997795821500759e+01
-1.889997795821500759e+01
-1.889997795821500759e+01
-1.889997795821500759e+01
-2.312444059868844448e+01
-2.314749227272495347e+01
-1.483669810635926645e+01
-4.013319477548602521e+00
2.007117597404447285e+00
-6.492600268195372060e-01
-7.769371743467677227e+00
-1.517084310685681459e+01
-1.735125487029570124e+01
-1.300155337246764731e+01
-5.970183127121261535e+00
-3.997782823024317977e+00
-7.068646407208376559e+00
-1.440895211748143723e+01
-1.999487526734446163e+01
-1.835307322473536829e+01
-1.145462242773680472e+01
-4.244410141663772507e+00
-6.034570843980966437e-01
-2.566479388026985831e+00
-1.051915783857740294e+01
-1.633206153105912506e+01
-1.805168856543948763e+01
-1.607452744207028417e+01
-1.254327542633079062e+01
-9.662158463250818841e+00
-1.020060937888513664e+01
-9.661735852457015383e+00
-9.144618178893203719e+00
-5.546056390639845901e+00
-2.577324150093483812e+00
-3.703004210097478044e+00
-6.088946781252383644e+00
-1.016104073145399056e+01
-1.162807165897084438e+01
-9.284233936044303803e+00
-3.702913906764569774e+00
-1.060023207105318610e+00
-9.257021868686395871e-01
-5.472880392315856213e+00
-8.713933800227474435e+00
-1.009502662391280126e+01
-5.667939410551317891e+00
-5.010094358680969862e-01
3.015616743801211364e+00
2.208491823373460505e+00
-4.288327138654119963e-01
-1.259045490465832362e+00
2.488163506209494447e+00
1.019274147435734612e+01
1.713607918608240510e+01
1.910153108445438619e+01
1.551704762563477402e+01
9.783390048090200963e+00
6.081414522653258103e+00
7.246232263879768709e+00
1.214922348353648829e+01
1.655906848608588788e+01
1.656682138351411737e+01
1.271556751455133139e+01
8.720578276157018749e+00
8.091889731917827788e+00
1.145444363926001685e+01
1.691003341891980583e+01
2.014279301370195085e+01
1.811293932214206492e+01
1.334832357351341869e+01
9.580724767123992791e+00
9.315085467815466203e+00
1.240212156238713703e+01
1.523204495402633007e+01
1.430724546201553338e+01
1.030002495552110098e+01
6.105781458996486499e+00
4.829974002891852081e+00
7.764776917241841048e+00
1.117482987790041626e+01
9.859517845994023588e+00
2.734549994308611787e+00
-8.487620242668601378e+00
-1.584476578673887559e+01
-1.549976003173163974e+01
-1.029428428314350441e+01
-4.425474422148609754e+00
-5.491996828429932975e+00
-1.467098988093259315e+01
-2.587393395014391828e+01
-3.065166373299715019e+01
-2.309629703765615361e+01
-6.435437880636991181e+00
6.743839720522217362e+00
8.107365138488777490e+00
-2.890481196379670159e+00
-2.131126617793339051e+01
-3.223806518731598203e+01
-2.721084921423184255e+01
-8.622344204936148060e+00
1.055944004177354500e+01
1.795453464376122099e+01
8.568397342932694727e+00
-1.246183938908191990e+01
-3.075420223443239465e+01
-3.437112077047775927e+01
-2.243245725836828797e+01
-4.111419316885580599e+00
9.287031506550155413e+00
8.460866329433613942e+00
-3.011124242811660245e+00
-1.697095644216838650e+01
-2.221660926456836549e+01
-1.598836335509259143e+01
-2.964102187900889973e+00
8.509619944926040347e+00
1.171448227105261530e+01
5.835807586558054538e+00
-5.427212283026911166e+00
-1.406981103802337785e+01
-1.766526328623297104e+01
-1.580584525551895680e+01
-1.017356102962568798e+01
-3.114405045606368105e+00
3.217951125241384602e+00
8.333762324938065902e+00
1.135251887871824650e+01
1.139335248672148104e+01
9.044392448438799192e+00
6.182888978097103028e+00
5.246808228709886279e+00
8.269962570426194759e+00
1.287384323587441415e+01
1.601005510880228400e+01
1.545783711954237205e+01
1.031281838045618215e+01
4.278093949540778596e+00
1.973795601313010684e+00
5.767918415114246855e+00
1.290749012979116728e+01
1.892123030902202174e+01
1.938527722102283946e+01
1.402214108061654230e+01
7.691128478607578423e+00
4.977241960897454298e+00
8.089666483767834038e+00
1.547000406244834281e+01
2.115043724690517735e+01
2.183472776780498137e+01
1.764711167128058378e+01
1.199220770110381196e+01
9.782630632895104483e+00
1.155027816347008240e+01
1.439161900762264423e+01
1.558098881563422999e+01
1.365875150979301011e+01
1.111951131859800235e+01
1.169215501324577033e+01
1.648417350971799777e+01
2.170248881759543025e+01
2.144129489137222322e+01
1.300017710549584393e+01
3.718752503307154456e-01
-8.951686078547881564e+00
-8.724893998058476541e+00
3.037141937526307345e+00
1.690488983678592305e+01
2.301658264124831277e+01
1.455017495788504611e+01
-1.673894176130577449e+00
-1.748708927550272918e+01
-2.046340378785870229e+01
-8.489873717355699512e+00
9.305320873029344853e+00
1.845951497323074975e+01
1.290538238234487878e+01
-5.254549232413436854e+00
-2.364168091129508653e+01
-2.806014651613478605e+01
-1.607115902660024531e+01
4.076079269653357429e+00
1.848132771103642114e+01
1.645946721775498389e+01
-9.640503343029873662e-01
-2.045510520744711869e+01
-3.054456223404351789e+01
-2.400763448390084065e+01
-6.136551527481508117e+00
8.552345379403682557e+00
1.094470242403522597e+01
2.046406903370188601e+00
-1.234862877951892912e+01
-1.958092988147513935e+01
-1.560941798180131634e+01
-3.476261887746280976e+00
6.800169142584318926e+00
8.076026096956740119e+00
-5.144685253957987925e-01
-9.705361748128860100e+00
-1.489719058972528387e+01
-1.139357016018831459e+01
-9.455370616361751246e-01
8.857559779355479890e+00
1.175035887742745544e+01
1.071342015009735782e+01
8.017866049905158832e+00
7.879862053259149235e+00
1.197383106955575016e+01
1.690756528330085473e+01
1.978238653444227424e+01
1.767362046129322550e+01
1.314602917935677340e+01
1.017268816527640674e+01
1.126594731115788939e+01
1.525619324540068433e+01
2.015781391972226544e+01
2.213379548067132774e+01
2.049818460162554246e+01
1.739611448047654463e+01
1.460197310538557502e+01
1.422587283148805248e+01
1.596072355842886736e+01
1.825487806230357180e+01
1.936870298798300283e+01
1.909012982653108281e+01
1.887159682441587805e+01
1.792657365406869729e+01
1.677681157394460598e+01
1.537537124341234929e+01
1.437112201349025398e+01
1.383624159577521695e+01
1.501441112858578997e+01
1.787476925565246333e+01
2.057479027435583419e+01
2.161715497818447318e+01
1.954628391708805779e+01
1.712951522943929206e+01
1.582113772885721126e+01
1.675412711650453801e+01
1.830637609727073212e+01
1.822801074156931733e+01
1.427002241689656081e+01
7.010755497066551101e+00
-5.045428342388298404e-01
-4.058092642228849911e+00
-8.915035541850109269e-01
3.754803437410998868e+00
6.031534617299831424e+00
5.439220597177492955e+00
-1.931048530586445544e+00
-9.402614372212550364e+00
-1.152074095491108707e+01
-9.449191738140886088e+00
-4.250213125532055436e+00
-5.387840807543375909e-01
-1.998582170839882100e+00
-5.836247215730984372e+00
-9.591769631123426620e+00
-6.988731045483181248e+00
5.453138087242237475e-02
5.930009111862623250e+00
6.459062987296151803e+00
5.000996521043532539e-01
-9.250493089373920341e+00
-1.578373167102527219e+01
-1.390419525427827274e+01
-5.235576334255496178e+00
2.548812353067567038e+00
5.012611034784074882e+00
-1.459734455794831298e+00
-1.056994741333483745e+01
-1.663127408921559436e+01
-1.450728022467518663e+01
-5.822917158031446050e+00
2.524589020743520429e+00
3.444675488799904262e+00
-3.062083856328548848e+00
-1.282596569047753476e+01
-1.799848864072665222e+01
-1.486452591934992640e+01
-4.018832576082541408e+00
5.899322773170649903e+00
1.002561750898596848e+01
5.137979456465028072e+00
-3.402198148110651132e+00
-9.409656416195444351e+00
-9.905853764164826103e+00
-5.699153411856419105e+00
2.057610956434086091e-02
1.003220725457820706e+00
-2.085335170382850212e+00
-6.883859722297730244e+00
-9.217332343500347136e+00
-1.037662127576167315e+01
-9.504936175754906458e+00
-1.075875114337659255e+01
-1.468402206306630475e+01
-1.816251661679143226e+01
-1.756987260001685414e+01
-1.084067008877826588e+01
-2.816452434670469351e+00
2.472891062804485784e+00
3.282829372442479077e+00
-2.858520255390957665e+00
-1.069722804069596478e+01
-1.227942586428724958e+01
-9.361744394152136550e+00
-3.414866064219792108e+00
1.156780634207899006e-01
1.349228423048596248e-01
