-5.940936525593637718e+00
-5.940936525593637718e+00
-5.940936525593637718e+00
-5.940936525593637718e+00
-5.940936525593637718e+00
-5.940936525593637718e+00
-5.941628042228426665e+00
-5.940427492515251373e+00
-5.189469986639222654e+00
-3.294735666349979830e+00
-1.716874858848707053e+00
-1.770498273329172090e+00
-3.334559664946635582e+00
-4.929685045460311166e+00
-6.043255021749510902e+00
-6.553980884536123597e+00
-6.452976445637784941e+00
-6.104054172176521575e+00
-6.068165449313063675e+00
-6.657221205315405399e+00
-7.090994045413705926e+00
-7.179023176043594745e+00
-6.789440739004191983e+00
-6.223018841785961541e+00
-6.070780228414982993e+00
-6.198647751917735427e+00
-6.579019898774727260e+00
-6.738899888841650032e+00
-6.560268612542405009e+00
-6.283691366896600350e+00
-5.995419234938828446e+00
-6.112669098271825696e+00
-6.434628059237805786e+00
-6.955033345336586237e+00
-7.193953616239122439e+00
-7.135298304379182888e+00
-7.016745092056112298e+00
-7.044293896980022396e+00
-7.312138323128238859e+00
-7.841441865283742096e+00
-7.528172739902323940e+00
-6.290714452172976756e+00
-3.981851982170381277e+00
-8.427002643857681718e-01
2.541756297245340690e+00
5.029592602087900488e+00
6.644387120925384416e+00
7.860753916369947802e+00
8.714746487290865318e+00
9.336423701476908477e+00
9.930663451923269491e+00
1.014125937936184130e+01
9.923068481176345657e+00
9.534359458009094013e+00
9.426009610416867801e+00
9.731319648152348734e+00
1.016218131677731051e+01
1.053098414537680405e+01
1.066625348192429357e+01
1.040825798479197495e+01
9.830442094441561807e+00
9.435854571095138255e+00
9.398949834931560332e+00
9.461426179307380835e+00
9.334224157663610910e+00
8.934260539895433340e+00
8.282149147905691677e+00
7.727304185020908101e+00
7.550716723485730419e+00
7.792163525380486178e+00
8.311096379952092050e+00
8.594091840193446075e+00
8.698940724484694798e+00
8.560749849405501877e+00
8.336758712919060343e+00
8.249929951456971722e+00
8.478791574421514099e+00
8.823758404367474384e+00
8.841824302054497764e+00
8.388561931120317894e+00
7.305445301320218299e+00
5.461739030697513542e+00
3.205387088031174780e+00
8.384836383752831690e-01
-1.739556702467784044e+00
-4.162381607885864199e+00
-5.898618771606513711e+00
-6.671650995639405224e+00
-6.886291122011116705e+00
-6.576268232475188213e+00
-6.146247194034157424e+00
-6.202985398611110313e+00
-6.288264971121065194e+00
-6.526993424354645690e+00
-6.897921450791385745e+00
-7.196139854124171897e+00
-7.027616130602567068e+00
-6.795984338841599914e+00
-6.861284290874518632e+00
-7.013927073409550239e+00
-6.973070208780998591e+00
-6.957507675179050111e+00
-6.792835790950049635e+00
-6.894909883913691750e+00
-7.022658499922917130e+00
-7.520409640714188271e+00
-7.872241534314347255e+00
-7.993823839494080374e+00
-7.920824045333988650e+00
-7.891096140007910265e+00
-7.750813542456943317e+00
-7.751178523218607452e+00
-7.856784966618362454e+00
-7.789779809848996095e+00
-7.501529813390993340e+00
-7.162933414775123353e+00
-7.101077559643279358e+00
-7.265332547695240173e+00
-7.875318104976166467e+00
-8.242081018821128424e+00
-8.336595486392043952e+00
-7.544744673161217996e+00
-5.902003679377269663e+00
-3.306224121933228677e+00
-3.213172871545417753e-01
2.654716094787407776e+00
5.185054045807565792e+00
7.024288762588324353e+00
8.125096000985154276e+00
8.455833396454170980e+00
8.329713397400654529e+00
7.878970146280294351e+00
7.371191706423632084e+00
7.233417677402179002e+00
7.610025048638959788e+00
8.129891056798982163e+00
8.401367659769297447e+00
8.379391037110739404e+00
8.139692220435666314e+00
7.839961310078813028e+00
7.750211616205215925e+00
8.161524085687128505e+00
8.903637991991740108e+00
9.480324254284271390e+00
9.515232103958314980e+00
9.314570959874675538e+00
9.266768427721356005e+00
9.468855128581036951e+00
9.889843064173357234e+00
1.033463885540402494e+01
1.047980166751887765e+01
1.010564339123382815e+01
9.393213765787720604e+00
9.154137414874107037e+00
9.779000976789578914e+00
1.076684890111332926e+01
1.108066732528111586e+01
1.014045819728299236e+01
7.796574935011010510e+00
3.998547259179685121e+00
-1.900249476136723903e-01
-3.147939227418861119e+00
-4.679268001935676047e+00
-5.548201601704838559e+00
-5.850335312619528771e+00
-5.799679545419542670e+00
-6.067800422110511960e+00
-6.506965532599046753e+00
-6.281417776164085254e+00
-5.803397829922810836e+00
-5.988634954993974802e+00
-6.648041281549057047e+00
-7.742822592607198295e+00
-8.532738132684103860e+00
-8.658262892392036392e+00
-7.479433172174791977e+00
-5.324801066135865568e+00
-3.169179301978672036e+00
-2.340247129810970605e+00
-3.303045505538591442e+00
-4.903494127499731015e+00
-6.563353945680892920e+00
-7.692078944209074898e+00
-7.732449103261687107e+00
-7.097219514628497095e+00
-6.453759995744987599e+00
-6.561657368586842232e+00
-6.921698604467962035e+00
-7.222212438706697490e+00
-7.127888954241002217e+00
-6.823431502255515646e+00
-6.346743293817475262e+00
-5.939106472864338571e+00
-6.309951817116783879e+00
-7.128108837715734225e+00
-7.390974476389147618e+00
-7.179862255323399722e+00
-6.956710419469749773e+00
-6.991056082791382131e+00
-6.954635428522928819e+00
-7.243488263702247743e+00
-7.817556212247063208e+00
-7.527148752736055215e+00
-5.850794960306457071e+00
-3.104081728287001241e+00
-1.343277278586185730e-03
3.188721814332621918e+00
5.855906612200121764e+00
7.599061912983738232e+00
8.622784653052240955e+00
9.217002746887818176e+00
9.516168404114246471e+00
9.481394075331255777e+00
9.217213348876290624e+00
8.946602417113661332e+00
8.829377229446270903e+00
8.932605833717303767e+00
9.226612904695851824e+00
9.590394750658299827e+00
9.883008520670477637e+00
1.002591726913203729e+01
9.913530332675781764e+00
9.676623696244346817e+00
9.481444581277090222e+00
9.460571763355169139e+00
9.412761202929944560e+00
9.397968147397920191e+00
9.554281257862085042e+00
9.822639443869180198e+00
1.000624761757245551e+01
1.020615224186152759e+01
1.038999150225350476e+01
1.030383606371968597e+01
9.992847547263156827e+00
9.749874426794399085e+00
9.597102389803799483e+00
9.628474143074582159e+00
9.918924979394930119e+00
1.013681439351271685e+01
9.917384875351981322e+00
9.104377743600361228e+00
7.523052323425961418e+00
5.070326012653828762e+00
2.204917821814973422e+00
-5.862450980479421148e-01
-3.034083327114384332e+00
-4.854324674498586845e+00
-5.786601424777674474e+00
-5.840755597231308549e+00
-5.628292750054146865e+00
-5.529303433923753452e+00
-5.568277257027122396e+00
-5.767788687005285020e+00
-6.404982528678768716e+00
-6.834583965617246015e+00
-6.931733854730912192e+00
-6.839625735676731821e+00
-7.135635934246663759e+00
-7.000283138837765762e+00
-6.807037400648805914e+00
-6.806951360266168649e+00
-6.971044802554657416e+00
-6.973501534751547659e+00
-6.746107964338178498e+00
-6.831460236150903143e+00
-7.058779315536807708e+00
-7.360504925247489894e+00
-7.326037803580332408e+00
-7.206171186391199690e+00
-7.068733570369231778e+00
-6.927639132296212310e+00
-6.963798039583901200e+00
-7.420842434956557376e+00
-7.840555779462415664e+00
-8.081231500705367665e+00
-7.829003357720436540e+00
-7.511687051802203641e+00
-7.166439480289533925e+00
-7.065279002099076777e+00
-7.314606999998746417e+00
-7.836456814385337921e+00
-8.159479439661053490e+00
-7.706612573675482025e+00
-6.463587886483821876e+00
-4.637029838957077210e+00
-2.501166412349256074e+00
-1.870319409314247228e-01
1.967821102413426892e+00
3.636961902402515712e+00
4.749767908135493322e+00
5.536608755056984243e+00
5.953197000157623542e+00
6.216849066377807986e+00
6.489390659863707000e+00
6.974267396863673696e+00
7.493122651747654572e+00
7.775803914185909882e+00
7.750073950151517010e+00
7.562664522008015311e+00
7.356655269800194574e+00
7.216149169922333684e+00
7.369607385578280656e+00
7.659193870423555595e+00
7.759294631197057868e+00
7.512420120675719737e+00
7.160274013713719299e+00
6.924484714037046906e+00
6.931536758569374790e+00
7.225861874020168329e+00
7.643418084458350137e+00
7.891846144170047594e+00
7.673434215318517104e+00
7.172136549035710296e+00
6.803060580755726505e+00
6.879439205915772071e+00
7.110745560801987608e+00
7.265448175107807494e+00
