-2.018885575761593998e+01
-2.018885575761593998e+01
-2.018885575761593998e+01
-2.018885575761593998e+01
-2.018885575761593998e+01
-2.018381948452705288e+01
-2.019256301419525812e+01
-2.045975639486609410e+01
-2.105014582095341424e+01
-2.146651616024700360e+01
-2.164771361515041193e+01
-2.180808835178062921e+01
-2.196347807363460802e+01
-2.193808737530233799e+01
-2.171406406803046707e+01
-2.140335640833592024e+01
-2.119518404462214889e+01
-2.119769449935334293e+01
-2.133894482218343214e+01
-2.140546408514260079e+01
-2.130660332762571585e+01
-2.106621504941055179e+01
-2.082107943101814129e+01
-2.072173965661963990e+01
-2.083359721099918360e+01
-2.098281830337350939e+01
-2.107949391426625496e+01
-2.104831588747234505e+01
-2.091691149490689838e+01
-2.081625248278094986e+01
-2.085633117881572929e+01
-2.100483230737404838e+01
-2.109475861769050553e+01
-2.102133312757035455e+01
-2.078485286760884776e+01
-2.050797636176270089e+01
-2.037800093500139909e+01
-2.044670063377660441e+01
-2.066280405006986953e+01
-2.084493058304839508e+01
-2.085171327722479617e+01
-2.076984658010040263e+01
-2.073699170439273942e+01
-2.084745485117758435e+01
-2.103475900445397784e+01
-2.112737051713380865e+01
-2.094398754023895393e+01
-2.054622543667237267e+01
-2.015383019938623477e+01
-2.004422486480307697e+01
-2.035780250956063142e+01
-2.095544780016522424e+01
-2.129643841623644818e+01
-2.109488030522969382e+01
-2.049113779229014298e+01
-1.985663832026241593e+01
-1.961746441044535416e+01
-2.003299857788272220e+01
-2.091764479662638365e+01
-2.142052688965836538e+01
-2.058382123838810074e+01
-1.795377789071059738e+01
-1.354818611690529195e+01
-7.727485408140799095e+00
-1.048125924735638037e+00
5.856173957533335361e+00
1.237156993968054053e+01
1.807441806684484575e+01
2.277544512084874029e+01
2.628072556077731292e+01
2.827339350188757905e+01
2.903893806709426073e+01
2.938495600769443072e+01
2.941869068273735977e+01
2.993231762981447730e+01
3.116870322801588244e+01
3.231998851888341306e+01
3.282315192141828675e+01
3.297766529964334126e+01
3.330938816749926445e+01
3.375498056997704310e+01
3.450671525738901124e+01
3.536974517390509476e+01
3.574964741775190191e+01
3.507089473408674962e+01
3.334411070756383566e+01
3.118282262302246366e+01
2.930087688400163870e+01
2.816831988336902270e+01
2.816049372222909852e+01
2.874421039871443284e+01
2.920866789100795913e+01
2.927361157466843622e+01
2.886727713982764598e+01
2.858694289671919364e+01
2.867766632607374788e+01
2.905661458710696721e+01
2.947546353894885129e+01
2.979039365116413052e+01
2.977867613734969865e+01
2.938021743124844321e+01
2.903621716323104351e+01
2.916765450801883830e+01
2.954755127914193835e+01
2.992623066910240937e+01
3.000933091402463049e+01
2.993774572745598306e+01
2.978758214880055988e+01
2.983799122551159755e+01
3.022174297869755222e+01
3.074917467205270327e+01
3.103892286914934218e+01
3.090847079056827340e+01
3.052062948635145290e+01
3.017072163302983512e+01
3.017440537828902336e+01
3.052242652831740344e+01
3.097754326245864931e+01
3.112177629723091243e+01
3.082514211596859965e+01
3.024301789818709452e+01
3.010595443057708209e+01
3.094528461646849493e+01
3.289691701656868617e+01
3.523877347152959771e+01
3.721120315162045955e+01
3.803862480790359513e+01
3.739948668795932463e+01
3.573485174615640858e+01
3.426256206890892031e+01
3.408886992879246947e+01
3.526102194118148248e+01
3.752740099408880070e+01
4.006633671559579568e+01
4.185114352917522496e+01
4.235178835366227901e+01
4.190217493946931882e+01
4.110720575458898196e+01
4.078972448262471318e+01
4.136153811518553169e+01
4.251052535558543610e+01
4.310951534135254093e+01
4.186150023954282773e+01
3.788991883172224107e+01
3.102180360445452223e+01
2.210908190186442113e+01
1.258404662326801038e+01
4.299391238756523848e+00
-1.548368682663652462e+00
-4.780700169050071224e+00
-5.830942872074357020e+00
-5.981936421341520038e+00
-6.179852662738690050e+00
-7.262160116800207454e+00
-8.566302855409858807e+00
-9.780477165148523611e+00
-1.052567872564727303e+01
-1.091156518594330471e+01
-1.076039678185791892e+01
-1.055674241266699731e+01
-1.091655380122220187e+01
-1.165888385902554347e+01
-1.248306674220289381e+01
-1.322517116811983229e+01
-1.376589164603315218e+01
-1.385546337902144565e+01
-1.381217370088917917e+01
-1.396377199596588348e+01
-1.418667250899343557e+01
-1.434523926563351637e+01
-1.457949540080475259e+01
-1.484569240347713759e+01
-1.501161187655344520e+01
-1.531438433700978052e+01
-1.577754077160671820e+01
-1.623318052232977138e+01
-1.639134524230298950e+01
-1.626345102878454441e+01
-1.593651316343670565e+01
-1.560351290579041716e+01
-1.549048801539161424e+01
-1.568775987963801377e+01
-1.618991385365105984e+01
-1.671918885519121289e+01
-1.697854048940997984e+01
-1.696143200441920484e+01
-1.684276936455041351e+01
-1.681541207769095436e+01
-1.692305899617564080e+01
-1.715477983037629173e+01
-1.737063838167618357e+01
-1.746380667654969798e+01
-1.744236837860703559e+01
-1.742311642097125812e+01
-1.752165149187737114e+01
-1.771886809866121482e+01
-1.793402428931135617e+01
-1.807655338543801449e+01
-1.806182682028113362e+01
-1.789894334891186745e+01
-1.771399032183031252e+01
-1.766769359940757411e+01
-1.778131066253270376e+01
-1.794984564474965083e+01
-1.803815752876639422e+01
-1.799455772791869279e+01
-1.787864660828766361e+01
-1.778841796297715305e+01
-1.779202685347520330e+01
-1.788346660389332499e+01
-1.799397039282308697e+01
-1.803209007856850121e+01
-1.796552240680766843e+01
-1.787137716158625622e+01
-1.783337259085875459e+01
-1.783843409591199247e+01
-1.785790127946764017e+01
-1.786533045639572492e+01
-1.785917223969998702e+01
-1.782342001400827769e+01
-1.782081251291080903e+01
-1.794557094528673602e+01
-1.813655085013754231e+01
-1.823836535951743087e+01
-1.816828100984542971e+01
-1.800483952697667078e+01
-1.781422178722933580e+01
-1.771550395554619683e+01
-1.781579801919138362e+01
-1.804471643224350430e+01
-1.822547193506503760e+01
-1.825741697947885811e+01
-1.812404499495543675e+01
-1.791136915901563142e+01
-1.778674906541329648e+01
-1.783053486374084429e+01
-1.797237803298618886e+01
-1.809349392154335234e+01
-1.807381104428312923e+01
-1.787949570379405628e+01
-1.765708359465300248e+01
-1.756460777407872342e+01
-1.764478028669082477e+01
-1.782366242472918927e+01
-1.802268316473404042e+01
-1.811186144363178485e+01
-1.805397844307430688e+01
-1.795673916314971663e+01
-1.794746154756824197e+01
-1.805796377303612488e+01
-1.817769500723053255e+01
-1.820616040347502107e+01
-1.809339478298797488e+01
-1.795046453220316707e+01
-1.789582187456086615e+01
-1.797554607046949471e+01
-1.811371472518223413e+01
-1.820121240884287417e+01
-1.814327150894077789e+01
-1.799200239126889755e+01
-1.786291325396587482e+01
-1.788588424787822717e+01
-1.805346283194249679e+01
-1.822963189125692907e+01
-1.825431385102380588e+01
-1.810195633108929769e+01
-1.788682806742118814e+01
-1.775417083497562842e+01
-1.783017723634098317e+01
-1.809473070504532188e+01
-1.834674122929553519e+01
-1.834962796362755100e+01
-1.807400808466535125e+01
-1.775615291113265570e+01
-1.769300511633884199e+01
-1.793296375886465555e+01
-1.829261898075897719e+01
-1.847862665358284673e+01
-1.829062814488636235e+01
-1.782642225574853967e+01
-1.750701531186531312e+01
-1.771682106155305547e+01
-1.837408946629734530e+01
-1.882562241272615111e+01
-1.811900426866466773e+01
-1.539240584520114830e+01
-1.054104795669910288e+01
-4.054260644610689468e+00
2.928542594393361398e+00
9.259861400748608418e+00
1.457597014370498023e+01
1.913160560961341616e+01
2.336795420645511356e+01
2.706230397822014666e+01
3.048587744087161155e+01
3.264721879688841710e+01
3.295565007332350405e+01
3.168747194617114360e+01
2.992298681866188304e+01
2.847576717401535973e+01
2.794484301523734615e+01
2.890471529963843267e+01
3.046610162444160252e+01
3.187393574837470922e+01
3.250077054958080680e+01
3.264096529261835400e+01
3.218563692555376576e+01
3.167844616650566536e+01
3.134294867815755126e+01
3.118899616084378579e+01
3.091318466435732049e+01
3.064998534381862072e+01
3.067846688943505029e+01
3.101933109665699817e+01
3.191818603938084919e+01
3.318968300421482098e+01
3.429944565117003208e+01
