19.666111814859100093
19.210630689570784568
18.842784201229733299
18.635891309446584785
18.616834600499025498
18.760360935590867371
18.998565273950084986
19.243752217976641816
19.416182865356031328
19.468022994221431787
19.395693660065152386
19.237139838755958010
19.055730117927975442
18.916863631716616112
18.865749210757741139
18.913697856057318347
19.037153492007686140
19.188614570433802697
19.314814888648900393
19.374944710965998240
19.352686027159126780
19.258263294888433137
19.121175153747518749
18.977277221257391915
18.856055255243841628
18.772747816023386491
18.727897246126136821
18.713068022596679896
18.719367756150226967
18.744019417017106832
18.791960389777752738
18.871557184741412527
18.986954765417650037
19.130869268656063298
19.282120693697187619
19.409702958855493904
19.482719971858386998
19.482191627506086462
19.410001543863430129
19.290540383820353298
19.163860492316018735
19.072107609637157566
19.044421004180179580
19.085923149711224056
19.175600575691159833
19.274027463152133777
19.338522949554715069
19.339775813000056104
19.273715849718936255
19.163591958731256426
19.051470090045643957
18.981997048413340679
18.984900402897856964
19.062799334674714657
19.189454088491316952
19.319058071388766962
19.403391533601638486
19.410035981055298038
19.334890792135528415
19.203877445402927293
19.063398576951094299
18.962946480900818358
18.936801330166719737
18.991569075102184172
19.104534055566094963
19.233072114273142006
19.331613488533267997
19.369249314690247132
19.341424211789806975
19.271008050438087622
19.198719095127785295
19.166460227533427485
19.200322452587577970
19.299521560464675929
19.435693667894241798
19.562467973095106544
19.631914033944994458
19.611498348848289908
19.495730061590986537
19.308316827809740346
19.094739677096704611
18.907981993396656861
18.792765479102715886
18.773112555218986586
18.846887323715456830
18.987742956195216237
19.153085448331367502
19.294836406573196541
19.370533475252724287
19.352915658010097388
19.238058218399952892
19.052178331230354758
18.857338704204988034
18.754382416262718181
18.880693372237953298
19.399488038604253859
20.479293720447003579
22.264663641988210685
24.843428906079218166
28.218120913824165541
32.290515716112452083
36.865479779932357474
41.676076952246589258
46.425306334212521620
50.835222903007100115
54.691127353772579056
57.870346105450671814
60.349234545367856697
62.189169167590677034
63.507827856974657266
64.446162451104754609
65.140652622266188132
65.707299096014438078
66.237676554026762687
66.802879073756301409
67.458120447490998117
68.242398943997514493
69.171115734170712130
70.225273587671281916
71.344094521511010498
72.428929703594334910
73.362266834427089179
74.039921641722912682
74.407307160755195241
74.487241337825906839
74.386872410546686751
74.277659326108633309
74.350917236007887823
74.761303920395590694
75.575843457422010374
76.746416091739092735
78.116335585194207169
79.461044668886913200
80.550625395350408553
81.214387898704174518
81.386081804566671849
81.115292648112372831
80.541890443156233914
79.844053714855363069
79.179215518607492186
78.639969862712632676
78.240253853856728483
77.935481934505958179
77.666012484533609950
77.404023190219717776
77.181274393325992378
77.082824374568176040
77.204892814061722106
77.591042020190457151
78.171377526088519971
78.732234648847580161
78.934969386858071516
78.386676664239658407
76.746103960360258611
73.833837939648759630
69.710334465462196363
64.693255730156423056
59.302692575381641404
54.145926022243273223
49.772634078076272601
46.542439357422324520
44.543388239651100946
43.585358488039133817
43.269050082726124629
43.108856805121178013
42.671640744157194547
41.690496450819075847
40.121486968959551689
38.130906609167560362
36.022057779386550180
34.128924951696028245
32.711656229423070386
31.885730963326750498
31.602745616975234100
31.683291376781316018
31.885376101648674307
31.982859342219754240
31.827640186684472923
31.378337794295816821
30.690916115485940452
29.880432174502058018
29.071014549182660147
28.353200876969566480
27.761856863681895646
27.279066986080870549
26.856168155252603924
26.443357568255414947
26.013667240602465824
25.572674678056024788
25.151697046838627614
24.789715894562942111
24.512879321833430879
24.321072762615138174
24.186765963356126719
24.066264905606132629
23.917736261200946757
23.718317023358494566
23.472848625238473375
23.211069853121390594
22.974471647466010893
22.798717875315368531
22.698625914754753552
22.661950560437599478
22.653971323360867274
22.631035091245340851
22.557219024295317666
22.417774479529253284
22.223987983718238581
22.008142479938939573
21.810616779609613758
21.664597994171153061
21.584029170324335212
21.559427700784222992
21.562492205271787782
21.557575740892634286
21.515134791424255667
21.422327733585962761
21.286782584650758565
21.132835122696768337
20.991832474464864333
20.890645199738241189
20.842357908692299873
20.842520134858784076
20.871584054159338706
20.902439547633839823
20.909796194199252284
20.878358703102239957
20.806967561196316296
20.708015798267620511
20.602546219003176731
20.513221511588017876
20.457207195704871339
20.441246305645361048
20.459785304804011474
20.496615599339953917
20.529105718263828351
20.534174852026279012
20.494371874613186435
20.403008413044641856
20.266871941569672089
20.105940389941842739
19.949474994357991875
19.829219885946272939
19.770770745111043709
19.785551331313612877
19.865598697927993044
19.983527520599345451
20.098237263538699438
20.165705981465301022
20.151821246641969054
20.043624531155547430
19.854832740538178371
19.623527473352826433
19.401814934104773869
19.240568552604202068
19.173777272871813437
19.208028987728436476
19.320656961033368049
19.467752026493652551
19.599262279241258966
19.676298788777177862
19.684275504295019488
19.637364109223693021
19.572264562626173756
19.533696399652292541
19.556602637704134651
19.651916181227196745
19.801034658788136511
19.961533164083373748
20.081970061400802763
20.120718478114778094
20.061623683727507483
19.920853316099375263
19.741959572120261868
19.581017875691006935
19.486879977219086157
19.483956187567041951
19.563558601066151965
19.687256735096337223
19.800810453188070426
19.853915428317783665
19.818392552287953379
19.698568508837517754
19.529942510432015013
19.366969798129705538
19.264128353469963884
19.257213827437489329
19.351041425535150609
19.517816013912892004
19.706111638365410244
19.857299290741462272
19.923448433691365977
19.881116934097413207
19.736738535447468479
19.522895771575083046
19.287279448209151411
19.078688713598683790
18.934290734741406226
18.871765698339530104
18.887419130602051354
18.959831371721968196
19.056772063824286789
19.143317435059643117
19.189151052077715320
19.174411284875578332
19.093635041012376519
18.957966276200767908
18.795024062881996230
18.645900618111003411
18.558401506307234285
18.576840110548765495
18.729742520895708680
19.018644052083885754
19.411688574274599262
19.845454212747377198
20.236322757730263788
20.499681749055330471
20.572442420826170917
20.431879441443136614
20.105437563108974786
