15.421946740335492620
15.365196662198142619
14.681914818873345041
13.666162876372998980
12.657411469597855458
11.940007914673564926
11.669923033717285676
11.848931901742759010
12.347464811622819170
12.963300400954846481
13.493085832615408393
13.792836432417745485
13.810450383661773799
13.584765898036064158
13.217660341138653735
12.833194211577652055
12.539727241145001813
12.406270198279019112
12.457030003071416502
12.680033037782333594
13.041600589739161364
13.497953203066277439
13.999572479618718646
14.489024826535244372
14.897899606008701667
15.149219466503362597
15.169588115454233801
14.909608114814107083
14.366228586883698526
13.597178615153422854
12.719257687967628456
11.886807911714255326
11.254541438031251843
10.935042724197373332
10.965104654878748747
11.292827986378886962
11.791591542705189610
12.297501269874782537
12.659146597396537359
12.783301905633278395
12.661646441423696885
12.369253826854116340
12.035651057595925906
11.798117322614178448
11.753502328337702920
11.924798830305020303
12.254063646148482647
12.623612269939236796
12.898159267724677690
12.972890318878773641
12.811041697519879534
12.457790219255214126
12.026018589870611564
11.658670905877940527
11.480877277196329445
11.557856656038245191
11.872998370639908927
12.333024792067762476
12.798463223165429170
13.128680522537651498
13.226563638657946598
13.067799356779973508
12.705665396296405234
12.250103345669032251
11.829017959851659825
11.545055378344121877
11.442920428764534080
11.497946901295639677
11.629752964918273150
11.735630262233238241
11.732034057133736482
11.589167876560349413
11.346446819792529226
11.102557261670703781
10.983057577488134271
11.095787333664112850
11.489402701512030802
12.129253999057670654
12.899948590645568203
13.634711289922226030
14.163207436903153535
14.362541661103147561
14.195204232181664494
13.721121909426491570
13.079791547578370370
12.447743643009616221
11.985330721668612242
11.789956523120686427
11.871335647015701653
12.156499495435774350
12.522762316646328884
12.846822454166908045
13.053171088533275679
13.144667265309646353
13.204802005621136374
13.370441006613166479
13.784624099742915249
14.545428207211680061
15.668817969436702242
17.078011001563790927
18.623186975336508908
20.124338362727069551
21.422723460309200050
22.423212173406277259
23.113996061706703955
23.557964388962481905
23.860730795213132893
24.127808270744747432
24.427181909268437465
24.770152504359487011
25.116340996595983626
25.398805479735539592
25.558253264178905084
25.571854587275780091
25.465504636478772937
25.304992594137193151
25.170793129903557883
25.127266491957154670
25.199592819299834190
25.367691317244830174
25.579473523693359027
25.776840875113418150
25.922695356221911567
26.016040804524301677
26.087735852344600573
26.177396448199864665
26.301179232606980207
26.424697601476708542
26.455079661331087237
26.258814455947025124
25.702305095411855262
24.701646400223019384
23.263443090299478655
21.499600818196160645
19.608060959856977945
17.823160706858693914
16.351416072768834908
15.314203801469950861
14.717723514342651470
14.460742142433756996
14.377564258143788578
14.300181132685519714
14.116906715398721772
13.805589652237626908
13.429694001803122561
13.099315674021903888
12.913432551683754923
12.906751567412873882
13.023645181151904282
13.130889840738245056
13.066303234032140779
12.705367720509096685
12.020459463680280621
11.108335027964731268
10.173037984949269585
9.467134395385878420
9.210444534770108049
9.513970908303088336
10.336329316708306791
11.488560497457923404
12.686965179413775218
13.636372793345611143
14.116410074203502134
14.042267644027441875
13.481494867390590997
12.623491772807918565
11.715047237926015100
10.985318440702725340
10.585782292131561633
10.562531506210088850
10.865551640073164208
11.385377601447508766
11.999355953940172625
12.608333727680715697
13.151983449650172631
13.601457869508505993
13.939013741710569505
14.138883824634403297
14.162261523775294236
13.970595405781798704
13.551611510897780377
12.944107788548185667
12.246693328491714325
11.600972809413084619
11.151279326821061488
10.993948153590689998
11.136476667263032425
11.484975068537158549
11.869261824927663795
12.099866220205866441
12.038101079340746580
11.652702324639138354
11.040057654358754746
10.396987294938746516
9.953345794712358696
9.887317774710922436
10.254989905855495635
10.961600571141646654
11.787902978505668372
12.464131612712179731
12.766108215334623921
12.598000397693668972
12.030494895586489434
11.278421582610757667
10.624810969958240037
10.318279122263136927
10.481913180492050230
11.067780073550437692
11.875090915936281633
12.625675697372262363
13.069046967966089667
13.077097544924772166
12.692391866899603414
12.110761639670275969
11.604427779700898782
11.414366939040606397
11.653522775478689866
12.258466120609330829
13.009577570578933603
13.613141391823500470
13.815132096061701006
13.502983675466706970
12.755778453216272794
11.821721505424619636
11.029810808610735151
10.667583685186642128
10.871199672999983576
11.570055108560778123
12.508896335810275602
13.340889545861084997
13.758445380268765845
13.612839231812818852
12.977129213446222167
12.126519595374659843
11.441207413422560535
11.265400410484058824
11.773985168136295698
12.896321892418916022
14.327382842883672254
15.624659528763279681
16.358565516909546744
16.263573611702106803
15.336709597602323996
13.847520253062002737
12.255110724392467958
11.059910397409264959
10.641117277481889403
11.134948317165164866
12.394683882565061595
14.044194178452238830
15.604860987522076954
16.650721416635956729
16.938998818161529414
16.473077191097054595
15.480454594358171505
14.317713874088124015
13.339606329737794255
12.779263646925617337
12.680552435179693660
12.902470452179217730
13.189493691073025161
13.278330400357084784
13.000850009513168715
12.346120442915225368
11.461663286426812647
10.596310135823129528
10.008232184331749437
9.872326905878743730
10.220060112055209700
10.931153178754446031
11.777818555840866566
12.503465503249897139
12.907514476232480050
12.907149046981977847
12.557068854509733313
12.023193179192787738
11.522307058703100680
11.249315068395070227
11.316407614673856585
11.721944302238874513
12.356343895042602554
13.039711422396846885
13.577552841211065981
13.816832505736503123
13.687274486095923010
13.218302014977814096
12.530030387510549872
11.802646616675978919
11.233127612415545471
10.989096442718459201
11.169533440256477874
11.779696483144983077
12.725736684458881953
13.830993928320706843
14.872810013585237243
15.633732834313232019
15.957015714631779701
15.792542138836955345
15.219540163950632916
14.435784400774009484
13.711507275023354424
13.316186474150619290
13.436719604026604813
14.110614270826250305
15.196981061488504139
16.398648218219033623
17.334533177162349205
17.644884944102901869
17.100292351339327013
15.681166446339176446
13.601464413475827797
11.265719842248012483
9.168861489924958974
7.766146968036467868
7.350883864260265632
7.976035397324735321
9.442919564166066593
11.360139031682855659
13.254044878261517226
14.698162870222077458
