-1.385140424911341128e+01
-1.385140424911341128e+01
-1.385140424911341128e+01
-1.290061309136933687e+01
-1.032606317197303447e+01
-8.271130180537268117e+00
-7.301205792663409966e+00
-7.659722479299640341e+00
-7.576132426881147630e+00
-8.410399127343277215e+00
-8.668524109747634654e+00
-7.961685830521537888e+00
-5.737513572318954758e+00
-5.319774020484586252e+00
-6.468266480839246491e+00
-6.998778394255730895e+00
-9.370496037211990981e+00
-1.070043127244783854e+01
-1.042463610767583049e+01
-1.191726221296714705e+01
-1.091735959913710019e+01
-1.055368756823264142e+01
-9.927710780215818431e+00
-9.401958058138440322e+00
-9.071303638268785718e+00
-8.631346904211023130e+00
-8.701621347130883422e+00
-9.912599431544993678e+00
-1.299529024463591576e+01
-1.578098270787599056e+01
-1.635432582157444514e+01
-1.631649752133970210e+01
-1.549881068052350308e+01
-1.258310439068926989e+01
-8.877865216516434899e+00
-6.707016911380099700e+00
-6.281226620589323240e+00
-7.304779366049349854e+00
-1.002582565010842330e+01
-1.034424597491565301e+01
-9.571706661371909064e+00
-8.808741938638600999e+00
-6.975368756108399459e+00
-4.738887445774765617e+00
-4.939744556464801484e+00
-7.903973441996104299e+00
-1.034905581322470347e+01
-1.171981376104077555e+01
-1.304241215620847072e+01
-1.144646983086167857e+01
-8.444956648118203901e+00
-6.176949354753122456e+00
-4.720472055270814593e+00
-4.990417358577182938e+00
-6.824860975077080560e+00
-7.963023747963605459e+00
-8.895940761770855687e+00
-7.558479362230903220e+00
-3.945048609180876742e+00
-1.417422676704676920e+00
8.092799207866994138e-01
2.963766481758018045e+00
5.149393834974437034e+00
6.484216215394765115e+00
7.907852376095337199e+00
1.049587536433634938e+01
1.234063295296453511e+01
1.241101457227236615e+01
1.308142096603993387e+01
1.368082002645487627e+01
1.486316658518889078e+01
1.496134625471382940e+01
1.471646268074805164e+01
1.520345994967590286e+01
1.404314026748724054e+01
1.251023473667850716e+01
1.264035524920683251e+01
1.327442345384526590e+01
1.399339095130849486e+01
1.466665920464851958e+01
1.480894923774409655e+01
1.462266467193042807e+01
1.440650823648548240e+01
1.409388003592076899e+01
1.329768251275392643e+01
1.349106205347477783e+01
1.444271306478217909e+01
1.489557840125439725e+01
1.372727097090414361e+01
1.372945658767905819e+01
1.413657972455727396e+01
1.363820066172405987e+01
1.164009782196996490e+01
1.083873439888220247e+01
1.029864851305756268e+01
8.098572155345204138e+00
6.000119014225329117e+00
4.708193549338392181e+00
3.779181765987734032e+00
3.063170760158925532e+00
1.465058226220018245e+00
-1.223605245325705138e+00
-3.570924279843465943e+00
-5.954127315569676782e+00
-7.729439397459048067e+00
-8.469081527077408467e+00
-7.196985139247010999e+00
-6.875251044177710824e+00
-8.008551556967008267e+00
-8.628676134640841155e+00
-8.911155692090012792e+00
-1.014084399697761008e+01
-1.030792691815341833e+01
-9.960556414246841683e+00
-9.241982893299820034e+00
-8.667277627363167980e+00
-9.288105415503398632e+00
-8.809853998032391331e+00
-9.033248612428748103e+00
-9.476053704777392284e+00
-9.637411852687188585e+00
-9.832040665457837392e+00
-9.804039043483777860e+00
-9.637223764964092609e+00
-8.502753536298715886e+00
-9.824521463871798588e+00
-1.086722187501576364e+01
-1.248935616642774882e+01
-1.265037567181986056e+01
-1.166753238356825229e+01
-1.045642394813564380e+01
-8.856433045059086240e+00
-7.818465988059833727e+00
-7.554246324214227926e+00
-8.292046176382891431e+00
-7.450149463044489551e+00
-5.967936221912482075e+00
-3.593626507927021763e+00
-1.041781465831554510e+00
2.468918944302534335e+00
3.405508241640186728e+00
4.040693656050458493e+00
4.836713595745296246e+00
6.283975201539459654e+00
8.241192171741950290e+00
9.954557915162288495e+00
1.115221918422078851e+01
1.312388253634775381e+01
1.367273110718755902e+01
1.414021798885369208e+01
1.466193002851247229e+01
1.490119408579666604e+01
1.539403250127280742e+01
1.532080464485940396e+01
1.483816930129363598e+01
1.473549252722161818e+01
1.500743541956440374e+01
1.490310571327045608e+01
1.616415314905989931e+01
1.707567844247224897e+01
1.679901260402838403e+01
1.577738141313060716e+01
1.566995123337198947e+01
1.526030614479871339e+01
1.526083606222224454e+01
1.663555716235676130e+01
1.599611427863930579e+01
1.561437887914870615e+01
1.552346974148598413e+01
1.538801842285841381e+01
1.577362001813251524e+01
1.593812851820919363e+01
1.705476189030181189e+01
1.666270356225800242e+01
1.533885520135897984e+01
1.463099337294732649e+01
1.379937188659117808e+01
1.150382314835735187e+01
1.008042787545679886e+01
8.048142513642371654e+00
4.574802864040949046e+00
1.360527072774132096e+00
-2.089945618786557713e+00
-4.440878898946223785e+00
-6.209853391054148020e+00
-7.063919384003931157e+00
-8.066111629647116033e+00
-8.810873759589638254e+00
-7.466234006663968970e+00
-5.139797840476520108e+00
-4.655928343872894004e+00
-4.800089997949278597e+00
-7.166767770314716124e+00
-9.886975170476254959e+00
-1.165975250626125792e+01
-1.258054391506115266e+01
-1.244828602713685051e+01
-9.839194636410415029e+00
-7.831325066819078806e+00
-8.643101526442093174e+00
-9.818372516333781164e+00
-1.103627634393051515e+01
-1.138514665302162499e+01
-1.112344194821902654e+01
-8.780660842819674627e+00
-6.343248553090208297e+00
-5.272793473529535646e+00
-5.391042190523236854e+00
-5.970419479872745683e+00
-8.242636978601240116e+00
-8.843471960209775773e+00
-7.278423244034711637e+00
-5.155307035994376008e+00
-1.612376789942875588e+00
2.078798320159974455e+00
5.377661454760721327e+00
7.042881000892302623e+00
8.102843740961947816e+00
8.390335253255242876e+00
9.339416019363051547e+00
1.094417852737730001e+01
1.122155925680200994e+01
1.212057430857029772e+01
1.306110940453304714e+01
1.416411251188633713e+01
1.413339930033115266e+01
1.484209298846455027e+01
1.567619555201533110e+01
1.607488942707450974e+01
1.643004136290052841e+01
1.666430926946587121e+01
1.650735204451892812e+01
1.649058264181943656e+01
1.664113478763605514e+01
1.733644189664206081e+01
1.704107918358323204e+01
1.731713285346957321e+01
1.739454670441122985e+01
1.722017882876757611e+01
1.731455173893324684e+01
1.783876495600217638e+01
1.819794189043503962e+01
1.818370215069032980e+01
1.827066157687047010e+01
1.850956441565854149e+01
1.794125919130961222e+01
1.770161690971798052e+01
1.674516225281988113e+01
1.692156602701379242e+01
1.828328898868741348e+01
1.817801626709664831e+01
1.757353211565254725e+01
1.764313498116380785e+01
1.709462509019569509e+01
1.549176785471497553e+01
1.491929272749438873e+01
1.410501819059189543e+01
1.274343707764643696e+01
1.030662663000299339e+01
7.754994373249879835e+00
5.838909117219211353e+00
2.808674704278833367e+00
3.283937447638294316e-01
-1.566320194044264591e+00
-1.617732681393638794e+00
-2.154606473827064939e+00
-2.369476021831561141e+00
-2.807539095690439801e+00
-3.536863957368902689e+00
-3.625228073662472461e+00
-4.574392576899365181e+00
-5.974419988554541483e+00
-7.155982741507547651e+00
-7.803213032911088476e+00
-8.492433182810561476e+00
-9.050151734384799695e+00
-9.283146005116863719e+00
-9.233672480230442403e+00
-8.754227035201543217e+00
-9.219455501305334977e+00
-9.044489253551805774e+00
-8.916809858485045481e+00
-9.115822457768153697e+00
-8.885992819470761361e+00
-8.709268620090540480e+00
-8.511761244611880883e+00
-7.798658820909517786e+00
-6.427126713786250001e+00
-5.560858509802260485e+00
-5.462926625399718183e+00
-5.022972554588755578e+00
-5.498673888772464657e+00
-5.916156399148400524e+00
-6.851904976483496057e+00
-7.822725499241160563e+00
-8.834609388531911023e+00
-9.768909330080937536e+00
-9.018549451890494950e+00
-8.638789542207367944e+00
-7.863492476497524919e+00
-7.739640917440772760e+00
-8.282688528332487365e+00
-9.285566303528524301e+00
-9.436708484338366176e+00
-9.537755908795661597e+00
-9.365131667065870857e+00
-8.751625629922454408e+00
-8.014735266551005211e+00
-7.904859395469135741e+00
-7.784378196691748464e+00
-7.642868773328619802e+00
-7.605291687356896091e+00
-7.244336453488640970e+00
-6.657131856961663097e+00
-6.796247671215779995e+00
-7.166343413002183915e+00
-7.800541684963690159e+00
