-1.455881729796664281e+01
-1.455881729796664281e+01
-1.455881729796664281e+01
-1.455881729796664281e+01
-1.455881729796664281e+01
-1.455881729796664281e+01
-1.455881729796664281e+01
-1.455881729796664281e+01
-1.455881729796664281e+01
-1.455881729796664281e+01
-1.455881729796664281e+01
-1.455881729796664281e+01
-1.455881729796664281e+01
-1.432240962890557334e+01
-1.374858425457578726e+01
-1.367904995157515380e+01
-1.424662231979095317e+01
-1.483848668168708507e+01
-1.486216844036986195e+01
-1.451591050175580300e+01
-1.407294496495249092e+01
-1.399924009329665076e+01
-1.428708769003789669e+01
-1.469751638409639760e+01
-1.501161636623839613e+01
-1.503980874769037079e+01
-1.473711352756804338e+01
-1.431047941678800939e+01
-1.423121743170321452e+01
-1.442562894410182039e+01
-1.454600088620520637e+01
-1.445161507200135809e+01
-1.425084093965135423e+01
-1.402300868805382628e+01
-1.396924031692447521e+01
-1.416782447485812213e+01
-1.461865529195123692e+01
-1.499695895415558944e+01
-1.497702570008700640e+01
-1.456492374637073084e+01
-1.405858924842818780e+01
-1.376493461051698652e+01
-1.369313173880950707e+01
-1.382985784749331870e+01
-1.407442584728001300e+01
-1.429010383121273975e+01
-1.437116274165773966e+01
-1.452899180133143808e+01
-1.482329677750974106e+01
-1.514787448431299310e+01
-1.524271133505021680e+01
-1.510640756462659162e+01
-1.476888903747444104e+01
-1.455255814993785890e+01
-1.462396209737234187e+01
-1.498149468141861007e+01
-1.549243192962143389e+01
-1.571942574900778311e+01
-1.543706004439061985e+01
-1.472215214993017440e+01
-1.411953702161396862e+01
-1.410531353416608447e+01
-1.461971175143654200e+01
-1.542710262748443029e+01
-1.603080825985036029e+01
-1.598811316382282399e+01
-1.530198230572040430e+01
-1.447349576093354884e+01
-1.411243933573801534e+01
-1.440217458681192042e+01
-1.502819882348645741e+01
-1.543688643413836381e+01
-1.536423160686113221e+01
-1.477061869079816958e+01
-1.418615832594140080e+01
-1.414954397592537916e+01
-1.491852399992479405e+01
-1.595336068432010990e+01
-1.655967845586435416e+01
-1.610107011135960420e+01
-1.462736134979873270e+01
-1.259552780977544195e+01
-1.053005425750714430e+01
-9.095548312471965602e+00
-8.156308336277053428e+00
-7.300904290926571782e+00
-5.885778378673880873e+00
-3.770620674969601183e+00
-1.554307804921883029e+00
2.416387517207461699e-01
1.560939984630675070e+00
2.412295954025916345e+00
3.403515101039595425e+00
6.132347189986987246e+00
1.025907188041211349e+01
1.511994424128027603e+01
1.992740530791373743e+01
2.311023342059780816e+01
2.494667705272029323e+01
2.494337415463570196e+01
2.469929533887687612e+01
2.548677867871173319e+01
2.717270613601650808e+01
2.986063794358402745e+01
3.241573620049930327e+01
3.423113460160009680e+01
3.397875950632687392e+01
3.278298419872137970e+01
3.122357256600682973e+01
2.920851518216363374e+01
2.879022312391336058e+01
2.963204847989088009e+01
3.095445909581267685e+01
3.283246782669919384e+01
3.447350411153739458e+01
3.513024655956287745e+01
3.544894425629156132e+01
3.428072115337956660e+01
3.366468505631703323e+01
3.311473296886394024e+01
3.250226011461575837e+01
3.309449416661206556e+01
3.422560597757609457e+01
3.538124315647684170e+01
3.593892822534893838e+01
3.601198293025676378e+01
3.493064885832261979e+01
3.369888645402568272e+01
3.245765921350764671e+01
3.217433956364868664e+01
3.366048617480792160e+01
3.469888086239386382e+01
3.496122646189116523e+01
3.523643678484670971e+01
3.418492558145335636e+01
3.207922366364851996e+01
3.167815474267274567e+01
3.345141208150356960e+01
3.557952094916802821e+01
3.811611336653299986e+01
3.960681423959904635e+01
3.904135807491596921e+01
3.603155451989280067e+01
3.273489844867827259e+01
3.089850611362045640e+01
3.127152719618343468e+01
3.300594316749398871e+01
3.524003857139136642e+01
3.712006279223763272e+01
3.619666114568957482e+01
3.378824986174743117e+01
3.152739645313101846e+01
3.011415546169389401e+01
3.047636236399877419e+01
3.184334737101558233e+01
3.433385565814677420e+01
3.505924611805093605e+01
3.383787798641196076e+01
3.294922971884625440e+01
3.191530784854378666e+01
3.145590590606053638e+01
3.242794181490297944e+01
3.500389440582721079e+01
3.677762742845082045e+01
3.689903342366120143e+01
3.644082594433286459e+01
3.392794021295647156e+01
2.989136266523353669e+01
2.478286741878147126e+01
1.935481270350276617e+01
1.379666424989047613e+01
8.063139764980157054e+00
3.812291416672962896e+00
3.049736968966222372e-01
-2.082810419689303139e+00
-3.935373701984818506e+00
-5.365815396305229079e+00
-6.567535307470607542e+00
-7.811203892458479459e+00
-8.789629179148432669e+00
-9.469577317904542824e+00
-1.003248389529270312e+01
-1.063034071925637569e+01
-1.146853597869607810e+01
-1.255167731258226205e+01
-1.360249628677728140e+01
-1.438365284601884575e+01
-1.479467723775354493e+01
-1.486329506633890851e+01
-1.495120362953589677e+01
-1.522782672474724208e+01
-1.565966988640234980e+01
-1.601006385972115709e+01
-1.618806639709114137e+01
-1.615287383306650071e+01
-1.594222829695019605e+01
-1.579723909401094595e+01
-1.591446414369226581e+01
-1.622749137923564433e+01
-1.652034621023966210e+01
-1.665053310501718542e+01
-1.663513337181316842e+01
-1.655714648723665050e+01
-1.653015423990751742e+01
-1.658741888930662967e+01
-1.673353135196896346e+01
-1.681791201636859157e+01
-1.671940144813724061e+01
-1.657104752642053214e+01
-1.648093718323231727e+01
-1.658743150355008211e+01
-1.683989615588226130e+01
-1.708878743714922877e+01
-1.708660071819199189e+01
-1.693433283186130822e+01
-1.677599222152932867e+01
-1.678792570708221632e+01
-1.702870117820708273e+01
-1.742126869166675007e+01
-1.773224265927406407e+01
-1.769705071044838007e+01
-1.731537356810929396e+01
-1.693382657171736128e+01
-1.676598309351125238e+01
-1.698415875663193475e+01
-1.735729335358559666e+01
-1.770110127302614345e+01
-1.774667194634080403e+01
-1.743759824893582078e+01
-1.702201981796013186e+01
-1.669541100231688446e+01
-1.678808200993248079e+01
-1.709039317160242177e+01
-1.734526253702112797e+01
-1.742492128561707432e+01
-1.729064270332759889e+01
-1.707975119133880426e+01
-1.691718630442583660e+01
-1.702034856067573187e+01
-1.728902896533422151e+01
-1.756825786859520022e+01
-1.759286774603683412e+01
-1.745375777647490168e+01
-1.725597952866002061e+01
-1.712529654839887883e+01
-1.728878842698974339e+01
-1.760045364677646162e+01
-1.792699837017852005e+01
-1.813023713254824543e+01
-1.812642332008621793e+01
-1.799346322137996879e+01
-1.795568909861849605e+01
-1.793319942198962735e+01
-1.801727089531163628e+01
-1.808772402181135774e+01
-1.817479792221727308e+01
-1.817585943083825484e+01
-1.805529289857854636e+01
-1.809239935507178743e+01
-1.809702813368688723e+01
-1.803992824756954150e+01
-1.796919346123205230e+01
-1.791703605042372160e+01
-1.794904276666343179e+01
-1.809728871136340445e+01
-1.827093825345776779e+01
-1.845915153094185257e+01
-1.874107684546031294e+01
-1.880918014441349229e+01
-1.877908561160730372e+01
-1.884974268372309325e+01
-1.886776212730638491e+01
-1.882105951201106109e+01
-1.878370791627859404e+01
-1.868969027513882253e+01
-1.858897242257175364e+01
-1.856494454529645921e+01
-1.868044425688037080e+01
-1.889803541217966654e+01
-1.904157124588295602e+01
-1.901490071644644075e+01
-1.889513176784783965e+01
-1.870629010798974790e+01
-1.856865660470375445e+01
-1.851499454276942203e+01
-1.855688136295437474e+01
-1.861686033993283829e+01
-1.857099379444609255e+01
-1.838973558985985690e+01
-1.825847976458035049e+01
-1.826396463803551029e+01
-1.843382661439677506e+01
-1.862353073911437917e+01
-1.873533086908507883e+01
-1.870801771387205292e+01
-1.855911423415266626e+01
-1.834550518984734069e+01
-1.822118149993811542e+01
-1.810568935327513174e+01
-1.768035236669495447e+01
-1.667251283208353030e+01
-1.485731891586367581e+01
-1.227471000155644099e+01
-9.211115471786550657e+00
-6.046913370852297298e+00
-2.753745330196462060e+00
-1.418806613594814081e-02
2.711928455261044313e+00
5.357578905466970909e+00
7.414686278433790356e+00
9.620283214604265609e+00
1.152807931653586948e+01
1.330997637424464664e+01
1.525410892287012921e+01
1.701674993062569285e+01
1.901238744858688534e+01
2.107637390688631740e+01
