-2.196098605421217265e+00
-2.196098605421217265e+00
-2.196098605421217265e+00
-2.196098605421217265e+00
-2.196098605421217265e+00
-2.196098605421217265e+00
-2.196098605421217265e+00
-2.196098605421217265e+00
-2.466004897442434007e+00
-4.997469150049751008e+00
-8.012394191714788505e+00
-1.032956432892774501e+01
-1.134489644975872302e+01
-8.499091862376047857e+00
-5.139517239146972116e+00
-5.003810303433553486e+00
-5.041261940760337623e+00
-5.053816757210344512e+00
-7.908876676744509560e+00
-8.648304447300708020e+00
-8.982924328526674884e+00
-6.811468918339051548e+00
-5.897880609419156706e+00
-5.393927721586373458e+00
-6.545594628439063811e+00
-7.288277438363972571e+00
-8.390674824656743525e+00
-8.105656378930879313e+00
-6.370694437158456402e+00
-6.559983776728087967e+00
-5.262751495578944727e+00
-5.638547499989839729e+00
-4.531570487657836210e+00
-5.502771335744710335e+00
-7.475201841112639300e+00
-7.269001786342105476e+00
-6.372345728271842091e+00
-5.516185109266607434e+00
-3.941169119443293845e+00
-3.628211438447153103e+00
-4.739416838190653181e+00
-7.479181277423327501e+00
-9.167514101570789720e+00
-9.720940170087471799e+00
-6.684548941053121140e+00
-4.266845854055362430e+00
-7.447741045700642104e-01
3.590598619437017192e+00
6.149916409238308290e+00
6.896323620635323337e+00
7.768815505092519835e+00
8.658301314991085462e+00
8.446842561729782872e+00
8.848027480289909263e+00
9.800199585421209392e+00
1.033691008313251558e+01
9.996040170627274790e+00
9.568415005068601431e+00
1.080559644825271981e+01
1.136087524022479300e+01
1.111910523390979577e+01
1.090194436949417067e+01
7.533190254229882754e+00
8.797611388591063175e+00
9.564804092159141291e+00
1.010440243996768217e+01
1.130256973581950142e+01
1.252935604515038648e+01
1.189686968413423607e+01
1.113030472851000496e+01
1.109258219482338781e+01
1.022016915776500490e+01
1.073250558257602982e+01
1.132404794508640578e+01
1.135436058413914040e+01
1.048018557958998898e+01
9.536206333319787731e+00
8.875988034829022766e+00
8.713867047444400882e+00
1.102026079956979210e+01
1.189844618786024455e+01
1.138189297652539800e+01
8.844023878307876174e+00
5.325460866825162398e+00
1.432385722228938008e+00
-1.234379005207022040e+00
-3.264577912242490498e+00
-4.662379910086849932e+00
-4.985481973732304617e+00
-5.796159981133355288e+00
-7.895638489064177534e+00
-7.215546097943927428e+00
-6.752245422474364211e+00
-9.214824360830309757e+00
-9.210620716497384564e+00
-9.016953880879652772e+00
-7.602476925348129910e+00
-7.549553068485586493e+00
-5.241726087382707178e+00
-5.287788755379466465e+00
-6.660095197120510235e+00
-7.709371452140052483e+00
-8.460673682519418648e+00
-1.104744590401202053e+01
-8.778941732074709847e+00
-6.033226450522869655e+00
-4.716619098570111746e+00
-6.081761038409813303e+00
-5.926841495073389865e+00
-7.948001117347764932e+00
-1.096712146558566303e+01
-9.661671230489440987e+00
-8.879238462353368888e+00
-6.345626108462111503e+00
-3.848759970322333857e+00
-4.228952150935555210e+00
-7.111070821131297848e+00
-7.697937780208878422e+00
-9.004412300104327471e+00
-9.223918819555624538e+00
-8.599618259401193399e+00
-6.986189736889368618e+00
-6.069382226758063936e+00
-5.462305010015578333e+00
-5.531744719926687814e+00
-5.588846351474741070e+00
-3.492557548063069728e+00
-7.396169964678147579e-01
2.471597218599977719e+00
4.586304640538243937e+00
6.546575973901932244e+00
6.797056129923785939e+00
6.888050551452862713e+00
8.182690304406200710e+00
9.265864639198277075e+00
9.504971782896580734e+00
9.318378181588768072e+00
9.698889630722112187e+00
9.517692957415977872e+00
1.072419245481318129e+01
1.106624533834876445e+01
1.121746060356513830e+01
9.429098102161981743e+00
9.467973290882863324e+00
1.037187091926355365e+01
9.656275832717680530e+00
9.175654937205983686e+00
8.727947651521990480e+00
8.266523838516185663e+00
9.424648394449215871e+00
1.108752685668377858e+01
1.156355152016640098e+01
1.088068204662558536e+01
1.038485615732637513e+01
1.073485173648856694e+01
1.002739652192692077e+01
1.032893129325574932e+01
1.069404979455256743e+01
1.088674789506215035e+01
1.246829167840321517e+01
1.206386181457715701e+01
9.930128484165850367e+00
8.221294838666176830e+00
5.968725656052063400e+00
2.034198194229831724e+00
9.726501330372794296e-02
-1.385133289715100080e+00
-2.393577542875121811e+00
-4.956997208553929113e+00
-4.499790543722949288e+00
-5.745928097432272175e+00
-6.604434487642983242e+00
-6.811087878300582155e+00
-7.996242532771460354e+00
-6.434376815740824540e+00
-7.369547075861124341e+00
-7.949460692202055867e+00
-7.068621627154172415e+00
-6.857941293005559658e+00
-6.388454417845795597e+00
-7.129772807260742695e+00
-5.886847366159109640e+00
-5.210389363626192427e+00
-4.858226143100714545e+00
-4.832675871767602160e+00
-6.392535278359437356e+00
-6.308365885990434130e+00
-6.717994716727084814e+00
-5.253014444348933054e+00
-6.581312418540613329e+00
-3.885950725635761938e+00
-3.152781603442135872e+00
-6.198810629042784903e+00
-6.290753288234024687e+00
-7.950155883231070142e+00
-9.170118554392713506e+00
-1.168179631786179584e+01
-1.051901114419548833e+01
-7.592192010852901518e+00
-5.602983769003794912e+00
-5.075687711063236129e+00
-4.999647007333237525e+00
-3.167417591596982440e+00
-2.409050991948540776e+00
1.809911510721583738e+00
4.957267618842013945e+00
6.237052068843238928e+00
7.749295227864370972e+00
9.880526233611158560e+00
9.456037576710441428e+00
1.032407332481026785e+01
9.864837978440412769e+00
1.078368763840172306e+01
1.106680842850530588e+01
1.132142369997090725e+01
1.097807854485912671e+01
1.079680667376499414e+01
1.164859723968985605e+01
1.192844592603844589e+01
1.338013786163465468e+01
1.282077189805390205e+01
1.194431410408673599e+01
1.145612610444985613e+01
1.091543558489180654e+01
1.089062395975589759e+01
1.283044939756647373e+01
1.260176421581356543e+01
1.058666061767802624e+01
1.024238524274316831e+01
9.538430726233475099e+00
9.958361458689195089e+00
8.153111965570207786e+00
4.409154277077738548e+00
1.665462120957537984e+00
-4.678614029931233986e+00
-8.574398532202000212e+00
-1.010165694452858354e+01
-1.010937457099829118e+01
-7.774918012005770152e+00
-4.733922857259386774e+00
-3.882748525529618355e+00
-5.794660235238548118e+00
-7.926878256198173212e+00
-9.553959111032412466e+00
-1.073743501387185262e+01
-8.107383212293704844e+00
-6.965588896713538425e+00
-5.863046459438951530e+00
-7.094598399228088326e+00
-9.373459246745229123e+00
-1.040425468809671017e+01
-1.037122532121508911e+01
-8.664698207392177665e+00
-7.688299182272258392e+00
-6.454377829158451263e+00
-5.814178171201057843e+00
-7.266582465082734643e+00
-7.670618887101184669e+00
-8.894467898239751591e+00
-6.728251827081914271e+00
-8.334845799126195942e+00
-1.002122893911424661e+01
-1.020789354070413424e+01
-1.057639999515079765e+01
-1.088052214705248133e+01
-8.708621829787938751e+00
-7.272015180044211213e+00
-6.624521455631449562e+00
-6.813699029374462590e+00
-8.996566621345204240e+00
-7.839632363891372080e+00
-5.869966078218867622e+00
-1.704994480031603032e+00
3.582236778693296930e+00
6.524967756297156640e+00
7.508864013989820840e+00
6.379309927362773358e+00
6.262405667864294756e+00
6.881196810715747070e+00
8.267543802168864531e+00
8.970806116900234883e+00
1.037337665184187152e+01
1.044240235829891361e+01
8.472928281425328834e+00
7.718649476511230567e+00
8.310600586904826059e+00
9.683679347165512041e+00
1.033894291412137001e+01
9.496636721363843847e+00
7.546423209334122362e+00
7.772857221176856513e+00
7.024526507537409259e+00
7.863343011838130892e+00
1.031066014150981580e+01
1.117099859748360124e+01
1.221430089055122004e+01
9.888532030567137809e+00
8.825665293499191932e+00
8.233846444668497355e+00
8.757544119430873408e+00
1.178362547669881621e+01
1.217903862730075737e+01
1.032723814113627192e+01
5.029997771779472160e+00
7.281215575997590506e-02
-4.264882924459491242e+00
-6.079353279060667248e+00
-8.101676246041924045e+00
-7.381407280700007512e+00
-6.646564509226787543e+00
-8.014736207948875091e+00
-9.398097553433384377e+00
-8.378648426307197639e+00
-8.453399121085618972e+00
-1.014988239086940069e+01
-7.682937119703399986e+00
-7.342373224849050750e+00
