-2.506645690415207994e+01
-2.506645690415207994e+01
-2.506645690415207994e+01
-2.506645690415207994e+01
-2.506645690415207994e+01
-2.396644040587570856e+01
-2.282811449886987276e+01
-2.240853924613641013e+01
-2.290056650622160106e+01
-2.342583643540748284e+01
-2.370148403356676781e+01
-2.361197441966843868e+01
-2.326919392154605504e+01
-2.292312689617398291e+01
-2.290250257779645082e+01
-2.332317652417087928e+01
-2.405174026545002164e+01
-2.443267633637140079e+01
-2.436642987440779606e+01
-2.370747232795182313e+01
-2.321607010683753458e+01
-2.299871556944905393e+01
-2.346783970898031768e+01
-2.428862869700105165e+01
-2.485406330646105388e+01
-2.462391238109404412e+01
-2.394403661602308730e+01
-2.311640547918370103e+01
-2.300223747383261852e+01
-2.376901435947984709e+01
-2.481410432369073504e+01
-2.549577510598015806e+01
-2.518355780543118883e+01
-2.423288466035272037e+01
-2.334081411444791598e+01
-2.342976893428976126e+01
-2.444517881625802147e+01
-2.581643427776524646e+01
-2.638210075696213508e+01
-2.569062542692288531e+01
-2.434587656568804803e+01
-2.326141627825337821e+01
-2.328807564511776818e+01
-2.464625111828910775e+01
-2.600009636099519383e+01
-2.648818684880950514e+01
-2.569356000530680717e+01
-2.425057650356571415e+01
-2.369504534428761744e+01
-2.441905482026480456e+01
-2.629658418655617069e+01
-2.766708485461304079e+01
-2.731601088056726567e+01
-2.515231344280524084e+01
-2.267097412249553301e+01
-2.216613465042836850e+01
-2.434053560612949951e+01
-2.774552203099209180e+01
-2.973538711974688198e+01
-2.778820606548292460e+01
-2.044812537010670894e+01
-9.453504753830708651e+00
6.361400064122095799e-01
7.520190944009547351e+00
1.004687104280859167e+01
9.682554739603137506e+00
9.046416257272397843e+00
1.015959353292909917e+01
1.466836336304739596e+01
1.912048032350416804e+01
2.286612823076879408e+01
2.440698052136281859e+01
2.517569318917157162e+01
2.529313282491372306e+01
2.722935828426230742e+01
2.991484935576079707e+01
3.245694869186410614e+01
3.371295411362063277e+01
3.276703127526328529e+01
3.125163906387303570e+01
3.085597765931043668e+01
3.119014174421279506e+01
3.253956178645292852e+01
3.397073018150371837e+01
3.388391943518586658e+01
3.196063981536990539e+01
2.983174835217089438e+01
2.888234623519420197e+01
2.903181005417737381e+01
3.027760158644330701e+01
3.165140672824637491e+01
3.235826027279181716e+01
3.178246927839409608e+01
3.054110701350661117e+01
3.029567991624235646e+01
3.070963036712385730e+01
3.143653446338155888e+01
3.186163334955967841e+01
3.184356993069688713e+01
3.118537288394841056e+01
3.052870682432027749e+01
3.043421385317881800e+01
3.121048307301253999e+01
3.203116947861946784e+01
3.226550089069787219e+01
3.173034130467455682e+01
3.093112942530405718e+01
3.030269936772089423e+01
3.046132611391390199e+01
3.111305389809566790e+01
3.204718310551478311e+01
3.246711088299888814e+01
3.182532685371171510e+01
3.077767238127066918e+01
3.011870296978536388e+01
3.010421996794594079e+01
3.052335867061524510e+01
3.130000261818768692e+01
3.179754410599042558e+01
3.156390813142962060e+01
3.080993402802749159e+01
3.013769160543574799e+01
2.998785410296314069e+01
3.040590406369100052e+01
3.111868781966897046e+01
3.192453914998310793e+01
3.266579851055170280e+01
3.297209820790710211e+01
3.299350575086848636e+01
3.310472084132506154e+01
3.391218784271296016e+01
3.478347068111781937e+01
3.552159135103580923e+01
3.610849974633151049e+01
3.635839843347184086e+01
3.567776735804275035e+01
3.501510060758079135e+01
3.498218756266722806e+01
3.577895168259482261e+01
3.708345369961374161e+01
3.803002587709089966e+01
3.739750740577625265e+01
3.403789431983535962e+01
2.732293174826678239e+01
1.859526812862327816e+01
1.030376718843156780e+01
3.541452739311573339e+00
-1.082294990418988023e+00
-1.930196552532332355e+00
-2.580433293013840057e+00
-3.819336702818795004e+00
-5.308332806963730555e+00
-8.523907151140596383e+00
-1.162900295766482728e+01
-1.388198145752723178e+01
-1.475488966828080706e+01
-1.537512828456205227e+01
-1.521301734882263723e+01
-1.542955511141943070e+01
-1.659813394737297898e+01
-1.823509469544892525e+01
-1.932602709762707960e+01
-2.047611610712655406e+01
-2.163263963562330972e+01
-2.184799290733129240e+01
-2.209987256555412927e+01
-2.274656649339140202e+01
-2.294347558320002634e+01
-2.329513090827289901e+01
-2.385238713733654947e+01
-2.421007806445677346e+01
-2.499025662583591867e+01
-2.554681811950498016e+01
-2.598659481169953978e+01
-2.635846018197725726e+01
-2.635405585317618460e+01
-2.640411400763284178e+01
-2.671528721547566576e+01
-2.705670661894930262e+01
-2.750486753720051070e+01
-2.772312622728466636e+01
-2.792681475239983158e+01
-2.794015446527543034e+01
-2.793996516204842706e+01
-2.819335395701688540e+01
-2.855829897862118116e+01
-2.891396499569146528e+01
-2.913761163819165745e+01
-2.924961716471324635e+01
-2.932266310028061795e+01
-2.940210692484620481e+01
-2.958818747721737807e+01
-2.980120616795875677e+01
-3.004979709027560375e+01
-3.019918583603527296e+01
-3.027732634965219916e+01
-3.031326723853164395e+01
-3.035007126317952952e+01
-3.050944036618289346e+01
-3.066084071425599689e+01
-3.084779829554355857e+01
-3.104594277915131428e+01
-3.129687791239378925e+01
-3.137699643246391545e+01
-3.112441824557332026e+01
-3.088057153330121807e+01
-3.054559344759496753e+01
-3.015008798696927528e+01
-2.951846463479844118e+01
-2.811415312292174562e+01
-2.542881402806837698e+01
-2.117468829955588916e+01
-1.510273020538103594e+01
-8.984959446467499333e+00
-3.849204372178423483e+00
7.683649057084744882e-01
3.768358409900321782e+00
4.682699626949127669e+00
7.045856426458110278e+00
1.038431767856052979e+01
1.246270586976800310e+01
1.565652810791308802e+01
1.818070953747483287e+01
1.815550942657210953e+01
1.800098613261128122e+01
1.903793866985475347e+01
2.006512065944245293e+01
2.229545438088840825e+01
2.374316564900207638e+01
2.458579274004187099e+01
2.399530934853758524e+01
2.239054900670322112e+01
2.184232691586014141e+01
2.241700830284369417e+01
2.337686170578084344e+01
2.475117178810373275e+01
2.514717409517626834e+01
2.424324392542559892e+01
2.279337535497271716e+01
2.179970673903468636e+01
2.207147502167679676e+01
2.309860312768312340e+01
2.439039114585183654e+01
2.517060003442077942e+01
2.479500766392352062e+01
2.379110465988399170e+01
2.313235052783346291e+01
2.323970835813363678e+01
2.404029336225882219e+01
2.483812116695028038e+01
2.523255020514273639e+01
2.474336873932539760e+01
2.390902303951335028e+01
2.339251229408190014e+01
2.360134811576661917e+01
2.417859373960590119e+01
2.473816677322712820e+01
2.484861783650820044e+01
2.434096487537938103e+01
2.393061463891600837e+01
2.369933701787395819e+01
2.414854877832327418e+01
2.483509138997319710e+01
2.520919146790169663e+01
2.491914788572119477e+01
2.427455063900754340e+01
2.359747400475137269e+01
2.339668833740861942e+01
2.394278905191707807e+01
2.490777871167321678e+01
2.576536672220986546e+01
2.621339376261904164e+01
2.629384108647156637e+01
2.662842880284756930e+01
2.736829547297318044e+01
2.891055041216457511e+01
3.057462006154224099e+01
3.192069767914214751e+01
3.226378194420225753e+01
3.066889193941216263e+01
2.719674793570650806e+01
2.226364161263326480e+01
1.609041132493493009e+01
8.927191167905125013e+00
2.993408785790362181e+00
-2.530955236183261903e+00
-8.280173118684775346e+00
-1.163147348002882175e+01
-1.422308764555865501e+01
-1.745031531558687021e+01
-1.923531722096874574e+01
-1.979397002407048589e+01
-2.064895151568735798e+01
-2.033427806521947545e+01
-1.997352057714683227e+01
-2.072399398542823334e+01
-2.145904569871281353e+01
-2.281220458280639463e+01
-2.405052609243700346e+01
-2.459866030680719362e+01
-2.544719684061780640e+01
-2.586250095182199260e+01
-2.666428696677984078e+01
-2.810254124786510488e+01
-2.952662355846953801e+01
-3.069772402757950402e+01
-3.119818825829830189e+01
-3.089754324442318278e+01
-3.070508917307012453e+01
-3.067777280671678142e+01
-3.154305610597543463e+01
-3.263476288172867612e+01
-3.344146859138223959e+01
-3.359411000004323000e+01
-3.306599312292288317e+01
-3.262552016375446584e+01
-3.273412684198876832e+01
