7.476739596906980978e+00
-6.942998019880235461e+00
-1.622669576851537698e+01
-2.212310709217496907e+01
-2.341446266204315663e+01
-2.117032937756949806e+01
-1.865847423572733632e+01
-1.522006486136895553e+01
-1.204826010509331446e+01
-6.336265145942967969e+00
1.177445987755298518e+00
7.724737300507545257e+00
1.417764264016074627e+01
1.472190767454292271e+01
1.010470302858037250e+01
2.855923621747336938e+00
-1.998409658509940456e+00
-4.645793627507196710e+00
-2.822991943159064654e+00
-2.905757576261436270e+00
-2.392394504598814642e+00
-6.727863974041974338e-01
2.762930652402292520e+00
7.613089389898904713e+00
1.354590810298075532e+01
1.960496934987946105e+01
2.090150811448746282e+01
1.706003089510454629e+01
1.190190551042578093e+01
4.429220531049215204e+00
-2.713192144328147037e-02
-3.364533861568250295e+00
-4.694581123460052297e+00
-5.653044228875267585e+00
-5.130784069745616627e+00
-1.813436580328771086e+00
5.185314623832669056e+00
1.475305351704547085e+01
2.242467426846841505e+01
2.383977929542070129e+01
1.647758178744151536e+01
4.334855933055489885e+00
-1.228353038807193265e+01
-2.267422226829525300e+01
-2.605756830764034859e+01
-1.967314964508270592e+01
-9.303307364610590824e+00
2.244524792540172342e+00
1.169536052606068921e+01
1.388081746091909707e+01
9.308714886914838615e+00
1.276270451079963841e+00
-1.113687376380849514e+01
-2.074708241529357622e+01
-2.634216326586093970e+01
-2.191552929905259717e+01
-9.147006792863560776e+00
8.636933398167334630e+00
2.071211255655566319e+01
2.292009585774594171e+01
1.245647745838485321e+01
-1.166913586692984950e+00
-1.648003915756037685e+01
-1.790150801176149997e+01
-6.832121676114965680e+00
5.025903674143524569e+00
1.688392902440200771e+01
2.874195437466050151e+01
4.059997972491898821e+01
5.245800507517748201e+01
6.431603042543596871e+01
7.617405577569445541e+01
8.803208112595294210e+01
9.989010647621142880e+01
1.117481318264699013e+02
1.236061571767284164e+02
1.354641825269869173e+02
1.473222078772453756e+02
1.591802332275038907e+02
1.710382585777623490e+02
1.828962839280208641e+02
1.947543092782793224e+02
2.066123346285378375e+02
2.184703599787962958e+02
2.303283853290548109e+02
2.421864106793133260e+02
2.540444360295717843e+02
2.659024613798302994e+02
2.777604867300887577e+02
2.896185120803472728e+02
3.014765374306057311e+02
3.133345627808642462e+02
3.251925881311227045e+02
3.370506134813812196e+02
3.489086388316396778e+02
3.607666641818981930e+02
3.726246895321566512e+02
3.844827148824151664e+02
3.963407402326736246e+02
4.081987655829321398e+02
4.200567909331905980e+02
4.319148162834491131e+02
4.437728416337075714e+02
4.556308669839660865e+02
4.674888923342245448e+02
4.793469176844830599e+02
4.912049430347415182e+02
5.030629683850000902e+02
5.149209937352585484e+02
5.267790190855170067e+02
5.386370444357754650e+02
5.504950697860340370e+02
-6.073208053698392561e+00
-6.073208053698392561e+00
-6.073208053698392561e+00
-6.073208053698392561e+00
-6.073208053698392561e+00
-6.073208053698392561e+00
-6.073208053698392561e+00
-6.073208053698392561e+00
-6.073208053698392561e+00
-6.073208053698392561e+00
-6.073208053698392561e+00
-6.073208053698392561e+00
-6.073208053698392561e+00
-6.073208053698392561e+00
-6.073208053698392561e+00
-6.073208053698392561e+00
-6.073208053698392561e+00
-6.073208053698392561e+00
-6.073208053698392561e+00
-6.073208053698392561e+00
-6.073208053698392561e+00
-6.073208053698392561e+00
-6.073208053698392561e+00
-6.073208053698392561e+00
-6.073208053698392561e+00
-6.073208053698392561e+00
-6.073208053698392561e+00
-6.073208053698392561e+00
-6.073208053698392561e+00
-6.073208053698392561e+00
-6.073208053698392561e+00
-6.073208053698392561e+00
-6.073208053698392561e+00
-6.073208053698392561e+00
-6.073208053698392561e+00
-6.073208053698392561e+00
-6.073208053698392561e+00
-6.073208053698392561e+00
-6.073208053698392561e+00
-6.073208053698392561e+00
-6.073208053698392561e+00
-6.073208053698392561e+00
-6.073208053698392561e+00
-6.073208053698392561e+00
-6.073208053698392561e+00
-6.073208053698392561e+00
-6.073208053698392561e+00
-6.073208053698392561e+00
-6.073208053698392561e+00
-6.073208053698392561e+00
-6.073208053698392561e+00
-6.073208053698392561e+00
-6.073208053698392561e+00
-6.073208053698392561e+00
-6.073208053698392561e+00
-6.073208053698392561e+00
-6.073208053698392561e+00
-6.073208053698392561e+00
-6.073208053698392561e+00
-6.073208053698392561e+00
-6.073208053698392561e+00
-6.073208053698392561e+00
-6.073208053698392561e+00
-6.073208053698392561e+00
-6.073208053698392561e+00
-6.073208053698392561e+00
-6.073208053698392561e+00
-6.073208053698392561e+00
-6.073208053698392561e+00
-6.073208053698392561e+00
-6.073208053698392561e+00
-6.073208053698392561e+00
-6.073208053698392561e+00
-6.073208053698392561e+00
-6.073208053698392561e+00
-6.073208053698392561e+00
-6.073208053698392561e+00
-6.073208053698392561e+00
-6.073208053698392561e+00
-6.073208053698392561e+00
-6.073208053698392561e+00
-6.073208053698392561e+00
-6.073208053698392561e+00
-6.073208053698392561e+00
-6.073208053698392561e+00
-6.073208053698392561e+00
-6.073208053698392561e+00
-6.073208053698392561e+00
-6.073208053698392561e+00
-6.073208053698392561e+00
-6.073208053698392561e+00
-6.073208053698392561e+00
-6.073208053698392561e+00
-6.073208053698392561e+00
-6.073208053698392561e+00
-6.073208053698392561e+00
-6.073208053698392561e+00
-6.073208053698392561e+00
-6.073208053698392561e+00
-6.073208053698392561e+00
-6.073208053698392561e+00
-6.073208053698392561e+00
-6.073208053698392561e+00
-6.073208053698392561e+00
-6.073208053698392561e+00
-6.073208053698392561e+00
-6.073208053698392561e+00
-6.073208053698392561e+00
-6.073208053698392561e+00
-6.073208053698392561e+00
-6.073208053698392561e+00
-6.073208053698392561e+00
-6.073208053698392561e+00
-6.073208053698392561e+00
-6.073208053698392561e+00
-6.073208053698392561e+00
-6.073208053698392561e+00
-6.073208053698392561e+00
-6.073208053698392561e+00
-6.073208053698392561e+00
-6.073208053698392561e+00
-6.073208053698392561e+00
-6.073208053698392561e+00
-6.073208053698392561e+00
-6.073208053698392561e+00
-6.073208053698392561e+00
-6.073208053698392561e+00
-6.073208053698392561e+00
-6.073208053698392561e+00
-6.073208053698392561e+00
-6.073208053698392561e+00
-6.073208053698392561e+00
-6.073208053698392561e+00
-6.073208053698392561e+00
-6.073208053698392561e+00
-6.073208053698392561e+00
-6.073208053698392561e+00
-6.073208053698392561e+00
-6.073208053698392561e+00
-6.073208053698392561e+00
-6.073208053698392561e+00
-6.073208053698392561e+00
-6.073208053698392561e+00
-6.073208053698392561e+00
-6.073208053698392561e+00
-6.073208053698392561e+00
-6.073208053698392561e+00
-6.073208053698392561e+00
-6.073208053698392561e+00
-6.073208053698392561e+00
-6.073208053698392561e+00
-6.073208053698392561e+00
-6.073208053698392561e+00
-6.073208053698392561e+00
-6.073208053698392561e+00
-6.073208053698392561e+00
-6.073208053698392561e+00
-6.073208053698392561e+00
-6.073208053698392561e+00
-6.073208053698392561e+00
-6.073208053698392561e+00
-6.073208053698392561e+00
-6.073208053698392561e+00
-6.073208053698392561e+00
-6.073208053698392561e+00
-6.073208053698392561e+00
-6.073208053698392561e+00
-6.073208053698392561e+00
-6.073208053698392561e+00
-6.073208053698392561e+00
-6.073208053698392561e+00
-6.073208053698392561e+00
-6.073208053698392561e+00
-6.073208053698392561e+00
-6.073208053698392561e+00
-6.073208053698392561e+00
-6.073208053698392561e+00
-6.073208053698392561e+00
-6.073208053698392561e+00
-6.073208053698392561e+00
-6.073208053698392561e+00
-6.073208053698392561e+00
-6.073208053698392561e+00
-6.073208053698392561e+00
-6.073208053698392561e+00
-6.073208053698392561e+00
-6.073208053698392561e+00
-6.073208053698392561e+00
-6.073208053698392561e+00
-6.073208053698392561e+00
-6.073208053698392561e+00
-6.073208053698392561e+00
-6.073208053698392561e+00
-6.073208053698392561e+00
-6.073208053698392561e+00
-6.073208053698392561e+00
-6.073208053698392561e+00
-6.073208053698392561e+00
-6.073208053698392561e+00
-6.073208053698392561e+00
-6.073208053698392561e+00
-6.073208053698392561e+00
-6.073208053698392561e+00
-6.073208053698392561e+00
-6.073208053698392561e+00
-6.073208053698392561e+00
-6.073208053698392561e+00
-6.073208053698392561e+00
-6.073208053698392561e+00
-6.073208053698392561e+00
-6.073208053698392561e+00
-6.073208053698392561e+00
-6.073208053698392561e+00
-6.073208053698392561e+00
-6.073208053698392561e+00
-6.073208053698392561e+00
-6.073208053698392561e+00
-6.073208053698392561e+00
-6.073208053698392561e+00
-6.073208053698392561e+00
-6.073208053698392561e+00
-6.073208053698392561e+00
-6.073208053698392561e+00
-6.073208053698392561e+00
-6.073208053698392561e+00
-6.073208053698392561e+00
-6.073208053698392561e+00
-6.073208053698392561e+00
-6.073208053698392561e+00
-6.073208053698392561e+00
-6.073208053698392561e+00
-6.073208053698392561e+00
-6.073208053698392561e+00
-6.073208053698392561e+00
-6.073208053698392561e+00
-6.073208053698392561e+00
-6.073208053698392561e+00
-6.073208053698392561e+00
-6.073208053698392561e+00
-6.073208053698392561e+00
-6.073208053698392561e+00
-6.073208053698392561e+00
-6.073208053698392561e+00
-6.073208053698392561e+00
-6.073208053698392561e+00
-6.073208053698392561e+00
-6.073208053698392561e+00
-6.073208053698392561e+00
-6.073208053698392561e+00
-6.073208053698392561e+00
-6.073208053698392561e+00
-6.073208053698392561e+00
-6.073208053698392561e+00
-6.073208053698392561e+00
-6.073208053698392561e+00
-6.073208053698392561e+00
-6.073208053698392561e+00
-6.073208053698392561e+00
-6.073208053698392561e+00
-6.073208053698392561e+00
-6.073208053698392561e+00
-6.073208053698392561e+00
-6.073208053698392561e+00
