-5.131667571463885302e+00
-5.131667571463885302e+00
-5.131667571463885302e+00
-5.131667571463885302e+00
-5.131667571463885302e+00
-5.131667571463885302e+00
-5.131667571463885302e+00
-5.131667571463885302e+00
-5.131667571463885302e+00
-5.131667571463885302e+00
-5.105496093397571045e+00
-5.211746808212769366e+00
-6.292911306288740292e+00
-7.949168016325872443e+00
-8.746978516373777879e+00
-9.314891058769189769e+00
-8.937315629916261273e+00
-7.249107753023920964e+00
-5.992366976095387265e+00
-4.305414256042753962e+00
-4.580852270495020306e+00
-5.884525462014504882e+00
-8.094806503279396992e+00
-8.944364413516627366e+00
-7.727139065847305588e+00
-7.374399546937196348e+00
-5.899455573845691525e+00
-4.824066930964072242e+00
-6.201046419421972544e+00
-8.151432225833364242e+00
-7.999774347904953231e+00
-8.139136999449322118e+00
-6.744051210502920668e+00
-4.890539069278457163e+00
-4.368940934565293865e+00
-5.084633916933277042e+00
-6.861524271709933842e+00
-7.583274784643291966e+00
-8.262412098363098423e+00
-6.848266152659016726e+00
-6.649750906795498295e+00
-7.282999099091065354e+00
-8.261495300950327803e+00
-9.966897086233009517e+00
-9.204528213975951445e+00
-7.548999826756924492e+00
-4.320124101024699570e+00
2.757628834382040983e-01
1.706102507790207889e+00
2.402385591968664524e+00
2.792996100696196304e+00
3.128552984723864228e+00
4.533494655903751891e+00
7.407539480495115569e+00
9.694940526031610162e+00
1.075040571798005118e+01
1.053084712789013189e+01
9.472972700550291947e+00
8.903034076280697207e+00
9.513143412179148939e+00
1.075955464341881473e+01
1.219080574918579174e+01
1.235057228372921401e+01
1.169174604607971624e+01
1.061305585930236184e+01
9.781207113237369910e+00
1.045883010226176069e+01
1.186602841690651289e+01
1.303146787830041120e+01
1.317194234166811739e+01
1.216377338732647040e+01
1.074489503336867990e+01
9.709177898520810146e+00
1.007896003999927537e+01
1.133701876661899099e+01
1.312265342271624391e+01
1.416478680730744699e+01
1.366527780517561474e+01
1.232769399662472409e+01
1.010189148159202333e+01
8.639680274867520993e+00
8.147347601604900902e+00
8.616303833846512106e+00
9.323078047872924046e+00
9.424317515148292301e+00
7.295964636893920385e+00
4.193869990021408256e+00
8.033205646937520150e-01
-2.235989352610042058e+00
-3.185971179098130879e+00
-2.790446533445518185e+00
-1.039681043133410698e+00
-7.782703043141925292e-01
-1.516428203621012827e+00
-4.297688354308382586e+00
-5.986751310530418202e+00
-7.781164059549226408e+00
-6.909598974713679453e+00
-5.879667639981989602e+00
-4.981550984923394765e+00
-5.029983228570921838e+00
-7.881025307979677486e+00
-9.478694344295126584e+00
-1.059946082050335114e+01
-9.338601009980830980e+00
-7.511460708564132283e+00
-5.051998738510128817e+00
-5.642395273042446924e+00
-7.819295908652053484e+00
-1.073143837010199420e+01
-1.135245556512628262e+01
-1.078069991533481442e+01
-7.598972118680975996e+00
-5.633270413919817088e+00
-5.591172114708554020e+00
-7.780465364278878582e+00
-1.161133811001890237e+01
-1.283018505035723145e+01
-1.111795501850587620e+01
-8.065301673870978405e+00
-5.174660238657147637e+00
-4.394991713951887924e+00
-6.628306458948892477e+00
-1.131381506893266931e+01
-1.273358234619644058e+01
-1.123969672637850081e+01
-7.159154847184090897e+00
-1.798396772946726729e+00
1.762979707675957908e+00
1.650721943384425572e+00
8.093021031607938731e-01
2.145736239544973889e-01
1.546964612334651878e+00
4.802968756990829036e+00
8.463485130681760893e+00
1.011417088232086847e+01
9.569523766333727366e+00
8.152768576709785719e+00
7.207756064726514644e+00
7.870727800789985906e+00
9.466284673784212345e+00
1.080335212033233105e+01
1.054329737116666621e+01
9.302044462384353452e+00
7.847418402835020679e+00
7.740689053956876897e+00
9.995240165176802805e+00
1.254127060620145251e+01
1.372701189700375579e+01
1.304324553390019759e+01
1.095957223789453217e+01
9.179309728067012841e+00
8.866171497661172296e+00
1.109106796712216791e+01
1.371441247397143037e+01
1.478171749992315398e+01
1.373086459160272454e+01
1.146583542526207111e+01
9.593738583625162519e+00
9.609625054251361931e+00
1.162018022433288067e+01
1.419783031920720262e+01
1.507182882963091153e+01
1.326810032535894202e+01
9.357161934737881381e+00
5.486265439610485295e+00
2.753870011199130108e+00
4.667558198967669547e-01
-8.318277867003200932e-01
-3.358832634202284950e+00
-6.642496348036678988e+00
-1.107058099536888207e+01
-1.189214486834909756e+01
-1.138733391833202369e+01
-9.657948396877719333e+00
-6.516612901897670618e+00
-6.943873250101085581e+00
-7.870863815846238509e+00
-9.887773020026555670e+00
-1.163860703698494170e+01
-1.136697759087318893e+01
-9.639639811928219615e+00
-8.218834849091255279e+00
-8.499850688714765568e+00
-9.993237466752761478e+00
-1.077299406514518409e+01
-1.147159019916306733e+01
-1.067409811851402779e+01
-8.339514244615061855e+00
-7.303057171018300764e+00
-7.382738554591469438e+00
-8.953623154214030322e+00
-1.017370965613098477e+01
-1.085778357934843186e+01
-9.116538863086130817e+00
-8.296973686682630245e+00
-6.578239317981501522e+00
-7.339852819772661796e+00
-8.702347309912806139e+00
-8.740460272321158186e+00
-8.655633619326930983e+00
-6.221327411704232979e+00
-3.271030593176717183e+00
-4.613311740820774109e-01
1.892811872816767549e-01
1.800939841001623742e+00
3.033389701602610788e+00
4.521033786640740182e+00
7.279077073929315134e+00
1.024485760663411327e+01
1.152202872323031357e+01
1.169614761613476794e+01
1.168909033086431926e+01
1.146440764094459830e+01
1.142590444972734964e+01
1.213369857102119909e+01
1.277605224600105061e+01
1.268998553657936235e+01
1.216779332959402105e+01
1.153082371037006482e+01
1.145215491747573644e+01
1.204242336193151353e+01
1.217647425444129539e+01
1.193918744595796788e+01
1.129008831805185586e+01
1.023837547036683659e+01
9.841254269381709108e+00
1.060701595927721819e+01
1.215139708162902821e+01
1.309280595866553476e+01
1.286057253061530403e+01
1.088542336361030571e+01
7.839359017854914846e+00
4.395558235301965766e+00
1.789277071684467257e+00
5.696006408128861942e-02
-1.609506531627811210e+00
-2.879274188566726345e+00
-4.281967306297208786e+00
-7.121133304244559703e+00
-8.151730874119973436e+00
-8.792260788061078358e+00
-8.906309953006516622e+00
-1.016618121385378259e+01
-9.898785102811846315e+00
-1.117207421739243323e+01
-1.180787267034559029e+01
-1.210039824510648465e+01
-1.086819147315546275e+01
-9.180530930689950964e+00
-8.261521318605732134e+00
-8.326406250522069286e+00
-8.688351718094656562e+00
-9.872526258444338509e+00
-1.041678604972933364e+01
-1.030920265195048025e+01
-8.814411690868160676e+00
-8.242066821422733724e+00
-8.501748973785826280e+00
-9.181400072620991892e+00
-9.761924805959685258e+00
-1.031904464594597037e+01
-1.007957924403050498e+01
-7.681073838474862470e+00
-6.335718706453101312e+00
-6.569663292815580924e+00
-7.346832682236401624e+00
-8.418690467838963798e+00
-1.065425896450855525e+01
-1.029115398184992536e+01
-8.838064513533177902e+00
-5.984667100095487413e+00
-3.457094094441623078e+00
-2.269240540292641661e+00
-1.235186142376089036e+00
-9.393687365517872090e-01
3.168183023678958210e-01
2.639056479263721222e+00
5.508484321682603380e+00
8.277118300521150829e+00
9.736809211904535744e+00
9.771162708199309321e+00
8.632503453851290587e+00
8.065174900819286563e+00
8.280971785283071540e+00
9.320892953672476722e+00
1.076391765992210736e+01
1.154436559698919318e+01
1.140156283815901439e+01
1.059037921700881313e+01
9.944595270588427738e+00
1.016174450555379316e+01
1.138886772773929223e+01
1.238667269932273207e+01
1.283530510759382359e+01
1.247316041073604787e+01
1.151298544695546688e+01
1.093792677366654331e+01
1.141422848563889758e+01
1.268874341014733353e+01
1.401494687472629330e+01
1.346012900180181227e+01
1.154260274063944891e+01
8.399914219656702485e+00
5.455607849105597928e+00
3.497896084236076675e+00
2.064109576363448717e+00
2.255209513188381365e+00
1.030223887911459135e+00
-2.218307181440521525e+00
-4.664136578259300059e+00
-7.440310910327035288e+00
-9.423810714719490278e+00
-8.887845114266506030e+00
-9.064557515838618684e+00
-7.586164107483988950e+00
-7.699119382531526945e+00
