-5.595106185079463668e-01
2.411733872731467443e-01
-8.807195567931150881e-01
-2.130168658372307178e+00
-3.599146465031476616e+00
-7.090789946182283643e+00
-1.013213623320133294e+01
-1.066274408051129896e+01
-1.190787333631759637e+01
-1.079715793723002193e+01
-8.354080842595619671e+00
-5.875640967822418403e+00
-4.840782981527969042e+00
-5.257189217940251957e+00
-3.002312677182218614e+00
-1.980820088608882479e+00
-5.464077941673832761e-01
-1.915678442246468993e-01
-6.322645019171155845e-01
-1.420399045438466068e+00
-3.633160012679833351e+00
-5.353092376092805971e+00
-5.561728398352492775e+00
-5.100782600314160753e+00
-4.522693898143489655e+00
-3.856092198493774159e+00
-4.300325942044834981e+00
-4.849335972842737874e+00
-4.353593562963217423e+00
-4.049739122438206884e+00
-3.843243837559238596e+00
-3.029403321866378285e+00
-3.036791809357490823e+00
-4.856779170710279203e+00
-5.927900243052699913e+00
-6.774207161159837121e+00
-6.243388579209530498e+00
-4.365286824230561358e+00
-2.442487277848226501e+00
-1.870740090692109447e+00
-2.544856441798227120e+00
-3.610108670036774825e+00
-4.193979587233683581e+00
-3.318022942140134823e+00
-2.000274105009711256e+00
-1.900345697366531805e+00
3.774020753932072481e-02
4.047108391242486558e-01
-1.871170415966640077e-01
6.220054070705492710e-02
4.853468353629558085e-01
1.307760243300268632e+00
1.720894731164662739e+00
2.871417099138260376e+00
3.878183987808457189e+00
4.476663869282802466e+00
5.261181236859291843e+00
6.695396176631376761e+00
6.980369226547475492e+00
7.121270411479696527e+00
6.232743552210821214e+00
4.891581384407405864e+00
4.435791790653357047e+00
3.446677358624017362e+00
4.204477533492347874e+00
5.288239260047943979e+00
5.895804146662802836e+00
6.197866770275624049e+00
5.601905121206685934e+00
6.471555413627271491e+00
8.007692360397022924e+00
8.588589418007474663e+00
9.059917082268862387e+00
1.026896969812988303e+01
1.089236561147493987e+01
1.046669557512155357e+01
1.104196035349759697e+01
1.198874456002921818e+01
1.301257905355264910e+01
1.391213744462949187e+01
1.399904317569492740e+01
1.349367913109717776e+01
1.237151636566555801e+01
1.141347047034740214e+01
1.008319963773861794e+01
9.021684715257149989e+00
6.980135228561385574e+00
3.328599456821210723e+00
8.342797165374413737e-01
-4.832942400162528185e-01
-2.393003752703809717e+00
-3.874072362768482325e+00
-3.061741869599679866e+00
-4.134431875447985405e+00
-5.330959282649141429e+00
-5.135575881193808812e+00
-4.617553121427842910e+00
-6.448246264633431757e+00
-6.552360337794937095e+00
-5.665432098503626612e+00
-7.053068547608880579e+00
-7.099617829655005430e+00
-5.692429429514070272e+00
-7.297836681749236831e+00
-7.736180654397857737e+00
-7.897939180587373542e+00
-8.327714277776715690e+00
-7.793749086597722808e+00
-7.780865717263194981e+00
-6.819829494893326682e+00
-6.000658965230562636e+00
-5.965047137846122283e+00
-5.513285922267815664e+00
-5.991659890593631133e+00
-7.386684848634542888e+00
-8.609192025567974582e+00
-9.239485145187712689e+00
-9.558628224316057853e+00
-8.722234572262342667e+00
-7.527749513612690180e+00
-7.081786462457229092e+00
-6.456446666649197752e+00
-7.473624918681591289e+00
-8.113166026295090205e+00
-7.553608571325020726e+00
-7.886332058808074308e+00
-6.556180890972253650e+00
-5.961118681809154829e+00
-4.061235742448140229e+00
-1.733152240127013632e+00
-2.074389953773143613e-01
1.910644233662178282e+00
4.966553824537015771e+00
8.478053284294187364e+00
9.480616522648535494e+00
1.006367782290412016e+01
1.102272337608038022e+01
1.139582337928678157e+01
1.240866506662659852e+01
1.305570315747531396e+01
1.380200413405749060e+01
1.362699538230616270e+01
1.278508087016586892e+01
1.168517225423846817e+01
1.246680061733686706e+01
1.347233317039551004e+01
1.361986574442348896e+01
1.342215635760959458e+01
1.271053770064913024e+01
1.208767681323296905e+01
1.043227992643445035e+01
9.003275870127760427e+00
8.699209660544980238e+00
8.279727298024996074e+00
8.482495160533321865e+00
8.470810358756706293e+00
7.711928942086304417e+00
6.769168644419658598e+00
6.582140195938944061e+00
6.818350740989703951e+00
6.759807036175342176e+00
5.548822418243042343e+00
5.242441584791642128e+00
5.452656203301125437e+00
6.181304570894621264e+00
5.033046864316946589e+00
3.020141696308905832e+00
2.639636944955997322e+00
1.341735160672094418e+00
-2.004341209571073867e-01
-2.303667103710411723e+00
-3.655603341966928266e+00
-4.912779770333391305e+00
-5.496127769851095302e+00
-7.121967452617458783e+00
-6.808575518188344944e+00
-7.770609434438402019e+00
-8.375629862933065439e+00
-7.046740742967428694e+00
-7.856520453565364548e+00
-8.637183319269958304e+00
-8.813457086443422739e+00
-8.565050167875186915e+00
-8.452458711461835250e+00
-8.785519306145282314e+00
-8.359766772660757184e+00
-9.153746775011788017e+00
-8.722471481352053857e+00
-7.431769896870246583e+00
-7.169908102277489093e+00
-6.483549081411048576e+00
-4.895334977612096239e+00
-5.093670783192540519e+00
-5.874131649144714196e+00
-5.007752797133058209e+00
-5.716211694502773000e+00
-6.170574682224927443e+00
-6.591545908932700648e+00
-7.283346027201797135e+00
-6.188565961443780239e+00
-6.324479928392943151e+00
-7.395567631453132229e+00
-6.935624988285153059e+00
-7.555068734348058257e+00
-6.699223211681396783e+00
-5.488804519991552056e+00
-5.211468657724052989e+00
-4.428234177549176920e+00
-3.602772683641104923e+00
-1.891500257295869014e+00
2.099641531469509381e-02
2.915391215296595284e+00
4.826012020375650025e+00
6.309463168504542807e+00
8.090239256894731668e+00
8.798413109063824677e+00
8.507051079047736053e+00
9.118626544196407835e+00
9.581644524092094883e+00
1.039559716975290193e+01
1.214823430433708218e+01
1.205500625778468482e+01
1.169185615399610789e+01
1.218137739218986049e+01
1.201059624831244932e+01
1.195143028716998224e+01
1.245668079214765456e+01
1.280222744636267329e+01
1.344257571187818101e+01
1.329762583626230743e+01
1.239640845083165566e+01
1.298924766985024526e+01
1.317448185359862656e+01
1.292050747748129780e+01
1.264125317692098349e+01
1.117424765068764714e+01
7.476597649202860296e+00
4.764300722666804155e+00
2.431362835130074451e+00
2.084278385081640428e-01
-2.084934835838317291e+00
-3.350794682382575829e+00
-5.016386262499577420e+00
-5.806881344977986359e+00
-4.523974818986198798e+00
-6.406117827575442902e+00
-7.153065017160854744e+00
-6.407561689896011714e+00
-6.872660020556573102e+00
-6.248255150907710664e+00
-6.554963218299114658e+00
-5.500403166590325910e+00
-4.677236244506413065e+00
-6.499555074128134713e+00
-7.340093955957605054e+00
-8.046261534295314988e+00
-8.625402524160245221e+00
-9.482996769394056003e+00
-8.724644826737574022e+00
-6.516978679109423744e+00
-6.545943554987752933e+00
-6.373000282538081152e+00
-5.175056454040794840e+00
-6.448099884756413935e+00
-6.755789382253556852e+00
-7.356354038626658820e+00
-7.083966446393580085e+00
-5.798538849181303689e+00
-5.246851674342080329e+00
-5.934304502896062594e+00
-6.119053776288403412e+00
-5.077131093813705753e+00
-4.895999311859900338e+00
-6.962649191748067068e+00
-5.844083433047466691e+00
-4.220205930180827458e+00
-2.190849650974616480e+00
9.177639654637794742e-01
3.383801436638252280e+00
5.536305139466310976e+00
8.215543994159441255e+00
9.551196199476061466e+00
1.017939673799978273e+01
9.684243041267318830e+00
1.079040125211259316e+01
1.247324396285219450e+01
1.320876195593355895e+01
1.319366218480771735e+01
1.165398833799374856e+01
9.946915800899544635e+00
9.436346874714113042e+00
9.640650026591183419e+00
8.785095346708940767e+00
8.349403540205855734e+00
7.327825384214096793e+00
6.582734626107868969e+00
6.111798723329836314e+00
5.613114840696773022e+00
5.514411853998100632e+00
5.931412591746611618e+00
7.800370643823951511e+00
6.817802932016357786e+00
5.162735880429878854e+00
4.418546588328132962e+00
4.174756843083294200e+00
3.944467448513166108e+00
2.568421774420202031e+00
1.743780375393551463e+00
9.574684998139355585e-01
-1.937823493567101263e+00
-3.734171491166169421e+00
-4.660765506132825031e+00
-4.302406873084194672e+00
-7.865765687150809704e+00
-7.865765687150809704e+00
-7.865765687150809704e+00
-7.865765687150809704e+00
