-1.513854154135104757e+01
-1.598601249920034384e+01
-1.650819414877279812e+01
-1.664520004265428099e+01
-1.646497392364997125e+01
-1.599615901396163942e+01
-1.545431270518396438e+01
-1.521463365750619090e+01
-1.519580425762581655e+01
-1.516775003532980293e+01
-1.525955614202561428e+01
-1.550451381750211155e+01
-1.566415254406673618e+01
-1.590839771075867404e+01
-1.623226308332947099e+01
-1.652376560404782069e+01
-1.681629439684407146e+01
-1.709151047146773195e+01
-1.716196132388798645e+01
-1.719270160266423986e+01
-1.707117319969082914e+01
-1.685054269300959362e+01
-1.680104991960050143e+01
-1.674857782241648607e+01
-1.678083002146001235e+01
-1.687427279945134728e+01
-1.695738725057884366e+01
-1.696051325216106065e+01
-1.695038922536154757e+01
-1.704836109687770929e+01
-1.711649714713472648e+01
-1.726541507602848569e+01
-1.736613841853994344e+01
-1.728175617562400390e+01
-1.725512552730744886e+01
-1.720186491564294684e+01
-1.709580269792974505e+01
-1.723225842837128852e+01
-1.739647437512001815e+01
-1.752437382641004859e+01
-1.769714727041851887e+01
-1.772748183619803086e+01
-1.771322525666177228e+01
-1.776285817402295564e+01
-1.786883042349645123e+01
-1.792654746835128066e+01
-1.812313858482263029e+01
-1.825365782513954471e+01
-1.815286643174574621e+01
-1.812071998458029753e+01
-1.809417052120958402e+01
-1.802876630611801190e+01
-1.809198156472592345e+01
-1.812076110147879859e+01
-1.817907174386973779e+01
-1.820068413817784858e+01
-1.824579468580595787e+01
-1.846751207837871789e+01
-1.865109311186874663e+01
-1.871940833219226619e+01
-1.862650806954627924e+01
-1.837394847662715236e+01
-1.793387548418370869e+01
-1.745878646343133056e+01
-1.720460343299752992e+01
-1.743388784255795088e+01
-1.789284358750191473e+01
-1.809498506880315105e+01
-1.771128055863080064e+01
-1.679917388098242270e+01
-1.458555417375622021e+01
-1.089849434842325593e+01
-6.712559029676821609e+00
-1.696154789127510831e+00
3.408597846670719189e+00
8.095239180475131135e+00
1.196620518726326665e+01
1.440027792616130320e+01
1.597661264723968699e+01
1.727949229841232537e+01
1.731126278722786438e+01
1.858357751026078475e+01
2.109529947516695714e+01
2.273479955181577594e+01
2.459976958219023047e+01
2.658419337025906515e+01
2.738902552673384250e+01
2.728338459444269404e+01
2.735690570620119288e+01
2.720071032385791909e+01
2.703766606391569738e+01
2.740730395940668629e+01
2.719560891661863522e+01
2.724570315656216835e+01
2.767632612455881258e+01
2.708855728162380316e+01
2.716750212171101353e+01
2.804507363608091808e+01
2.853582692826922695e+01
2.907052351658905565e+01
2.991796939394265564e+01
3.002953427729779889e+01
2.963056687973902470e+01
2.939650886895786286e+01
2.951296295702004713e+01
2.960755195241770110e+01
3.055462218839398147e+01
3.085951889202405951e+01
3.127280858682854969e+01
3.125301714807497788e+01
3.013661928695026049e+01
2.906815407080952696e+01
2.829546177738737001e+01
2.807216079571278655e+01
2.883327790907078025e+01
3.035454504300038536e+01
3.158863759056465526e+01
3.286756353643396977e+01
3.341387885874205921e+01
3.276912979742913024e+01
3.175244834849251063e+01
3.112901041336183994e+01
3.039937632919654575e+01
3.037642165794016691e+01
3.043718486271860257e+01
3.098577289245636734e+01
3.092998659537342832e+01
3.054940783097055146e+01
3.019227289981810358e+01
2.970683583877591971e+01
2.975072423392717980e+01
2.990468166819398377e+01
3.048904842677445615e+01
3.046834343878569840e+01
3.037427936276373330e+01
3.020819151550309556e+01
2.961196616153834427e+01
2.972727487807127744e+01
2.935612121871622193e+01
2.950872805002183341e+01
3.009321802195681173e+01
2.973167435455372498e+01
2.910627888337138813e+01
2.857865470539542585e+01
2.786209937581502416e+01
2.756735569901759320e+01
2.799762349414086415e+01
2.832425329490900268e+01
2.861373317401643490e+01
2.718679021062701295e+01
2.401382425639454610e+01
1.855897458958623503e+01
1.178089463975009465e+01
4.958231629481065106e+00
-1.058304094336925072e+00
-5.142779112274752151e+00
-7.648712369658728250e+00
-9.194498134197258921e+00
-1.008663389268033939e+01
-1.117862076790943426e+01
-1.239128769805001440e+01
-1.369821271150955866e+01
-1.463059026325491274e+01
-1.516557291771552940e+01
-1.543714119902703885e+01
-1.568044910338008791e+01
-1.605693152297152082e+01
-1.659265335079455994e+01
-1.722634856054120434e+01
-1.762039541704653800e+01
-1.765101602670017300e+01
-1.769632622402210487e+01
-1.787552253097328858e+01
-1.822754563297567998e+01
-1.876789832475543207e+01
-1.924188698296576661e+01
-1.958260465070839373e+01
-1.963131084400088611e+01
-1.956399058983940265e+01
-1.960983928165254397e+01
-1.990674232016028355e+01
-2.024526160161038391e+01
-2.047189930226382870e+01
-2.064136458731052670e+01
-2.067525563805234157e+01
-2.062079965243654911e+01
-2.064446352496163328e+01
-2.087399550408259685e+01
-2.116875532677333993e+01
-2.136345753962900318e+01
-2.142878209347821183e+01
-2.141898398187777275e+01
-2.143055960860813158e+01
-2.147388016554419110e+01
-2.172286019324143425e+01
-2.200386134204643795e+01
-2.218002310652896014e+01
-2.215713721314538276e+01
-2.203918486447215841e+01
-2.209789014691764919e+01
-2.228156338174395046e+01
-2.244754903037397398e+01
-2.262879127917716815e+01
-2.274568369217753983e+01
-2.272720349380841398e+01
-2.260435982209989803e+01
-2.258696648068022128e+01
-2.287475528357762755e+01
-2.312596017984730423e+01
-2.318352509167377207e+01
-2.302925682794195694e+01
-2.284000828999554145e+01
-2.263932402963543211e+01
-2.183654988854234702e+01
-2.090570471525364837e+01
-1.897641849129292524e+01
-1.554066391106838196e+01
-1.068534777061654673e+01
-5.114423743273926348e+00
-2.656111798793179268e-01
4.252320841986777289e+00
7.560026407647022495e+00
9.113525249395060257e+00
1.077175694981058740e+01
1.262632424277805043e+01
1.495179530635503795e+01
1.723823962835709978e+01
1.872669354257847019e+01
1.983242345063826306e+01
1.959525507964843527e+01
1.939319705047782705e+01
1.871956653456973285e+01
1.834972494548234678e+01
1.934380680194720270e+01
1.945030235824998499e+01
2.042833747561022051e+01
2.111075656402600131e+01
2.145901580729216818e+01
2.151793747131847567e+01
2.167933136666578520e+01
2.210332226251007626e+01
2.142145400639453356e+01
2.123555186798866856e+01
2.154398498517404548e+01
2.081625445618227843e+01
2.100981294665438526e+01
2.182445103834878708e+01
2.169580853674493781e+01
2.225037872792729843e+01
2.218700192917098590e+01
2.195490668183430572e+01
2.193819524217646233e+01
2.148109992953102321e+01
2.211394585835387971e+01
2.281516507896941093e+01
2.306128040257260636e+01
2.389990084857197061e+01
2.461790022027325620e+01
2.466492809094651406e+01
2.426059546827913849e+01
2.404555536254679993e+01
2.304028273257322112e+01
2.171672503894637174e+01
2.113415954520395701e+01
2.097474611615417217e+01
2.144941213798376012e+01
2.256321382046843382e+01
2.343714268650878196e+01
2.357087178523972071e+01
2.264423656174199095e+01
2.175223580704764714e+01
2.103045602239077994e+01
2.046110614405204231e+01
2.099000844400019261e+01
2.186778730717749397e+01
2.252522887039262045e+01
2.265276930842092540e+01
2.183524718785111673e+01
2.045058687412451093e+01
1.979351360393122405e+01
1.977694340905603454e+01
1.981639606071421511e+01
2.076597795927615309e+01
2.162931207412041701e+01
2.150160846297480788e+01
2.133750302033821811e+01
2.099295209292056796e+01
2.008005574718599462e+01
1.888443144000907381e+01
1.664032885235098647e+01
1.358416067299421215e+01
8.993071588473803502e+00
3.306626455154151323e+00
-2.420965482051697037e+00
-7.320889259887899847e+00
-1.117337731252355582e+01
-1.365485280090569731e+01
-1.536658939955731817e+01
-1.673908621808697816e+01
-1.765040474266641723e+01
-1.893152210541835956e+01
-2.012630350597080309e+01
-2.072031721726579789e+01
-2.127654186180290097e+01
-2.160768645387458875e+01
-2.198583982635541290e+01
-2.244655465509140058e+01
-2.264667402782696826e+01
-2.300977957845824662e+01
-2.322370149124726879e+01
-2.319428977840748374e+01
-2.325395487422794361e+01
-2.318602331450848197e+01
-2.318602331450848197e+01
-2.318602331450848197e+01
-2.318602331450848197e+01
-2.318602331450848197e+01
