-9.539360988132129293e+00
-9.539360988132129293e+00
-9.539360988132129293e+00
-9.539360988132129293e+00
-9.539360988132129293e+00
-9.539360988132129293e+00
-9.539360988132129293e+00
-9.539360988132129293e+00
-9.539360988132129293e+00
-9.539360988132129293e+00
-2.072799318967177840e-02
7.047024159321890302e+00
4.379795607945283109e+00
-8.304931085346114017e+00
-1.814158418838511366e+01
-1.809704871424298389e+01
-8.404709430643848123e+00
7.767632209188930048e+00
1.813476973072552312e+01
1.604333976559334118e+01
1.360128093163639917e+00
-1.567272330898320831e+01
-2.480914396503983710e+01
-2.331989206595432407e+01
-1.116321368332032016e+01
6.796758575798175883e+00
1.554175564301986689e+01
9.880395099903557465e+00
-2.971941225212804127e+00
-1.881740046799088617e+01
-2.681205581161488993e+01
-2.200773727948675429e+01
-7.643626511135117596e+00
8.794612421996854223e+00
1.999176486764096694e+01
2.195446852982021824e+01
1.534152721153927779e+01
2.939578920241743276e+00
-7.533385991857263875e+00
-1.526201091482540484e+01
-1.699632088363938820e+01
-1.381528732951402283e+01
-8.480305368852480541e+00
-4.196918313712943771e+00
-3.734091520705430156e+00
-4.897230306187837279e+00
-8.817638453297771406e+00
-1.056761962293625778e+01
-1.300338631830300606e+01
-9.636462621983170607e+00
-3.612158767967632578e+00
2.747955742352434338e+00
9.637842855924366958e+00
1.560226670651018921e+01
1.710172988338242916e+01
1.460895545717083976e+01
9.691633627524748107e+00
2.031306497622377805e+00
-3.154330439701607869e+00
-5.770234535567442258e+00
-3.849691109784081799e+00
3.212342824075035796e+00
1.091579759756922030e+01
1.719569801345620519e+01
2.019561394809134569e+01
1.825199465807526522e+01
1.213781991082603540e+01
5.312345331050523534e+00
1.992968473769690663e+00
2.572366666962984993e+00
4.095348361386106362e+00
4.924650376482862413e+00
4.510207899106910112e+00
2.551556361559237374e+00
1.591698116595779755e+00
4.610734592534566190e+00
1.064474723296750014e+01
1.690965110186182230e+01
1.981850875013599733e+01
1.498794052890168516e+01
4.994895088976258890e+00
-5.401543378122945605e+00
-1.052404566719036971e+01
-7.275412686611464785e+00
3.255507273831595327e+00
1.597792390004429919e+01
2.346685471536868306e+01
2.351211359795307132e+01
1.235428944978638732e+01
-5.666854128697007553e-01
-1.103073840014195994e+01
-1.455652518586097877e+01
-8.766923342544172826e+00
2.608591069393140671e+00
1.391046258060387864e+01
1.688509025137843977e+01
9.204347005878037891e+00
-3.129930841366633132e+00
-1.759812971212880583e+01
-2.473486139115622962e+01
-2.122661723383900423e+01
-9.557658908701624156e+00
4.041292460974635681e+00
1.150802523861127646e+01
8.734890424359988970e+00
-2.749277617146359098e+00
-1.738747759104398227e+01
-2.578777869831129976e+01
-2.205986188592217800e+01
-9.171100733722992615e+00
7.783811302313996983e+00
1.829351146266471062e+01
1.744872618176582790e+01
5.750965442530420191e+00
-1.073178407368641452e+01
-2.326611215709063174e+01
-2.694621659785557810e+01
-2.255928897884259854e+01
-1.280217336017431862e+01
-2.775715845456182329e+00
6.362465773715686446e+00
1.201709347273067507e+01
1.556420801315571012e+01
1.757212675311999206e+01
1.610348784069860884e+01
7.998718255524038589e+00
-3.231615311876218755e+00
-1.516616666531491830e+01
-2.247540344726465378e+01
-2.208024892094526592e+01
-1.490957612000218191e+01
-2.454900570305541763e+00
9.922505410618992272e+00
1.593542198684429856e+01
1.440004452208966512e+01
9.504619423582994386e+00
1.517098098418220964e+00
-4.783613241893721835e+00
-7.209111241771182677e+00
-7.009857660295355508e+00
-6.107412574735559652e+00
-3.383505517369512550e+00
1.280751338827714303e+00
8.454650590847482050e+00
1.333851486930750774e+01
1.862973046485985051e+01
1.767364776537022664e+01
1.188480999759722678e+01
3.894583687451349974e+00
-1.914714882281270292e+00
-5.464956110505364784e+00
-4.954087986930391097e+00
1.109696700234197309e-01
6.164478138837520049e+00
1.166674123997957047e+01
1.579571187307566937e+01
1.828775988811926823e+01
1.744717235601810401e+01
1.488686876176151408e+01
9.334088316399178353e+00
2.342775564314712788e+00
-4.447823275173110602e+00
-9.116591150300953572e+00
-7.277380068272169211e+00
-1.441825601240562804e-01
1.004014210027423637e+01
1.841589882500834818e+01
1.995725962056940261e+01
1.617777083153892548e+01
5.898977125024305934e+00
-6.171167827534707051e+00
-1.569419748725088759e+01
-1.930587296644402073e+01
-1.422507957217105456e+01
-4.984137719954988555e+00
6.246719246149578630e+00
1.466647039955010534e+01
1.637933137137940420e+01
1.049871013019576615e+01
1.763861788757410842e+00
-1.035622283828275769e+01
-2.069917431014177822e+01
-2.543647184203403455e+01
-2.544977609999732948e+01
-2.014742648607429132e+01
-1.183161005286796552e+01
-1.292723448270129083e+00
7.461113728895906405e+00
1.282452751933480606e+01
1.306709296525635544e+01
5.842829291257078950e+00
-5.581243392839207118e+00
-1.850136223647199785e+01
-2.795271165877794672e+01
-2.978978288768233185e+01
-2.165064672347961405e+01
-7.909780403753035927e+00
5.107466940054784743e+00
1.211857543654334179e+01
1.040965069530835763e+01
-2.267305513577611009e-02
-1.151918936006351224e+01
-2.172058633617947265e+01
-2.552656908021046434e+01
-2.309615037831941109e+01
-1.593923462281234293e+01
-6.859997426201784876e+00
2.550908769039688551e+00
1.003280547655368160e+01
1.848674931815570233e+01
2.261099573894065884e+01
1.964526218623142029e+01
9.525724005853431819e+00
-1.440011972495542025e+00
-1.254430186364971433e+01
-1.743213786326272441e+01
-1.402967135767642581e+01
-3.606005903980312510e+00
9.098778437037845279e+00
1.742480204632020957e+01
1.715936543502714073e+01
1.220420528483405320e+01
3.153795837267512780e+00
-1.760825726182199347e+00
-1.455876671490076157e+00
3.066801052558566276e+00
7.998617165676622065e+00
1.261252745512864948e+01
1.227705487216162972e+01
9.210610422403748387e+00
2.819452586611882694e+00
-2.370773878750910058e+00
-4.549349253220436040e+00
-1.538821512834603222e+00
4.396247454358606532e+00
1.344595286966662684e+01
2.193807593797330568e+01
2.468225051719624119e+01
1.794205678746089205e+01
6.376046251723513691e+00
-7.210166628555320756e+00
-1.402510284850135136e+01
-1.107554489745368009e+01
1.830181995333166611e-01
1.263678128494446185e+01
1.826075010985291414e+01
1.288374754296315317e+01
-1.497045008853172376e+00
-1.850139209232259674e+01
-2.751025047712052185e+01
-2.323653703845345220e+01
-1.106805912871667097e+01
3.791876950792346435e+00
1.041053079495063827e+01
5.816370445519893018e+00
-5.419005280856062257e+00
-1.682066126313308629e+01
-2.192114118701735137e+01
-1.366268349044854702e+01
-2.123623819690491743e+00
6.030871975124401096e+00
5.036352624419729196e+00
-4.688755427052436531e+00
-1.652383349149155833e+01
-2.303748877521295313e+01
-1.966155005625619623e+01
-7.033352100462984424e+00
8.550706098884855777e+00
1.767030074745438384e+01
1.490232107332889555e+01
3.056210031778594072e+00
-1.276506478140845680e+01
-2.245422772536415934e+01
-2.064400595150407014e+01
-9.869591409774763235e+00
4.998636189393272922e+00
1.497812576115347305e+01
1.481027892092214060e+01
5.265218989834071550e+00
-9.661435250652459672e+00
-2.166507417907473254e+01
-2.461102525951802988e+01
-1.724107973545221739e+01
-3.605243337753574195e+00
8.951895493312145291e+00
1.537665168291629314e+01
1.297315368951949566e+01
3.141994308845845296e+00
-3.503728999929784038e+00
-6.487867745583988821e+00
-3.668937986422700082e+00
2.807645213539998075e+00
9.972794543409007062e+00
1.280270519576336774e+01
1.149919059591449333e+01
7.166739714774685410e+00
1.645694565245693575e+00
-2.382158223655950646e+00
-3.517220046795652699e+00
-2.357260223605077698e+00
4.785017852157659846e+00
1.228586948490927000e+01
1.856524760206970726e+01
2.175098125638441005e+01
2.046530593879642268e+01
1.347239687787151574e+01
4.037191981512934902e+00
-3.808729871638009357e+00
-5.794923746770597184e+00
-8.894417386242245982e-01
8.322414511327963282e+00
1.736708301203085725e+01
2.098231762478553364e+01
1.601163332594505917e+01
3.480515736280276329e+00
-9.065861756113292813e+00
-1.867769667482820495e+01
