-3.697035308494515249e+01
-3.697035308494515249e+01
-3.697035308494515249e+01
-3.697035308494515249e+01
-3.697035308494515249e+01
-3.697035308494515249e+01
-3.697035308494515249e+01
-3.697035308494515249e+01
-3.697035308494515249e+01
-3.697035308494515249e+01
-3.697035308494515249e+01
-3.669990471867771475e+01
-3.833061033057956735e+01
-4.148729331770682904e+01
-4.364340365375765884e+01
-4.312416594638386158e+01
-4.039273165247698216e+01
-3.795449050587014739e+01
-3.756079869257376203e+01
-3.939807721745275870e+01
-4.280108906170508476e+01
-4.548085457152404842e+01
-4.613272812623155517e+01
-4.443581966422386387e+01
-4.144765813378388941e+01
-3.865523710557486936e+01
-3.742771902580521726e+01
-3.848528241950003093e+01
-4.090366570216344400e+01
-4.360612034900632494e+01
-4.530472790279071660e+01
-4.479744639339940449e+01
-4.203995674291113005e+01
-3.882843417558444798e+01
-3.667473144930343665e+01
-3.714667038190734871e+01
-4.066401658823038900e+01
-4.598754244354349652e+01
-5.032024510907235992e+01
-5.131883357582785266e+01
-4.856183405597811031e+01
-4.372094678201211337e+01
-3.912119184186138199e+01
-3.728916194668670414e+01
-3.879678276332617060e+01
-4.199935605059173582e+01
-4.436916981131685134e+01
-4.449255754501672300e+01
-4.282741964700266379e+01
-4.070949135854893797e+01
-3.991080936904650400e+01
-4.015406662284675576e+01
-4.106607285672524910e+01
-4.129352789385182376e+01
-4.064233347427617815e+01
-4.075923462376957929e+01
-4.298804126910957990e+01
-4.703780445716042635e+01
-5.081127374467202173e+01
-5.152328100923083554e+01
-4.753902182662596232e+01
-4.058478668669327760e+01
-3.476534220427524247e+01
-3.387646008655491414e+01
-3.901875023733992975e+01
-4.675505215627503475e+01
-5.194180965085314483e+01
-5.117224691372953771e+01
-4.562802362379125753e+01
-3.988146807672427485e+01
-3.868014944444237813e+01
-4.272913843534198719e+01
-4.706288069159035814e+01
-4.268838087698710382e+01
-2.493856250491207405e+01
3.344631181017071242e+00
3.172650758242633628e+01
4.716271885330891678e+01
4.168019776745963156e+01
1.958672788065128501e+01
-5.876940306723138718e+00
-1.820956733830998786e+01
-7.159125084705882713e+00
2.452856142599965850e+01
6.342746926235302851e+01
9.119479235904145753e+01
9.641483964706114307e+01
7.855635469781313418e+01
4.825810300557424171e+01
2.075474066616627411e+01
8.939222503307632905e+00
1.648562687404081117e+01
3.580902361070339879e+01
5.809468359141172300e+01
7.165887365602466730e+01
7.188448877325711805e+01
6.149091043966129178e+01
4.719109973916206968e+01
3.752601158916311874e+01
3.710183955482610685e+01
4.536772434515200558e+01
5.919958305908669871e+01
7.056163007361985251e+01
7.411698425157298686e+01
6.877129679286355213e+01
5.782768410600842657e+01
4.792213196911115602e+01
4.451077137022499386e+01
4.952832980786018879e+01
6.072136934544658260e+01
7.078884892477515223e+01
7.396552184732088620e+01
6.880790810548541003e+01
5.793975237539473255e+01
4.801821076754287532e+01
4.435019997702899985e+01
4.863788335063080126e+01
5.819058704976602314e+01
6.733471949886140351e+01
7.201451837057217631e+01
7.115681547231466197e+01
6.652836662242623333e+01
6.089272090874216303e+01
5.631313122913515201e+01
5.320280144568056357e+01
5.053008375841238831e+01
4.797786957059414448e+01
4.679786872795418873e+01
4.869532633565945901e+01
5.379172614902753935e+01
6.154074411461598260e+01
6.828116980046360140e+01
7.142189689570965072e+01
6.978891532258921870e+01
6.430430597576727791e+01
5.772462700965101590e+01
5.276356864352123921e+01
5.060889475033305729e+01
5.143774339714356358e+01
5.488574222771487143e+01
6.068279412247952109e+01
6.832290341016427249e+01
7.617296369238715670e+01
8.161912343374189049e+01
8.196096411214180932e+01
7.586574867795343380e+01
6.557351709607343082e+01
5.598722778160816915e+01
5.219527438653796736e+01
5.579066424495576371e+01
6.355998872068668959e+01
6.936538283561893081e+01
6.650273626315302522e+01
5.353138881070862709e+01
3.509554861047576679e+01
2.001262896178057815e+01
1.592861813407869676e+01
2.556278494930085898e+01
4.389332876808208539e+01
6.132035946267910731e+01
6.828566571183996814e+01
5.899875757416914013e+01
3.466752202713999509e+01
4.856147607243503472e+00
-2.422388419616702038e+01
-4.328970354512848928e+01
-4.838596265492703452e+01
-4.092296816239884549e+01
-2.537267189342411911e+01
-7.874559618604097366e+00
4.846270180509787195e+00
7.932853301920301803e+00
-3.542019410435504057e-01
-1.623129057988563062e+01
-3.400697483695014967e+01
-4.648865866294827498e+01
-4.884548616153458056e+01
-4.170665911062289410e+01
-2.925674720841551490e+01
-1.835888943519917405e+01
-1.402632839520486741e+01
-1.739049146805951906e+01
-2.544326182899212085e+01
-3.526660452818127567e+01
-4.204326501534295346e+01
-4.549771791402441323e+01
-4.698247097930648408e+01
-4.713953164835709231e+01
-4.602326484106758642e+01
-4.334696571750033200e+01
-3.899151855155933788e+01
-3.363694749732089662e+01
-3.007013293304451906e+01
-3.097623673044756387e+01
-3.609211610677864712e+01
-4.386723748009299584e+01
-5.042692064902176696e+01
-5.260615430906617718e+01
-5.013130481947082728e+01
-4.518588781924133002e+01
-4.103747088157799539e+01
-3.995462795843969417e+01
-4.186938585997258855e+01
-4.487388977013620206e+01
-4.680767062356996178e+01
-4.718893672902223102e+01
-4.688187629710543547e+01
-4.730911698423093270e+01
-4.881556546861976642e+01
-5.028159371642340147e+01
-5.001401674724964153e+01
-4.732730598342942585e+01
-4.371590145821437545e+01
-4.160932455064979507e+01
-4.276582211667145117e+01
-4.673436258010358557e+01
-5.091067863983101915e+01
-5.236520871425957324e+01
-5.000451841758279414e+01
-4.588730691295592123e+01
-4.398349227372313663e+01
-4.667134007811615959e+01
-5.292962989812999552e+01
-5.795323761506141835e+01
-5.647844059161754871e+01
-4.626806695132198399e+01
-3.077125360738648396e+01
-1.743332512615443619e+01
-1.303298077191004012e+01
-1.852539721440254539e+01
-2.810912216588836898e+01
-3.133741135824559620e+01
-2.077609112107196410e+01
6.873355926128596138e+00
4.048023761914647878e+01
6.576945282761890610e+01
7.137511856327981263e+01
5.415341952429646710e+01
2.177181622659328042e+01
-9.648210464477998016e+00
-2.408449207417913129e+01
-1.425803405618822950e+01
1.180315363239911619e+01
4.395644058620646888e+01
6.568488298476275133e+01
6.774705448450370682e+01
5.241851188149301777e+01
3.069287296793370601e+01
1.442237810456240865e+01
1.209952784398695158e+01
2.396261533651852460e+01
4.401931692353610970e+01
6.002470727345873769e+01
6.501834698502057108e+01
5.838022413729304816e+01
4.485989658923868717e+01
3.301744826611462713e+01
2.986962592889031143e+01
3.585260552073166451e+01
4.792750345520120447e+01
5.757986670989627243e+01
5.946227455065883305e+01
5.343038724321721844e+01
4.369740966307414709e+01
3.696622472486664179e+01
3.774088795444308175e+01
4.661411034500422090e+01
5.704614191617498165e+01
6.233761251604208553e+01
5.865048785860496139e+01
4.726287991219777496e+01
3.497084769632727586e+01
2.912352062017392385e+01
3.355418818375611067e+01
4.615164189431455810e+01
5.871049013591525778e+01
6.402456811361611244e+01
5.911444913194642226e+01
4.740298889654039272e+01
3.646356200498804156e+01
3.296431393646188468e+01
3.875834281848096907e+01
4.987983808973782374e+01
5.895543426043829527e+01
6.104785961746655687e+01
5.625790436397275585e+01
4.866069887342295885e+01
4.384742151484729789e+01
4.422183483157211725e+01
4.708579077334277940e+01
4.776372426706794982e+01
4.222244124737958515e+01
3.189244478447300679e+01
2.172118017896887210e+01
1.680603859066591710e+01
1.955693983707672601e+01
2.531620507738301029e+01
2.608823577459727261e+01
1.647108602081762996e+01
-5.218717383982079738e+00
-3.122530525406796187e+01
-5.079620547857106061e+01
-5.675152875733714097e+01
-4.689485591665341246e+01
-2.715811491044909687e+01
-7.553887308672871725e+00
2.841652213800259119e+00
1.349993384365983928e-01
-1.264637277071556198e+01
-2.894077543693301990e+01
-4.350190017235176043e+01
-5.062287888298623528e+01
-5.032524391281507548e+01
-4.519950407630316391e+01
-3.771504964406852878e+01
-3.163579302659308112e+01
-2.958461548148405029e+01
