-4.829851797201532904e+00
-4.829851797201532904e+00
-4.829851797201532904e+00
-4.829851797201532904e+00
-4.829851797201532904e+00
-4.829851797201532904e+00
-4.829851797201532904e+00
-4.829851797201532904e+00
-4.829851797201532904e+00
-4.829851797201532904e+00
-4.829851797201532904e+00
-6.559268988043755577e+00
-6.421469096147493616e+00
-8.458932586743770798e+00
-1.021214436380235924e+01
-1.011996424425759855e+01
-9.283332118559870949e+00
-9.094453782143952836e+00
-1.045071418075982095e+01
-9.191049996535154420e+00
-1.052632748919883099e+01
-1.166859577517970514e+01
-8.635298894649162449e+00
-8.095442036714510792e+00
-7.268656511432603828e+00
-8.455836862020431610e+00
-9.982674826072461371e+00
-1.123374557785735561e+01
-1.050255808476248909e+01
-7.547518197548693131e+00
-4.097958772379870496e+00
-2.715427483869020442e+00
2.822359211590503847e-01
-3.142894105962880325e+00
-4.835598294979606138e+00
-6.589931032627740493e+00
-7.483053841020627317e+00
-7.970207902946497391e+00
-9.164470231825411872e+00
-8.009943681771416024e+00
-9.762856320679770050e+00
-1.153954638558965229e+01
-9.216560797318598119e+00
-5.263978586373569968e+00
-4.102444394642127179e+00
-4.669435819092955242e-01
2.863613846157343268e+00
6.276554278235138007e+00
9.949429536313287414e+00
9.581625210436776285e+00
1.069376168352356871e+01
1.106435157660140867e+01
1.201153872063488848e+01
1.053129807050630262e+01
1.139384189348851528e+01
1.066381122633347012e+01
1.247022085513532730e+01
1.342166733985327198e+01
1.296223526355126943e+01
1.101767818962069967e+01
1.213339566383494095e+01
1.254949179435154250e+01
1.196121556993245250e+01
1.359434140163297045e+01
1.540174381410679239e+01
1.293318629780228513e+01
1.118655238038016009e+01
8.441605553499803349e+00
8.103167616212362034e+00
9.182178737480162667e+00
9.445260353649649332e+00
1.049772996810813197e+01
9.106762951380064308e+00
8.602966316179221806e+00
8.031358379779836909e+00
6.876206664679632041e+00
6.624724545511078588e+00
8.235208987432384831e+00
8.851281494747876621e+00
9.946901232670649406e+00
8.530485828441701557e+00
7.253225862365167309e+00
9.050631491258616990e+00
7.760298692400041887e+00
8.289148508589782693e+00
6.616966939102074008e+00
3.381293611230614449e+00
-2.510962042474130573e+00
-4.825306467023932733e+00
-9.598911298867600195e+00
-1.021488018560422617e+01
-9.332880168655121267e+00
-1.045560136005078533e+01
-1.172096610700898367e+01
-1.092197458210131877e+01
-9.745059102754014546e+00
-9.294593814667756249e+00
-3.843821734480233232e+00
2.212855604578920499e-01
2.018833748355211899e+00
-2.532911810904058036e+00
-6.900377837698367323e+00
-1.329676256259033806e+01
-1.308857334449836962e+01
-1.300946872068904625e+01
-9.854336885024308046e+00
-6.549099469724449563e+00
-6.362614590440647255e+00
-1.097242610012308717e+01
-1.492937969739380399e+01
-1.919044305339468082e+01
-1.956653153793456923e+01
-1.462790393984868587e+01
-1.036912433516525489e+01
-7.245473657839555770e+00
-6.991350059563410824e+00
-7.224478206353875720e+00
-1.078636707632678338e+01
-1.346851169121743297e+01
-1.220200160918163412e+01
-1.000736242969981049e+01
-9.022900056554172821e+00
-8.416963499627218681e+00
-7.717568505858540817e+00
-8.209612723229195552e+00
-8.121857706808457422e+00
-2.869777175392894897e+00
-8.173754500715033622e-01
2.851736817972324367e+00
6.700178239323276941e+00
8.187380263789933110e+00
5.741678996788797562e+00
6.614300917532390578e+00
6.994033316168522418e+00
6.244046053242451322e+00
6.593102521670582306e+00
6.590965885623135456e+00
8.566545241156964252e+00
8.778562655046943775e+00
6.272324273378043102e+00
7.986388400157713008e+00
8.872973827635924238e+00
7.528471742070252049e+00
7.934969297364518503e+00
1.021033583217232632e+01
1.161117709765135686e+01
1.124126247172288551e+01
1.176347579077183703e+01
1.221496528447028140e+01
1.207810355141876890e+01
1.352717289391739186e+01
1.173428120638759964e+01
1.343416699823774607e+01
1.360958881042453505e+01
1.100575018964010532e+01
1.231607334181756563e+01
1.394262078886284684e+01
1.186219026941559207e+01
1.286707228371693112e+01
1.405400514508627552e+01
1.329756982696660295e+01
1.402724492948849466e+01
1.477934132072667062e+01
1.594641503790307269e+01
1.488023392510140397e+01
1.218644969510507359e+01
5.277610948205295749e+00
2.233045614278478919e+00
-5.073182087505274218e+00
-7.624148702458756865e+00
-7.967119038726913516e+00
-7.977435581922874164e+00
-7.228239972998945717e+00
-8.967533261238051168e+00
-6.832876510889676069e+00
-1.044233914182566103e+01
-9.670246282625242884e+00
-8.883947133938802310e+00
-7.560416825485733128e+00
-5.242818715350555436e+00
-2.698131849953915751e+00
-4.115505566023242245e+00
-4.675561379156977004e+00
-6.816560427951111834e+00
-5.910589969333216231e+00
-8.195297037442198729e+00
-7.265583742693284108e+00
-8.964192182810569065e+00
-8.215232475839821191e+00
-9.686468941928099596e+00
-7.358646558036403107e+00
-7.013894662673600955e+00
-8.943148731078002456e+00
-7.567995571407483801e+00
-5.678224135047306831e+00
-1.038396968529589870e+01
-8.560114956273384479e+00
-7.480305009109427417e+00
-6.138078798991069007e+00
-7.815553274312087240e+00
-9.083504059753934712e+00
-5.891230227575157130e+00
-8.049985945718326263e+00
-7.781568178819100901e+00
-3.316283782839704486e+00
-1.687699316204787525e+00
2.801012233872446355e+00
7.924223524452958856e+00
1.077063391199800968e+01
1.290082584300845880e+01
1.173008223455927812e+01
1.286859970484844773e+01
1.354328479524834705e+01
1.501433256350639134e+01
1.234987087466504718e+01
1.280156392113185682e+01
1.301649370417017870e+01
1.005496544077619347e+01
9.118168317236497344e+00
1.065527692363233214e+01
1.244872819333404834e+01
1.202688658818338041e+01
1.383611345069117959e+01
1.278625738109949594e+01
1.152656649274679879e+01
1.081882271041874688e+01
9.422420566631661387e+00
8.132492593885805476e+00
9.159126860554346550e+00
8.232631494205875811e+00
1.076721637626371297e+01
1.263317345403740610e+01
1.187492218863320659e+01
9.151584815730323896e+00
7.297332728303610239e+00
4.141199761353570707e+00
1.407915592411575822e+00
-4.759434072130209969e+00
-4.000842365860242111e+00
-9.212046221315283390e+00
-7.538318216025534646e+00
-7.105047538042542854e+00
-8.430417797154989401e+00
-6.085444195007284840e+00
-5.538816358300072906e+00
-5.254642848050203874e+00
-5.852562265138763209e+00
-8.389358450106586318e+00
-9.930276562135750495e+00
-1.065743717964759618e+01
-1.241628851659638144e+01
-1.239758172474821762e+01
-6.720011619416879078e+00
-8.372254784887285695e+00
-6.616694599618583972e+00
-4.968213532540623589e+00
-6.323843642084430172e+00
-8.749738058572951616e+00
-7.300245578708570271e+00
-5.726635304632854861e+00
-6.809619036286349569e+00
-9.924150144989514644e+00
-1.022564510332506771e+01
-6.787991842275154397e+00
-8.327419254189448949e+00
-7.335499081809311761e+00
-3.969832142825604038e+00
-8.381437135155007212e+00
-1.292302700281918426e+01
-1.068294713611970082e+01
-8.854788322007289381e+00
-5.126681824294696099e+00
1.635754028752066880e+00
6.100134733078618865e+00
5.170097984791381052e+00
2.205681065269036178e+00
-5.940188307401771617e+00
-8.076326404549057258e+00
-1.155638953561713933e+01
-8.709407087100260014e+00
-9.770343550065119231e-01
1.458434038424839541e+00
5.014821758275296304e+00
5.674097050754620675e+00
6.519504978578326337e+00
7.877636031246737502e+00
9.423913663866819945e+00
1.120356830421702554e+01
1.410991194223404932e+01
1.374018236754464084e+01
1.447459363211298289e+01
1.241478811020267159e+01
1.319329819771603951e+01
1.328036575535276320e+01
1.503986094825995501e+01
1.552593855105046572e+01
1.563584833193473678e+01
1.428951885105438713e+01
1.554456806549626080e+01
1.414071703014453618e+01
1.466743240115152425e+01
1.594602094347719046e+01
1.451046967847922708e+01
1.433318983555884962e+01
8.582367114475317749e+00
3.686872796770365390e+00
-1.449450896301891056e+00
-3.862410606840885663e+00
-5.953750596157822983e+00
-5.776741142296083709e+00
-8.007677298741633365e+00
-4.979138418108258968e+00
-7.795287611142457607e+00
-4.810979606977374701e+00
-6.724920208531802501e+00
-8.506791905539055065e+00
-8.848592048533674870e+00
