-2.701558653357925621e+01
-2.701558653357925621e+01
-2.701558653357925621e+01
-2.701558653357925621e+01
-2.701558653357925621e+01
-2.701558653357925621e+01
-2.670230362978632854e+01
-2.639147692582733384e+01
-2.630129646983306912e+01
-2.623857998824578530e+01
-2.628038855666803286e+01
-2.650050164895163007e+01
-2.647803407103069873e+01
-2.625616953387404351e+01
-2.600638412006156486e+01
-2.604236550468797518e+01
-2.619196871970893525e+01
-2.623199762768389220e+01
-2.647130396216025972e+01
-2.649242339247986422e+01
-2.649462076698777224e+01
-2.638689219418405330e+01
-2.627318648568029857e+01
-2.622772438885265345e+01
-2.627633297522135436e+01
-2.618891231629254790e+01
-2.628415268307609765e+01
-2.638390686831928278e+01
-2.664215065037551611e+01
-2.688036563772241649e+01
-2.704387221749696835e+01
-2.691794235576552197e+01
-2.678948011411149110e+01
-2.625650340008471062e+01
-2.590030018826219660e+01
-2.599105701928568379e+01
-2.608121685738601769e+01
-2.619402640873311228e+01
-2.618203838140318851e+01
-2.621851022140856458e+01
-2.602203764372506356e+01
-2.593241003592743255e+01
-2.585677804197178276e+01
-2.610108645865620858e+01
-2.623311391111330693e+01
-2.626618019569575679e+01
-2.617029022447011144e+01
-2.588224570651237144e+01
-2.547340044212986854e+01
-2.534108245424353711e+01
-2.551277681587057344e+01
-2.590196344649441329e+01
-2.609234009333895798e+01
-2.620905827729227866e+01
-2.574394503323000905e+01
-2.520399188619825992e+01
-2.506644217369544947e+01
-2.536421230069007038e+01
-2.589385334534972571e+01
-2.612698574871160773e+01
-2.465961495764383571e+01
-2.046200582936436874e+01
-1.314396974335010526e+01
-4.468659415799105084e+00
5.815249766648779683e+00
1.225937837193183633e+01
1.849069263080921743e+01
2.010029645444990365e+01
2.057279286954192088e+01
2.193487768004177951e+01
2.249522715583528765e+01
2.459761583590370648e+01
2.723992402869256679e+01
2.882509968177748050e+01
2.915271948659476919e+01
2.933471542917845554e+01
2.957783071113657059e+01
3.054308606071906596e+01
3.114698226746852328e+01
3.201085638576880399e+01
3.310898563271929618e+01
3.189552934019890174e+01
3.129162829080568642e+01
3.079755382739186587e+01
3.010973587889842662e+01
3.053710128219561426e+01
3.111927225001988262e+01
3.035863162896675149e+01
3.079240600628821412e+01
3.109962241871807365e+01
3.093986205530679001e+01
3.183138574920835495e+01
3.283435894108880149e+01
3.166900468623319753e+01
2.979239025920428574e+01
2.805885884093483540e+01
2.666601319544757587e+01
2.668234035067621690e+01
2.896776626010700895e+01
3.167537222322943080e+01
3.325196980631280042e+01
3.354068077905602507e+01
3.231787340579803924e+01
3.098711266154465349e+01
3.071829336805524946e+01
3.178418156168942588e+01
3.408517865272722958e+01
3.669446509677914747e+01
3.747184255471060510e+01
3.609070323539146585e+01
3.449662101971186701e+01
3.209591179803425121e+01
3.097316591908956696e+01
3.072948971490488290e+01
3.181283422688904849e+01
3.257835971078928594e+01
3.291420289453849790e+01
3.289486364045011157e+01
3.216210927780122830e+01
3.200192487698200949e+01
3.224964515211965477e+01
3.293497689244134108e+01
3.360723831312838428e+01
3.412619455409371483e+01
3.487116425869272263e+01
3.419062805309244624e+01
3.443654747860881571e+01
3.501476105961743457e+01
3.517282568823731026e+01
3.638099566583107247e+01
3.796272852323888003e+01
3.902773535559923346e+01
3.926632753469327497e+01
3.877710083307837152e+01
3.739973787328359833e+01
3.654936005830167289e+01
3.530293325641953572e+01
3.605681475565798166e+01
3.701674426353317671e+01
3.657626303949670188e+01
3.392160414164754201e+01
2.870136769041804570e+01
2.044762997840722463e+01
1.177520202917410508e+01
3.677803524920796541e+00
-2.705595559784130799e+00
-5.598024394076869470e+00
-9.164071904573422245e+00
-1.091857046955631105e+01
-1.228273430277350364e+01
-1.469918746251005182e+01
-1.656094152256678242e+01
-1.685807831440343563e+01
-1.755356341414432464e+01
-1.804592098108421183e+01
-1.791569385723725105e+01
-1.901751267074898166e+01
-1.921979986464801016e+01
-1.963201620034610428e+01
-1.916574180802160043e+01
-1.894827475037366682e+01
-1.912206936269902613e+01
-1.972149265387046668e+01
-2.086156992414422007e+01
-2.197759595036435698e+01
-2.276158997037626364e+01
-2.260885595361649791e+01
-2.259923091771615233e+01
-2.266418081253520356e+01
-2.278547634929843113e+01
-2.344762701896142687e+01
-2.388501047583269354e+01
-2.399039429178958827e+01
-2.384970893285807492e+01
-2.359343726761911952e+01
-2.365634170042694961e+01
-2.403093484202241470e+01
-2.451295741251308513e+01
-2.475772896093904762e+01
-2.472206647036618321e+01
-2.442350350627540223e+01
-2.425929614230554066e+01
-2.444483412062107774e+01
-2.486473869328706243e+01
-2.524344459125622109e+01
-2.532761937447957479e+01
-2.513131577035282405e+01
-2.481631392235246381e+01
-2.473708730429148872e+01
-2.494952826075653007e+01
-2.545182405633331513e+01
-2.565644969641190798e+01
-2.563199426202864117e+01
-2.527551325797188397e+01
-2.493815410095749030e+01
-2.500016129138757748e+01
-2.538127967392084727e+01
-2.582916892162543121e+01
-2.603520760664706302e+01
-2.578580743888764459e+01
-2.530202867881059703e+01
-2.496644960724966111e+01
-2.515885337954243184e+01
-2.576255848465860154e+01
-2.626379959874630998e+01
-2.630761137000253314e+01
-2.576957659392952138e+01
-2.512275259753063850e+01
-2.477674084286391576e+01
-2.523561605900770388e+01
-2.583055064091991682e+01
-2.544230378916611457e+01
-2.256290143101021073e+01
-1.679703706005734531e+01
-9.465998783348991807e+00
-3.577479980589366448e-01
5.929648384657455473e+00
1.017757254911602516e+01
1.137856450529223729e+01
1.125059903255292504e+01
1.121190903798838612e+01
1.281805909081164252e+01
1.765198443704477782e+01
2.331226737141998839e+01
2.644924611441147988e+01
3.006737839870805828e+01
3.054334214451186469e+01
2.764994995329434957e+01
2.729204280809278060e+01
2.695489090276231181e+01
2.680799757115233106e+01
2.935618323388299444e+01
3.079855872579064524e+01
3.058196986990318322e+01
3.104808767431576655e+01
2.979226479840604824e+01
2.965923273413126182e+01
2.974154541137769669e+01
3.091381430715481926e+01
3.014503573113043799e+01
2.924873463031814325e+01
2.772374435367337142e+01
2.600796472387571967e+01
2.558046316828543354e+01
2.712489093875543489e+01
2.889169534061219480e+01
3.081700796806896747e+01
3.159528448745105322e+01
3.048946419663543850e+01
2.915197663495731462e+01
2.763683302886716575e+01
2.660571083996903141e+01
2.751858496848818092e+01
2.778349735822683897e+01
2.828281007647865053e+01
2.759202658114380213e+01
2.740206166327963189e+01
2.782011442934549095e+01
2.851088218152182208e+01
2.919733844122693611e+01
2.991658230835554022e+01
2.928984823549249938e+01
2.679706413209607874e+01
2.655485846748745260e+01
2.764248816098594830e+01
3.018014805100824915e+01
3.195537312690958487e+01
3.308298889671539911e+01
2.984183011689390241e+01
2.445889125704665190e+01
1.823610845413132608e+01
1.502658721912056450e+01
1.560693922792775545e+01
1.834678404937193719e+01
2.323690145910783045e+01
2.798985193742365851e+01
2.787886522252545163e+01
2.765008400233691432e+01
2.631357811497563404e+01
2.597941735789101259e+01
2.786202704285186371e+01
2.744362633368112014e+01
2.661068078835542394e+01
2.184553346341436963e+01
1.340429650309033605e+01
4.362009130847466665e+00
-3.480335560392960659e+00
-9.728152626876337195e+00
-1.236578408779839755e+01
-1.446052225549516557e+01
-1.504533743444951988e+01
-1.567510042332195397e+01
-1.680871380500933654e+01
-1.783398299836190404e+01
-1.781511692428391669e+01
-1.802547888252793840e+01
-1.877090494418096256e+01
-1.953219099214370402e+01
-2.047988429914185815e+01
-2.156980524009872724e+01
-2.232122065890165530e+01
-2.207096585241671249e+01
-2.187980833810186354e+01
-2.208570538872541889e+01
-2.277717855935331315e+01
-2.340327080160747641e+01
-2.390524168973748687e+01
-2.397615743853868864e+01
-2.380372107326124720e+01
-2.346666695779964229e+01
-2.338615346180529642e+01
-2.393406860112654400e+01
-2.446413200230425744e+01
-2.472853223571430803e+01
-2.459346454684627048e+01
-2.433595484510149021e+01
-2.421385645265793585e+01
