-5.940696415651005147e+00
-5.940696415651005147e+00
-5.940696415651005147e+00
-5.940696415651005147e+00
-5.940696415651005147e+00
-5.940696415651005147e+00
-5.940696415651005147e+00
-5.940696415651005147e+00
-5.189412360252990908e+00
-3.279002492446665862e+00
-1.647553897866880890e+00
-1.549599966609825685e+00
-3.430929543983716634e+00
-5.160184563571055705e+00
-5.730322214386954549e+00
-6.823460730071877478e+00
-6.470835591703142597e+00
-5.847613811608536771e+00
-6.337319106211697139e+00
-6.331670985309773236e+00
-7.362514955850645748e+00
-7.163610624716493902e+00
-6.636461553887133213e+00
-6.502758206526219276e+00
-5.699433886098407953e+00
-6.427047818038036375e+00
-6.553785234086071831e+00
-6.612498804053665857e+00
-6.841636776384313556e+00
-6.004968076995052861e+00
-6.148890209958548958e+00
-6.068028963829410038e+00
-6.347504835725651162e+00
-7.051636754270447227e+00
-7.228306040445169778e+00
-7.052433786126242943e+00
-7.099719365593983866e+00
-6.979109440177747814e+00
-7.267583862482055679e+00
-7.781637155751560897e+00
-7.817961802358784240e+00
-5.975528673467479734e+00
-4.234181035566781048e+00
-8.965947369150417678e-01
2.790715417938058884e+00
4.952465778267973739e+00
6.617895768098503773e+00
7.916431866887663205e+00
8.668434771113203041e+00
9.343841266626226272e+00
9.872284783871773328e+00
1.026993701337027254e+01
9.871885185041378463e+00
9.514455592236458870e+00
9.436836073398946922e+00
9.646002699624879995e+00
1.027524027680122032e+01
1.046246921132780727e+01
1.066463110988344098e+01
1.053932668190864952e+01
9.725228963034027174e+00
9.390145788584714381e+00
9.474398460797962329e+00
9.385039152622763226e+00
9.409354005449490188e+00
8.943447182681323326e+00
8.259937738556718756e+00
7.738622226482861244e+00
7.500164090795593097e+00
7.797270592886883733e+00
8.292868279430434697e+00
8.709466151341253237e+00
8.556912036781691100e+00
8.691087393971841379e+00
8.310872324596758176e+00
8.135751616948805776e+00
8.583202195560149406e+00
8.738620415701031874e+00
8.905526545925791737e+00
8.394164320346952479e+00
7.257970318242138674e+00
5.615742326533060158e+00
3.032403329563853056e+00
8.695814297600448217e-01
-1.529239119238241074e+00
-4.457766497635320846e+00
-5.756003747957506356e+00
-6.710110959808111453e+00
-6.942406280218696324e+00
-6.523907438189056052e+00
-6.180309008474082155e+00
-6.026429632490467370e+00
-6.574475786787360221e+00
-6.276836676506413859e+00
-6.925027689562734956e+00
-7.392068822308735854e+00
-6.867219523429245243e+00
-6.825577203762350997e+00
-6.870945523790727094e+00
-6.952378234739137852e+00
-7.131643471854785865e+00
-6.752439585896738983e+00
-7.008486330151591837e+00
-6.701042416278982117e+00
-7.147289513289873497e+00
-7.402622167790290142e+00
-7.976463415667422119e+00
-8.004049108696323245e+00
-7.836537047771264142e+00
-7.944379841146038679e+00
-7.814681792176002340e+00
-7.556190384161348028e+00
-8.022782680457961391e+00
-7.793474122087039824e+00
-7.383920144865106394e+00
-7.352876494052527967e+00
-6.886986115441005474e+00
-7.388894546391976625e+00
-7.763513808573691222e+00
-8.357312575116326414e+00
-8.212376061121187121e+00
-7.715157638466886070e+00
-5.802884050872060051e+00
-3.400933303954816189e+00
-2.782877374391650172e-01
2.691129852032349667e+00
5.135408081163243210e+00
7.107462734514687241e+00
8.081006675797425487e+00
8.500115774529776402e+00
8.294490439706573071e+00
7.910458824538057598e+00
7.383414575803532109e+00
7.116119253289551416e+00
7.653934559548186023e+00
8.173740582484194661e+00
8.364695037276650424e+00
8.427533438765438589e+00
8.135144039376232428e+00
7.822076444172866516e+00
7.769818145859120229e+00
8.051199868236079027e+00
8.967795181067049981e+00
9.534061783853097438e+00
9.512957915307229229e+00
9.294379659112092185e+00
9.241690898020998191e+00
9.482690339223781351e+00
9.852605510072768524e+00
1.034807472875231760e+01
1.053129818227326808e+01
1.012122791337654704e+01
9.437608636937628859e+00
8.982004492830393261e+00
9.773919784344339945e+00
1.082464139092563826e+01
1.108617561349266190e+01
1.018477446744073944e+01
7.810953330633263469e+00
4.172250732774050341e+00
-3.560468475067704031e-01
-3.372112406311448041e+00
-4.411041105161697118e+00
-5.623281859326085375e+00
-6.029969788376771334e+00
-5.528176350800463545e+00
-6.110708555585043555e+00
-6.602836141162482519e+00
-6.330423736500961240e+00
-5.737826403808758968e+00
-5.841135409224382791e+00
-6.891442047555739414e+00
-7.419009579632105833e+00
-8.793776869694058362e+00
-8.607864297272831422e+00
-7.498844173682464920e+00
-5.516305200512967133e+00
-2.936297763610519862e+00
-2.269087149887619059e+00
-3.307987365294779103e+00
-5.016112650010067675e+00
-6.414232274700442993e+00
-7.836998272653466380e+00
-7.879309849051465697e+00
-6.826791707594686009e+00
-6.678443919530796968e+00
-6.278275474046342453e+00
-7.091607804495644984e+00
-7.277640241260537657e+00
-6.977846115045823083e+00
-6.980356453017786400e+00
-6.322802491732310237e+00
-5.873606559971774388e+00
-6.221881628858302982e+00
-7.192575019100766021e+00
-7.583148521725757263e+00
-6.943169377251906305e+00
-7.064235355124962368e+00
-6.976527313956591314e+00
-6.964683695002610975e+00
-7.143840636446288528e+00
-7.746364052067193917e+00
-7.842064204325387422e+00
-5.670176153582471734e+00
-3.143948562075610909e+00
-6.941068026216568043e-02
3.282295180533373102e+00
5.845907007511406128e+00
7.647852060214430203e+00
8.597895543483261349e+00
9.175021046516803835e+00
9.567839213542539412e+00
9.475174184459453031e+00
9.198676209163293649e+00
8.967430144045444251e+00
8.794254215512323114e+00
8.934956797507842552e+00
9.235577768079869188e+00
9.569584916165911892e+00
9.915036103517032018e+00
1.000720778947310841e+01
9.955031566583834035e+00
9.649161764711394085e+00
9.464433775978582375e+00
9.455293791290419136e+00
9.477728606402687106e+00
9.326148676315773045e+00
9.552917496545402898e+00
9.872504733315592418e+00
9.983469504155726426e+00
1.016613263680333823e+01
1.043507030246747114e+01
1.033796328001162834e+01
9.948411684128918964e+00
9.738166486251794041e+00
9.660560254579944939e+00
9.532332917649338100e+00
9.910566159717633994e+00
1.023069403508133313e+01
9.830631035135176887e+00
9.143554136241114350e+00
7.590512178898395135e+00
5.049611917748403123e+00
2.185991754610934645e+00
-5.768743492574932574e-01
-3.036316549980804691e+00
-4.880339601127683835e+00
-5.823002523041720835e+00
-5.881871813405977534e+00
-5.499193449650734422e+00
-5.596902597910749400e+00
-5.590775919614312528e+00
-5.685246989371339765e+00
-6.347233778642305424e+00
-7.080667786491653182e+00
-6.715745094891758527e+00
-6.953639696016429284e+00
-6.975656717249358429e+00
-7.293264156604049475e+00
-6.551505813792121380e+00
-6.813537362465170943e+00
-7.161312629613481917e+00
-6.753622134549036815e+00
-6.969047712270115547e+00
-6.620911528745705432e+00
-7.123499475817391513e+00
-7.434695858932790280e+00
-7.267453520146333723e+00
-7.200286194507628856e+00
-7.128224310336302771e+00
-6.877640057310331123e+00
-6.968964258056852046e+00
-7.339305193701057384e+00
-7.986043694219232769e+00
-7.955292774940168066e+00
-7.990524456688860688e+00
-7.365925626362993306e+00
-7.240095992158537719e+00
-7.071085298814011821e+00
-7.176269262872985166e+00
-7.940763729219931122e+00
-8.135744276272104614e+00
-7.749300488850358271e+00
-6.492611712237817301e+00
-4.574882968757840729e+00
-2.543930581197082930e+00
-2.225240533511116947e-01
2.067651807759847138e+00
3.590837550219214247e+00
4.775965284485312878e+00
5.513849678877956961e+00
6.000941459131528433e+00
6.168168795558430340e+00
6.503478546499962931e+00
6.926881077404699383e+00
7.522745431144204353e+00
7.822600256902013882e+00
7.703573296821421224e+00
7.588749624733610588e+00
7.358706692285326589e+00
7.198348149588584377e+00
7.316510909081935132e+00
7.714353312643524418e+00
7.773574809694141052e+00
7.519401675554211906e+00
7.143662268010144700e+00
6.919636418430774150e+00
6.926800258309923741e+00
7.188066470401571983e+00
7.671088567766101818e+00
7.902573687913607259e+00
7.732051273611286746e+00
7.134205444634545756e+00
6.767586000841116167e+00
6.848213190741820000e+00
7.178237163843695257e+00
7.195504559291013180e+00
