-9.375944774873973486e+00
-9.375944774873973486e+00
-9.375944774873973486e+00
-9.375944774873973486e+00
-9.375944774873973486e+00
-9.375944774873973486e+00
-9.375944774873973486e+00
-9.375944774873973486e+00
-9.375944774873973486e+00
-9.375944774873973486e+00
-2.818281278561691749e-01
6.519919655834510053e+00
3.663771017612213576e+00
-7.899834804917867714e+00
-1.804008126106807453e+01
-1.884877458978570886e+01
-8.785422352019924830e+00
7.021906157772288104e+00
1.773894798064144140e+01
1.643033642099842595e+01
2.071669163900891064e+00
-1.518865455485937410e+01
-2.563047297306475514e+01
-2.358922081717220465e+01
-1.003362971712650697e+01
6.900661982509578074e+00
1.501734822181730777e+01
1.001478180947056806e+01
-3.209320083690100134e+00
-1.904675065332755679e+01
-2.672166689686719820e+01
-2.200544008774368621e+01
-7.392702446145809958e+00
9.234671511111596232e+00
2.018511380402368260e+01
2.235448539234737098e+01
1.526338471534324448e+01
2.530038197241449183e+00
-8.437620934398156081e+00
-1.537229853789084544e+01
-1.667191241911351796e+01
-1.372935477805528848e+01
-8.817479428424016774e+00
-4.294760876544898132e+00
-3.576527826226698181e+00
-4.844284019844232958e+00
-8.329904730816727110e+00
-1.053815911037162323e+01
-1.245044585730161479e+01
-9.693963194039509901e+00
-3.665364374041375939e+00
3.546419816954947901e+00
1.083772695536947595e+01
1.616531310805588717e+01
1.773842371537082485e+01
1.515052374041994199e+01
9.758935633613507576e+00
2.931899704806581575e+00
-2.957140605084792817e+00
-5.640934256005063929e+00
-3.619841122422336799e+00
2.595167816278318718e+00
1.075012830533583674e+01
1.765516387475823734e+01
2.014378540617592250e+01
1.752106166653054942e+01
1.208455799360433502e+01
5.868155989571960163e+00
2.389713078772128796e+00
2.488053861128495470e+00
3.884990148901773743e+00
4.686138528934384873e+00
3.842437903256807452e+00
2.037481702433218800e+00
1.720462361751800229e+00
5.008652302985234783e+00
1.103924971966167767e+01
1.719256724618107413e+01
1.924870785721665456e+01
1.447958710465322341e+01
5.149270941034957971e+00
-4.968869437195341909e+00
-1.018585095701121013e+01
-6.695003370196820569e+00
3.795428965848345548e+00
1.629123028389723515e+01
2.408404320928645603e+01
2.352884048664263972e+01
1.352945649999882605e+01
-1.906054561664838332e-02
-1.139853560580809066e+01
-1.462983183751004468e+01
-8.934263514766547232e+00
2.351030042912745976e+00
1.316177736993143199e+01
1.634945533115023508e+01
9.472003768117367883e+00
-3.147252409841946097e+00
-1.731846237999247506e+01
-2.467150265586265334e+01
-2.148248434968799714e+01
-9.901455792167153547e+00
3.888035978167142304e+00
1.144673239620754401e+01
8.287779742342003431e+00
-3.062975097318044959e+00
-1.755865573203728403e+01
-2.545507132384197391e+01
-2.171496599952997286e+01
-8.469284941617729601e+00
7.551737379788026949e+00
1.795139563676638517e+01
1.658990617010906021e+01
5.337260790759124518e+00
-1.081668752439007086e+01
-2.314706862467210868e+01
-2.657630326552269651e+01
-2.198237078582393167e+01
-1.214205960012261443e+01
-1.887300079684110621e+00
6.431480148830513777e+00
1.202688282943914366e+01
1.567071756809572491e+01
1.729404588694540124e+01
1.566087659162555745e+01
8.178103597314828832e+00
-2.447212348416893057e+00
-1.486431670949218642e+01
-2.255935961792019384e+01
-2.235173275659131420e+01
-1.448815548578111922e+01
-1.938014869256733164e+00
9.615245079636821401e+00
1.498386966924892150e+01
1.387532184974636351e+01
8.448505313281199136e+00
1.115415941652960541e+00
-4.089753483865022687e+00
-6.640142682177052613e+00
-7.168565878368378108e+00
-5.942388312080328916e+00
-3.163950970281777408e+00
1.785824981497923236e+00
8.392233166730690641e+00
1.478092631937306933e+01
1.857288511578187240e+01
1.742961448763073662e+01
1.201031853664740012e+01
3.516971048139997613e+00
-3.283628092456223335e+00
-6.218358286240282418e+00
-4.790933413292347787e+00
2.190264518645328451e-01
6.284749381775282195e+00
1.195681790933148747e+01
1.600184930573101383e+01
1.806802757995184194e+01
1.815912762278246717e+01
1.577465297088831520e+01
9.868500789654985894e+00
2.495827973702204439e+00
-4.548905455114571339e+00
-8.692677326556282225e+00
-7.308956725472826932e+00
-2.732928856598242362e-01
9.382721060289687998e+00
1.785213372251424602e+01
2.054140115015964341e+01
1.622476704033175920e+01
6.011094000272736437e+00
-6.327331842603618028e+00
-1.586387256834563075e+01
-1.912176465534085068e+01
-1.464697883767307829e+01
-5.142184847746095855e+00
6.104741745867463543e+00
1.472542061521072831e+01
1.690544803609510183e+01
1.082250936698920185e+01
1.511987319113821115e+00
-1.045064669886566300e+01
-2.074303775944261474e+01
-2.569523656599967509e+01
-2.524350655075831540e+01
-2.018244204632667405e+01
-1.182014618676793383e+01
-1.675529201025862669e+00
7.253363636855937990e+00
1.250370813762494038e+01
1.289577448048130570e+01
5.937702818880133293e+00
-5.435781317965374448e+00
-1.854611040862762295e+01
-2.815004751603527211e+01
-2.952958691068014474e+01
-2.159813536733610562e+01
-7.980145561349322847e+00
5.336562141373439871e+00
1.259073810940561344e+01
1.054989043308640007e+01
1.259188920556297830e-01
-1.207505676492437807e+01
-2.188348012313879565e+01
-2.582071146458956790e+01
-2.324364511653844545e+01
-1.597350576844843673e+01
-6.818373704894702847e+00
2.420438670990976426e+00
1.128621808702100537e+01
1.858707509216607789e+01
2.207629038297669055e+01
1.966027022498474253e+01
1.073231559122269374e+01
-1.101349422993802563e+00
-1.231905100663718500e+01
-1.760064791235359394e+01
-1.358265494406884244e+01
-2.981400380464950928e+00
9.130050626192668162e+00
1.683631077388089992e+01
1.733751223208284387e+01
1.239118197481441186e+01
3.708563082130843291e+00
-1.378254009565992311e+00
-1.246962153833774067e+00
3.066502893942022467e+00
8.343497224449372140e+00
1.245206690825780882e+01
1.229221498319774675e+01
8.876111133330448766e+00
3.019977780328367167e+00
-2.212611359936232258e+00
-4.174688742638693384e+00
-1.943874698177806337e+00
4.770953702354209902e+00
1.379101023303607576e+01
2.179446981536643690e+01
2.412226159439395090e+01
1.741974975089241795e+01
5.930939245820631811e+00
-6.673371468476957169e+00
-1.382120779470316307e+01
-1.123733903836749803e+01
3.678395695796030651e-01
1.277329393443626770e+01
1.831094222472716737e+01
1.262757258349767042e+01
-1.538458230671190918e+00
-1.818833982173298480e+01
-2.701970960211458106e+01
-2.315028478763704101e+01
-1.013201062469372182e+01
3.973108241914190764e+00
1.063057424697125697e+01
5.470998128989108089e+00
-5.910326119581964299e+00
-1.778007029854329346e+01
-2.154367532739870583e+01
-1.445872648840770225e+01
-2.664379309808472485e+00
5.843816664684205797e+00
4.889554670930111868e+00
-3.672312237409486535e+00
-1.620977124366291378e+01
-2.321085234362287864e+01
-1.937644834752783751e+01
-6.407980478678631187e+00
8.637126130467356333e+00
1.729487708230370657e+01
1.448274965241523304e+01
2.592048637376521469e+00
-1.310391641806230290e+01
-2.257726115223706742e+01
-2.141495464742228449e+01
-1.029735836677958183e+01
4.701404740208874777e+00
1.493276732226505388e+01
1.510787771836591453e+01
5.067116348838018425e+00
-1.004207917893745616e+01
-2.167882384318472333e+01
-2.419445961724424521e+01
-1.683969665653902226e+01
-3.350728782896098323e+00
8.907635040109640912e+00
1.466112767219815893e+01
1.245972993593296252e+01
4.328401014976808625e+00
-3.479852054288742558e+00
-6.522980043055378374e+00
-3.718687777809501327e+00
2.786034606202569819e+00
9.789130723383102861e+00
1.301904027264511043e+01
1.155146214079290523e+01
6.907952658168370341e+00
1.517456514867382644e+00
-2.674733179469945821e+00
-3.327745136827538808e+00
-6.737732765234722976e-01
5.073543809011731298e+00
1.227515129031803909e+01
1.857973998422379935e+01
2.179149991048761947e+01
2.004675565309683805e+01
1.287741686112281414e+01
3.930231162333119421e+00
-3.934186287423052875e+00
-5.869095733401422876e+00
-8.746630305153626495e-01
8.491868989381286426e+00
1.711595783430806961e+01
2.017271135298883777e+01
1.569060799096265946e+01
3.881329079315078090e+00
-8.683362934590821425e+00
-1.832485975311660553e+01
