0.5 8.748979e+03 8.775565e+03 8.768105e+03 8.741520e+03
1.5 8.751553e+03 8.773026e+03 8.767972e+03 8.746500e+03
2.5 8.753193e+03 8.767148e+03 8.763875e+03 8.749920e+03
3.5 8.755491e+03 8.758590e+03 8.757672e+03 8.754573e+03
0.5 8.714557e+03 8.755111e+03 8.754522e+03 8.713968e+03
1.5 8.713420e+03 8.759940e+03 8.758077e+03 8.711557e+03
2.5 8.713469e+03 8.762590e+03 8.760170e+03 8.711049e+03
3.5 8.730144e+03 8.762688e+03 8.760470e+03 8.727925e+03
0.5 8.804540e+03 8.758639e+03 8.756845e+03 8.802746e+03
1.5 8.823322e+03 8.761147e+03 8.759856e+03 8.822031e+03
2.5 8.810195e+03 8.763517e+03 8.763144e+03 8.809823e+03
3.5 8.779692e+03 8.765692e+03 8.766347e+03 8.780347e+03
0.5 8.767633e+03 8.742946e+03 8.755079e+03 8.779767e+03
1.5 8.755700e+03 8.742241e+03 8.755329e+03 8.768788e+03
2.5 8.742165e+03 8.739516e+03 8.754066e+03 8.756715e+03
3.5 8.741978e+03 8.735133e+03 8.751576e+03 8.758421e+03
0.5 8.778153e+03 8.722956e+03 8.753273e+03 8.808470e+03
1.5 8.745837e+03 8.720951e+03 8.753507e+03 8.778393e+03
2.5 8.727838e+03 8.717077e+03 8.752102e+03 8.762863e+03
3.5 8.734275e+03 8.711840e+03 8.749394e+03 8.771829e+03
0.5 8.702619e+03 8.658725e+03 8.742464e+03 8.786358e+03
1.5 8.703683e+03 8.658772e+03 8.746540e+03 8.791452e+03
2.5 8.687056e+03 8.657409e+03 8.749307e+03 8.778954e+03
3.5 8.652270e+03 8.653980e+03 8.749987e+03 8.748277e+03
0.5 8.596548e+03 8.598643e+03 8.734674e+03 8.732579e+03
1.5 8.614771e+03 8.593802e+03 8.735442e+03 8.756410e+03
2.5 8.612180e+03 8.587636e+03 8.735493e+03 8.760037e+03
3.5 8.578089e+03 8.581149e+03 8.735357e+03 8.732297e+03
0.5 8.766754e+03 8.722262e+03 8.749985e+03 8.794477e+03
1.5 8.759072e+03 8.716459e+03 8.753592e+03 8.796204e+03
2.5 8.763346e+03 8.716139e+03 8.753681e+03 8.800888e+03
3.5 8.772557e+03 8.717631e+03 8.750680e+03 8.805606e+03
0.5 8.691859e+03 8.662753e+03 8.753506e+03 8.782611e+03
1.5 8.718992e+03 8.671855e+03 8.756774e+03 8.803911e+03
2.5 8.711804e+03 8.681256e+03 8.759320e+03 8.789868e+03
3.5 8.663137e+03 8.688868e+03 8.760982e+03 8.735251e+03
0.5 8.731776e+03 8.717261e+03 8.760070e+03 8.774584e+03
1.5 8.719488e+03 8.720173e+03 8.760131e+03 8.759445e+03
2.5 8.689089e+03 8.720602e+03 8.757700e+03 8.726187e+03
3.5 8.680064e+03 8.719201e+03 8.754018e+03 8.714881e+03
0.5 8.749774e+03 8.727407e+03 8.759608e+03 8.781975e+03
1.5 8.778058e+03 8.732828e+03 8.763395e+03 8.808625e+03
2.5 8.792247e+03 8.736529e+03 8.764636e+03 8.820354e+03
3.5 8.770681e+03 8.737329e+03 8.762617e+03 8.795969e+03
0.5 8.707909e+03 8.740936e+03 8.761153e+03 8.728126e+03
1.5 8.676800e+03 8.745876e+03 8.763734e+03 8.694658e+03
2.5 8.667856e+03 8.747489e+03 8.762746e+03 8.683113e+03
3.5 8.658492e+03 8.745496e+03 8.758653e+03 8.671650e+03
0.5 8.665369e+03 8.741827e+03 8.757780e+03 8.681323e+03
1.5 8.674070e+03 8.751080e+03 8.766767e+03 8.689757e+03
2.5 8.683530e+03 8.760842e+03 8.774906e+03 8.697594e+03
3.5 8.689683e+03 8.768054e+03 8.779479e+03 8.701109e+03
0.5 8.732445e+03 8.752308e+03 8.764183e+03 8.744320e+03
1.5 8.746706e+03 8.763940e+03 8.773998e+03 8.756765e+03
2.5 8.765818e+03 8.772854e+03 8.780554e+03 8.773518e+03
3.5 8.765910e+03 8.776705e+03 8.782314e+03 8.771518e+03
0.5 8.795909e+03 8.748574e+03 8.756299e+03 8.803635e+03
1.5 8.827054e+03 8.752079e+03 8.758054e+03 8.833029e+03
2.5 8.850655e+03 8.754707e+03 8.758554e+03 8.854502e+03
3.5 8.834737e+03 8.754727e+03 8.756736e+03 8.836745e+03
0.5 8.775748e+03 8.756041e+03 8.755483e+03 8.775190e+03
1.5 8.765380e+03 8.756504e+03 8.755408e+03 8.764283e+03
2.5 8.749257e+03 8.753921e+03 8.753117e+03 8.748453e+03
3.5 8.727172e+03 8.749516e+03 8.749660e+03 8.727316e+03
0.5 8.745301e+03 8.754437e+03 8.755591e+03 8.746455e+03
1.5 8.739807e+03 8.758568e+03 8.758904e+03 8.740143e+03
2.5 8.748601e+03 8.760489e+03 8.760323e+03 8.748435e+03
3.5 8.763280e+03 8.759690e+03 8.759404e+03 8.762995e+03
0.5 8.781425e+03 8.758190e+03 8.759288e+03 8.782523e+03
1.5 8.747744e+03 8.764357e+03 8.765756e+03 8.749143e+03
2.5 8.723754e+03 8.768925e+03 8.770443e+03 8.725272e+03
3.5 8.723928e+03 8.770956e+03 8.772356e+03 8.725329e+03
