0.5 9.376577e+03 9.412955e+03 9.384371e+03 9.347993e+03
1.5 9.368316e+03 9.410710e+03 9.385839e+03 9.343445e+03
2.5 9.372057e+03 9.401930e+03 9.388067e+03 9.358195e+03
3.5 9.385399e+03 9.388521e+03 9.388800e+03 9.385677e+03
0.5 9.321828e+03 9.381176e+03 9.381364e+03 9.322016e+03
1.5 9.334408e+03 9.388998e+03 9.382128e+03 9.327538e+03
2.5 9.343436e+03 9.393548e+03 9.383345e+03 9.333233e+03
3.5 9.369474e+03 9.394105e+03 9.384584e+03 9.359953e+03
0.5 9.446980e+03 9.386692e+03 9.382203e+03 9.442491e+03
1.5 9.454405e+03 9.391674e+03 9.381896e+03 9.444628e+03
2.5 9.433823e+03 9.396783e+03 9.381842e+03 9.418882e+03
3.5 9.398856e+03 9.401652e+03 9.382083e+03 9.379287e+03
0.5 9.382263e+03 9.371193e+03 9.383546e+03 9.394616e+03
1.5 9.373435e+03 9.370980e+03 9.384582e+03 9.387038e+03
2.5 9.365654e+03 9.367522e+03 9.385591e+03 9.383722e+03
3.5 9.375991e+03 9.361354e+03 9.386222e+03 9.400859e+03
0.5 9.398390e+03 9.351441e+03 9.383472e+03 9.430421e+03
1.5 9.351169e+03 9.350003e+03 9.384631e+03 9.385798e+03
2.5 9.339635e+03 9.345339e+03 9.385714e+03 9.380011e+03
3.5 9.349988e+03 9.338185e+03 9.386407e+03 9.398210e+03
0.5 9.343229e+03 9.282844e+03 9.381034e+03 9.441419e+03
1.5 9.341275e+03 9.286664e+03 9.381626e+03 9.436237e+03
2.5 9.304645e+03 9.288094e+03 9.382898e+03 9.399450e+03
3.5 9.257689e+03 9.285788e+03 9.384536e+03 9.356437e+03
0.5 9.237391e+03 9.221409e+03 9.383259e+03 9.399240e+03
1.5 9.242807e+03 9.217705e+03 9.383801e+03 9.408903e+03
2.5 9.224769e+03 9.211987e+03 9.384136e+03 9.396918e+03
3.5 9.189041e+03 9.205557e+03 9.383952e+03 9.367437e+03
0.5 9.385136e+03 9.348034e+03 9.380403e+03 9.417504e+03
1.5 9.368681e+03 9.345401e+03 9.382828e+03 9.406108e+03
2.5 9.376521e+03 9.345156e+03 9.385277e+03 9.416642e+03
3.5 9.392903e+03 9.344227e+03 9.387107e+03 9.435784e+03
0.5 9.334233e+03 9.295004e+03 9.381549e+03 9.420778e+03
1.5 9.351313e+03 9.306316e+03 9.382059e+03 9.427056e+03
2.5 9.335644e+03 9.317483e+03 9.382668e+03 9.400830e+03
3.5 9.279580e+03 9.326354e+03 9.383424e+03 9.336650e+03
0.5 9.370927e+03 9.351549e+03 9.383163e+03 9.402540e+03
1.5 9.359668e+03 9.354542e+03 9.385109e+03 9.390235e+03
2.5 9.328648e+03 9.352976e+03 9.386484e+03 9.362157e+03
3.5 9.321106e+03 9.348469e+03 9.386756e+03 9.359393e+03
0.5 9.383645e+03 9.360188e+03 9.381074e+03 9.404531e+03
1.5 9.411671e+03 9.368714e+03 9.382385e+03 9.425342e+03
2.5 9.424267e+03 9.373526e+03 9.384543e+03 9.435284e+03
3.5 9.391793e+03 9.372795e+03 9.386762e+03 9.405760e+03
0.5 9.323650e+03 9.374026e+03 9.381351e+03 9.330975e+03
1.5 9.279900e+03 9.381207e+03 9.383660e+03 9.282353e+03
2.5 9.280728e+03 9.382192e+03 9.386127e+03 9.284663e+03
3.5 9.289028e+03 9.376977e+03 9.387762e+03 9.299812e+03
0.5 9.295088e+03 9.371343e+03 9.378284e+03 9.302029e+03
1.5 9.312634e+03 9.387784e+03 9.377920e+03 9.302769e+03
2.5 9.327984e+03 9.404271e+03 9.379597e+03 9.303310e+03
3.5 9.344702e+03 9.415503e+03 9.382887e+03 9.312086e+03
0.5 9.365775e+03 9.386409e+03 9.376770e+03 9.356135e+03
1.5 9.382474e+03 9.406115e+03 9.378237e+03 9.354596e+03
2.5 9.412077e+03 9.420674e+03 9.381255e+03 9.372658e+03
3.5 9.418787e+03 9.426383e+03 9.384811e+03 9.377215e+03
0.5 9.412586e+03 9.376906e+03 9.383064e+03 9.418744e+03
1.5 9.448929e+03 9.381795e+03 9.383385e+03 9.450518e+03
2.5 9.449947e+03 9.384940e+03 9.384712e+03 9.449719e+03
3.5 9.432078e+03 9.383679e+03 9.386447e+03 9.434846e+03
0.5 9.404230e+03 9.383367e+03 9.383313e+03 9.404176e+03
1.5 9.379289e+03 9.384036e+03 9.385084e+03 9.380337e+03
2.5 9.366990e+03 9.379802e+03 9.386325e+03 9.373513e+03
3.5 9.355160e+03 9.372672e+03 9.386663e+03 9.369151e+03
0.5 9.360299e+03 9.381589e+03 9.381411e+03 9.360120e+03
1.5 9.360521e+03 9.388563e+03 9.382472e+03 9.354430e+03
2.5 9.376409e+03 9.391871e+03 9.384047e+03 9.368586e+03
3.5 9.387364e+03 9.390568e+03 9.385706e+03 9.382502e+03
0.5 9.402318e+03 9.388059e+03 9.379284e+03 9.393543e+03
1.5 9.373185e+03 9.399637e+03 9.380127e+03 9.353675e+03
2.5 9.354282e+03 9.408264e+03 9.381839e+03 9.327857e+03
3.5 9.364086e+03 9.412140e+03 9.384023e+03 9.335969e+03
