0.5 9.275953e+03 9.251750e+03 9.286247e+03 9.310450e+03
1.5 9.261633e+03 9.286963e+03 9.310516e+03 9.285185e+03
2.5 9.264501e+03 9.328222e+03 9.338315e+03 9.274594e+03
3.5 9.297877e+03 9.372135e+03 9.367769e+03 9.293511e+03
4.5 9.342114e+03 9.415246e+03 9.396830e+03 9.323697e+03
5.5 9.375988e+03 9.454746e+03 9.423581e+03 9.344823e+03
6.5 9.428375e+03 9.488864e+03 9.446543e+03 9.386054e+03
7.5 9.478781e+03 9.516962e+03 9.464874e+03 9.426693e+03
8.5 9.506048e+03 9.539307e+03 9.478414e+03 9.445155e+03
9.5 9.520300e+03 9.556663e+03 9.487596e+03 9.451233e+03
10.5 9.527958e+03 9.569855e+03 9.493238e+03 9.451341e+03
11.5 9.535973e+03 9.579498e+03 9.496320e+03 9.452795e+03
12.5 9.564559e+03 9.585940e+03 9.497792e+03 9.476412e+03
13.5 9.568442e+03 9.589420e+03 9.498463e+03 9.477484e+03
14.5 9.546501e+03 9.590330e+03 9.498970e+03 9.455141e+03
15.5 9.546080e+03 9.589427e+03 9.499810e+03 9.456464e+03
16.5 9.558845e+03 9.587877e+03 9.501372e+03 9.472340e+03
17.5 9.576787e+03 9.587068e+03 9.503929e+03 9.493649e+03
18.5 9.602386e+03 9.588252e+03 9.507594e+03 9.521727e+03
19.5 9.611685e+03 9.592153e+03 9.512239e+03 9.531772e+03
20.5 9.618643e+03 9.598682e+03 9.517448e+03 9.537409e+03
21.5 9.625242e+03 9.606925e+03 9.522544e+03 9.540862e+03
22.5 9.630535e+03 9.615399e+03 9.526718e+03 9.541854e+03
23.5 9.645916e+03 9.622532e+03 9.529252e+03 9.552636e+03
24.5 9.665609e+03 9.627178e+03 9.529773e+03 9.568204e+03
25.5 9.663962e+03 9.628988e+03 9.528441e+03 9.563415e+03
26.5 9.651716e+03 9.628490e+03 9.526002e+03 9.549229e+03
27.5 9.668581e+03 9.626830e+03 9.523644e+03 9.565395e+03
28.5 9.686996e+03 9.625276e+03 9.522694e+03 9.584413e+03
29.5 9.677489e+03 9.624657e+03 9.524223e+03 9.577056e+03
30.5 9.670668e+03 9.624965e+03 9.528698e+03 9.574401e+03
31.5 9.675616e+03 9.625283e+03 9.535787e+03 9.586120e+03
32.5 9.689913e+03 9.624076e+03 9.544409e+03 9.610246e+03
33.5 9.705797e+03 9.619755e+03 9.553010e+03 9.639053e+03
34.5 9.706391e+03 9.611306e+03 9.560002e+03 9.655086e+03
35.5 9.686893e+03 9.598754e+03 9.564204e+03 9.652343e+03
36.5 9.668138e+03 9.583256e+03 9.565158e+03 9.650040e+03
37.5 9.661854e+03 9.566808e+03 9.563208e+03 9.658255e+03
38.5 9.658907e+03 9.551623e+03 9.559321e+03 9.666606e+03
39.5 9.663011e+03 9.539442e+03 9.554729e+03 9.678298e+03
40.5 9.646762e+03 9.531001e+03 9.550519e+03 9.666280e+03
41.5 9.595910e+03 9.525878e+03 9.547331e+03 9.617364e+03
42.5 9.568329e+03 9.522767e+03 9.545261e+03 9.590823e+03
43.5 9.542917e+03 9.520085e+03 9.543998e+03 9.566829e+03
44.5 9.507972e+03 9.516674e+03 9.543127e+03 9.534426e+03
45.5 9.483832e+03 9.512320e+03 9.542454e+03 9.513966e+03
46.5 9.448282e+03 9.507882e+03 9.542197e+03 9.482597e+03
47.5 9.420213e+03 9.504947e+03 9.542939e+03 9.458205e+03
48.5 9.432930e+03 9.505132e+03 9.545345e+03 9.473144e+03
49.5 9.441451e+03 9.509276e+03 9.549712e+03 9.481887e+03
50.5 9.447435e+03 9.516835e+03 9.555554e+03 9.486154e+03
51.5 9.433729e+03 9.525721e+03 9.561388e+03 9.469395e+03
52.5 9.407594e+03 9.532694e+03 9.564868e+03 9.439767e+03
53.5 9.407543e+03 9.534209e+03 9.563273e+03 9.436607e+03
54.5 9.423890e+03 9.527451e+03 9.554237e+03 9.450676e+03
55.5 9.433895e+03 9.511243e+03 9.536517e+03 9.459169e+03
56.5 9.417829e+03 9.486493e+03 9.510524e+03 9.441860e+03
57.5 9.375012e+03 9.456064e+03 9.478451e+03 9.397398e+03
58.5 9.351149e+03 9.424059e+03 9.443892e+03 9.370982e+03
59.5 9.348809e+03 9.394759e+03 9.411042e+03 9.365093e+03
60.5 9.366559e+03 9.371540e+03 9.383698e+03 9.378718e+03
61.5 9.387984e+03 9.356072e+03 9.364343e+03 9.396256e+03
62.5 9.385136e+03 9.348034e+03 9.353581e+03 9.390683e+03
63.5 9.368681e+03 9.345401e+03 9.350092e+03 9.373372e+03
64.5 9.376521e+03 9.345156e+03 9.351108e+03 9.382473e+03
65.5 9.392903e+03 9.344227e+03 9.353264e+03 9.401941e+03
66.5 9.398389e+03 9.340320e+03 9.353561e+03 9.411630e+03
67.5 9.373870e+03 9.332472e+03 9.350145e+03 9.391543e+03
68.5 9.352466e+03 9.321165e+03 9.342709e+03 9.374009e+03
69.5 9.332709e+03 9.308061e+03 9.332396e+03 9.357043e+03
70.5 9.332433e+03 9.295456e+03 9.321299e+03 9.358277e+03
71.5 9.325381e+03 9.285650e+03 9.311725e+03 9.351456e+03
72.5 9.308100e+03 9.280391e+03 9.305466e+03 9.333175e+03
73.5 9.286996e+03 9.280506e+03 9.303319e+03 9.309808e+03
74.5 9.301402e+03 9.285772e+03 9.304942e+03 9.320572e+03
75.5 9.334233e+03 9.295004e+03 9.309090e+03 9.348318e+03
76.5 9.351313e+03 9.306316e+03 9.314084e+03 9.359081e+03
77.5 9.335644e+03 9.317483e+03 9.318356e+03 9.336517e+03
78.5 9.279580e+03 9.326354e+03 9.320876e+03 9.274102e+03
79.5 9.280477e+03 9.331257e+03 9.321354e+03 9.270574e+03
80.5 9.321241e+03 9.331328e+03 9.320172e+03 9.310085e+03
81.5 9.337541e+03 9.326713e+03 9.318123e+03 9.328952e+03
82.5 9.309198e+03 9.318566e+03 9.316061e+03 9.306694e+03
83.5 9.251052e+03 9.308820e+03 9.314610e+03 9.256841e+03
