0.5 1.225005e+03 1.270384e+03 1.240876e+03 1.195497e+03
1.5 1.218670e+03 1.270372e+03 1.244309e+03 1.192607e+03
2.5 1.214025e+03 1.264245e+03 1.249518e+03 1.199298e+03
3.5 1.231125e+03 1.251149e+03 1.251230e+03 1.231206e+03
0.5 1.202440e+03 1.233167e+03 1.233846e+03 1.203120e+03
1.5 1.185076e+03 1.242433e+03 1.235633e+03 1.178275e+03
2.5 1.183296e+03 1.248918e+03 1.238478e+03 1.172856e+03
3.5 1.208867e+03 1.251277e+03 1.241375e+03 1.198964e+03
0.5 1.307802e+03 1.240062e+03 1.235807e+03 1.303546e+03
1.5 1.293299e+03 1.245103e+03 1.235089e+03 1.283286e+03
2.5 1.267268e+03 1.250781e+03 1.234962e+03 1.251449e+03
3.5 1.246062e+03 1.256699e+03 1.235526e+03 1.224889e+03
0.5 1.238265e+03 1.226205e+03 1.238947e+03 1.251007e+03
1.5 1.231173e+03 1.227435e+03 1.241369e+03 1.245108e+03
2.5 1.236756e+03 1.225210e+03 1.243728e+03 1.255274e+03
3.5 1.258285e+03 1.219619e+03 1.245204e+03 1.283871e+03
0.5 1.231549e+03 1.206439e+03 1.238774e+03 1.263884e+03
1.5 1.208943e+03 1.206770e+03 1.241485e+03 1.243659e+03
2.5 1.199925e+03 1.203552e+03 1.244017e+03 1.240390e+03
3.5 1.197175e+03 1.197094e+03 1.245637e+03 1.245718e+03
0.5 1.145770e+03 1.134248e+03 1.233075e+03 1.244597e+03
1.5 1.150938e+03 1.139762e+03 1.234458e+03 1.245635e+03
2.5 1.137874e+03 1.143691e+03 1.237433e+03 1.231617e+03
3.5 1.109002e+03 1.144088e+03 1.241261e+03 1.206175e+03
0.5 1.108276e+03 1.076466e+03 1.238275e+03 1.270085e+03
1.5 1.110018e+03 1.074037e+03 1.239543e+03 1.275524e+03
2.5 1.060261e+03 1.069501e+03 1.240326e+03 1.231087e+03
3.5 1.035651e+03 1.063897e+03 1.239897e+03 1.211651e+03
0.5 1.204818e+03 1.196410e+03 1.231598e+03 1.240006e+03
1.5 1.241370e+03 1.200528e+03 1.237270e+03 1.278112e+03
2.5 1.271167e+03 1.204764e+03 1.242994e+03 1.309397e+03
3.5 1.252165e+03 1.205399e+03 1.247273e+03 1.294040e+03
0.5 1.157386e+03 1.153083e+03 1.234279e+03 1.238582e+03
1.5 1.162036e+03 1.165515e+03 1.235472e+03 1.231993e+03
2.5 1.154855e+03 1.177252e+03 1.236894e+03 1.214498e+03
3.5 1.134188e+03 1.186511e+03 1.238661e+03 1.186338e+03
0.5 1.226330e+03 1.209663e+03 1.238051e+03 1.254718e+03
1.5 1.219505e+03 1.215357e+03 1.242603e+03 1.246751e+03
2.5 1.205801e+03 1.215140e+03 1.245816e+03 1.236477e+03
3.5 1.202818e+03 1.210153e+03 1.246452e+03 1.239117e+03
0.5 1.236987e+03 1.214560e+03 1.233168e+03 1.255595e+03
1.5 1.253655e+03 1.225643e+03 1.236233e+03 1.264246e+03
2.5 1.234039e+03 1.233673e+03 1.241278e+03 1.241644e+03
3.5 1.218241e+03 1.235573e+03 1.246467e+03 1.229136e+03
0.5 1.232783e+03 1.228459e+03 1.233816e+03 1.238140e+03
1.5 1.196899e+03 1.239294e+03 1.239213e+03 1.196818e+03
2.5 1.172855e+03 1.243442e+03 1.244982e+03 1.174395e+03
3.5 1.177658e+03 1.239630e+03 1.248804e+03 1.186832e+03
0.5 1.205234e+03 1.220619e+03 1.226644e+03 1.211259e+03
1.5 1.210697e+03 1.238249e+03 1.225793e+03 1.198241e+03
2.5 1.220656e+03 1.258541e+03 1.229715e+03 1.191830e+03
3.5 1.232227e+03 1.275091e+03 1.237406e+03 1.194542e+03
0.5 1.238574e+03 1.234610e+03 1.223105e+03 1.227070e+03
1.5 1.247870e+03 1.258030e+03 1.226534e+03 1.216374e+03
2.5 1.247222e+03 1.277823e+03 1.233592e+03 1.202991e+03
3.5 1.255382e+03 1.288654e+03 1.241906e+03 1.208633e+03
0.5 1.260474e+03 1.232353e+03 1.237821e+03 1.265942e+03
1.5 1.250508e+03 1.237797e+03 1.238571e+03 1.251282e+03
2.5 1.250484e+03 1.242610e+03 1.241673e+03 1.249547e+03
3.5 1.247451e+03 1.243187e+03 1.245730e+03 1.249994e+03
0.5 1.264812e+03 1.237870e+03 1.238404e+03 1.265346e+03
1.5 1.238274e+03 1.240915e+03 1.242542e+03 1.239901e+03
2.5 1.231457e+03 1.238049e+03 1.245445e+03 1.238853e+03
3.5 1.239905e+03 1.230927e+03 1.246234e+03 1.255212e+03
0.5 1.243947e+03 1.233769e+03 1.233955e+03 1.244133e+03
1.5 1.223558e+03 1.242674e+03 1.236436e+03 1.217320e+03
2.5 1.237474e+03 1.248367e+03 1.240119e+03 1.229225e+03
3.5 1.241651e+03 1.249247e+03 1.243997e+03 1.236402e+03
0.5 1.227076e+03 1.237786e+03 1.228982e+03 1.218272e+03
1.5 1.229777e+03 1.251749e+03 1.230953e+03 1.208982e+03
2.5 1.215473e+03 1.263713e+03 1.234956e+03 1.186716e+03
3.5 1.229726e+03 1.271109e+03 1.240062e+03 1.198679e+03
