0.5 9.376577e+03 9.412955e+03 9.405640e+03 9.369261e+03
1.5 9.368316e+03 9.410710e+03 9.405400e+03 9.363005e+03
2.5 9.372057e+03 9.401930e+03 9.398012e+03 9.368140e+03
3.5 9.385399e+03 9.388521e+03 9.386830e+03 9.383707e+03
0.5 9.321828e+03 9.381176e+03 9.381151e+03 9.321803e+03
1.5 9.334408e+03 9.388998e+03 9.387560e+03 9.332970e+03
2.5 9.343436e+03 9.393548e+03 9.391333e+03 9.341220e+03
3.5 9.369474e+03 9.394105e+03 9.391873e+03 9.367243e+03
0.5 9.446980e+03 9.386692e+03 9.385339e+03 9.445627e+03
1.5 9.454405e+03 9.391674e+03 9.390767e+03 9.453499e+03
2.5 9.433823e+03 9.396783e+03 9.396696e+03 9.433736e+03
3.5 9.398856e+03 9.401652e+03 9.402470e+03 9.399674e+03
0.5 9.382263e+03 9.371193e+03 9.382155e+03 9.393225e+03
1.5 9.373435e+03 9.370980e+03 9.382606e+03 9.385062e+03
2.5 9.365654e+03 9.367522e+03 9.380329e+03 9.378460e+03
3.5 9.375991e+03 9.361354e+03 9.375840e+03 9.390477e+03
0.5 9.398390e+03 9.351441e+03 9.378899e+03 9.425848e+03
1.5 9.351169e+03 9.350003e+03 9.379321e+03 9.380488e+03
2.5 9.339635e+03 9.345339e+03 9.376787e+03 9.371083e+03
3.5 9.349988e+03 9.338185e+03 9.371905e+03 9.383708e+03
0.5 9.343229e+03 9.282844e+03 9.359412e+03 9.419797e+03
1.5 9.341275e+03 9.286664e+03 9.366760e+03 9.421371e+03
2.5 9.304645e+03 9.288094e+03 9.371748e+03 9.388300e+03
3.5 9.257689e+03 9.285788e+03 9.372974e+03 9.344876e+03
0.5 9.237391e+03 9.221409e+03 9.345367e+03 9.361348e+03
1.5 9.242807e+03 9.217705e+03 9.346751e+03 9.371853e+03
2.5 9.224769e+03 9.211987e+03 9.346843e+03 9.359625e+03
3.5 9.189041e+03 9.205557e+03 9.346598e+03 9.330083e+03
0.5 9.385136e+03 9.348034e+03 9.372972e+03 9.410073e+03
1.5 9.368681e+03 9.345401e+03 9.379473e+03 9.402753e+03
2.5 9.376521e+03 9.345156e+03 9.379634e+03 9.410999e+03
3.5 9.392903e+03 9.344227e+03 9.374224e+03 9.422901e+03
0.5 9.334233e+03 9.295004e+03 9.379318e+03 9.418547e+03
1.5 9.351313e+03 9.306316e+03 9.385211e+03 9.430207e+03
2.5 9.335644e+03 9.317483e+03 9.389802e+03 9.407963e+03
3.5 9.279580e+03 9.326354e+03 9.392797e+03 9.346023e+03
0.5 9.370927e+03 9.351549e+03 9.391152e+03 9.410530e+03
1.5 9.359668e+03 9.354542e+03 9.391262e+03 9.396388e+03
2.5 9.328648e+03 9.352976e+03 9.386880e+03 9.362553e+03
3.5 9.321106e+03 9.348469e+03 9.380241e+03 9.352878e+03
0.5 9.383645e+03 9.360188e+03 9.390320e+03 9.413777e+03
1.5 9.411671e+03 9.368714e+03 9.397148e+03 9.440105e+03
2.5 9.424267e+03 9.373526e+03 9.399385e+03 9.450126e+03
3.5 9.391793e+03 9.372795e+03 9.395745e+03 9.414743e+03
0.5 9.323650e+03 9.374026e+03 9.393106e+03 9.342730e+03
1.5 9.279900e+03 9.381207e+03 9.397758e+03 9.296451e+03
2.5 9.280728e+03 9.382192e+03 9.395978e+03 9.294514e+03
3.5 9.289028e+03 9.376977e+03 9.388599e+03 9.300650e+03
0.5 9.295088e+03 9.371343e+03 9.387025e+03 9.310770e+03
1.5 9.312634e+03 9.387784e+03 9.403227e+03 9.328076e+03
2.5 9.327984e+03 9.404271e+03 9.417902e+03 9.341614e+03
3.5 9.344702e+03 9.415503e+03 9.426146e+03 9.355344e+03
0.5 9.365775e+03 9.386409e+03 9.398568e+03 9.377934e+03
1.5 9.382474e+03 9.406115e+03 9.416264e+03 9.392623e+03
2.5 9.412077e+03 9.420674e+03 9.428084e+03 9.419486e+03
3.5 9.418787e+03 9.426383e+03 9.431256e+03 9.423660e+03
0.5 9.412586e+03 9.376906e+03 9.384354e+03 9.420035e+03
1.5 9.448929e+03 9.381795e+03 9.387518e+03 9.454651e+03
2.5 9.449947e+03 9.384940e+03 9.388421e+03 9.453428e+03
3.5 9.432078e+03 9.383679e+03 9.385142e+03 9.433540e+03
0.5 9.404230e+03 9.383367e+03 9.382883e+03 9.403745e+03
1.5 9.379289e+03 9.384036e+03 9.382748e+03 9.378001e+03
2.5 9.366990e+03 9.379802e+03 9.378617e+03 9.365805e+03
3.5 9.355160e+03 9.372672e+03 9.372385e+03 9.354874e+03
0.5 9.360299e+03 9.381589e+03 9.383078e+03 9.361788e+03
1.5 9.360521e+03 9.388563e+03 9.389050e+03 9.361009e+03
2.5 9.376409e+03 9.391871e+03 9.391609e+03 9.376147e+03
3.5 9.387364e+03 9.390568e+03 9.389952e+03 9.386748e+03
0.5 9.402318e+03 9.388059e+03 9.389743e+03 9.404002e+03
1.5 9.373185e+03 9.399637e+03 9.401405e+03 9.374952e+03
2.5 9.354282e+03 9.408264e+03 9.409855e+03 9.355872e+03
3.5 9.364086e+03 9.412140e+03 9.413303e+03 9.365250e+03
