0.5 1.967464e+03 1.922363e+03 1.981424e+03 2.026525e+03
1.5 1.920488e+03 1.978566e+03 2.034828e+03 1.976751e+03
2.5 1.885701e+03 2.046857e+03 2.095999e+03 1.934843e+03
3.5 1.896960e+03 2.122410e+03 2.160813e+03 1.935363e+03
4.5 1.978293e+03 2.199607e+03 2.224762e+03 2.003448e+03
5.5 2.091727e+03 2.273090e+03 2.283628e+03 2.102265e+03
6.5 2.180732e+03 2.338596e+03 2.334157e+03 2.176293e+03
7.5 2.263775e+03 2.393488e+03 2.374493e+03 2.244780e+03
8.5 2.339918e+03 2.436857e+03 2.404289e+03 2.307350e+03
9.5 2.351569e+03 2.469230e+03 2.424493e+03 2.306832e+03
10.5 2.405499e+03 2.492035e+03 2.436908e+03 2.350372e+03
11.5 2.496793e+03 2.507051e+03 2.443690e+03 2.433433e+03
12.5 2.510523e+03 2.516010e+03 2.446931e+03 2.441443e+03
13.5 2.499173e+03 2.520451e+03 2.448405e+03 2.427127e+03
14.5 2.471949e+03 2.521794e+03 2.449521e+03 2.399677e+03
15.5 2.440656e+03 2.521512e+03 2.451371e+03 2.370515e+03
16.5 2.431260e+03 2.521233e+03 2.454807e+03 2.364833e+03
17.5 2.494296e+03 2.522652e+03 2.460434e+03 2.432078e+03
18.5 2.551230e+03 2.527219e+03 2.468498e+03 2.492508e+03
19.5 2.555655e+03 2.535721e+03 2.478719e+03 2.498653e+03
20.5 2.594402e+03 2.547907e+03 2.490183e+03 2.536678e+03
21.5 2.581236e+03 2.562377e+03 2.501397e+03 2.520256e+03
22.5 2.558352e+03 2.576839e+03 2.510581e+03 2.492094e+03
23.5 2.644635e+03 2.588712e+03 2.516157e+03 2.572080e+03
24.5 2.647193e+03 2.595924e+03 2.517303e+03 2.568572e+03
25.5 2.652442e+03 2.597620e+03 2.514373e+03 2.569195e+03
26.5 2.678594e+03 2.594533e+03 2.509006e+03 2.593067e+03
27.5 2.736777e+03 2.588840e+03 2.503818e+03 2.651755e+03
28.5 2.735021e+03 2.583506e+03 2.501727e+03 2.653243e+03
29.5 2.658115e+03 2.581316e+03 2.505092e+03 2.581891e+03
30.5 2.695031e+03 2.583922e+03 2.514939e+03 2.626048e+03
31.5 2.703365e+03 2.591221e+03 2.530538e+03 2.642683e+03
32.5 2.802594e+03 2.601325e+03 2.549510e+03 2.750778e+03
33.5 2.862724e+03 2.611130e+03 2.568437e+03 2.820030e+03
34.5 2.833247e+03 2.617317e+03 2.583822e+03 2.799752e+03
35.5 2.765118e+03 2.617435e+03 2.593069e+03 2.740752e+03
36.5 2.686661e+03 2.610686e+03 2.595169e+03 2.671144e+03
37.5 2.698405e+03 2.598146e+03 2.590878e+03 2.691137e+03
38.5 2.762313e+03 2.582330e+03 2.582324e+03 2.762307e+03
39.5 2.777295e+03 2.566292e+03 2.572218e+03 2.783221e+03
40.5 2.730987e+03 2.552585e+03 2.562955e+03 2.741357e+03
41.5 2.673240e+03 2.542477e+03 2.555941e+03 2.686704e+03
42.5 2.603428e+03 2.535727e+03 2.551385e+03 2.619086e+03
43.5 2.616424e+03 2.530978e+03 2.548605e+03 2.634051e+03
44.5 2.600329e+03 2.526625e+03 2.546690e+03 2.620394e+03
45.5 2.537796e+03 2.521759e+03 2.545209e+03 2.561247e+03
46.5 2.435633e+03 2.516813e+03 2.544642e+03 2.463462e+03
47.5 2.358479e+03 2.513570e+03 2.546276e+03 2.391186e+03
48.5 2.357476e+03 2.514472e+03 2.551571e+03 2.394575e+03
49.5 2.364485e+03 2.521445e+03 2.561180e+03 2.404220e+03
50.5 2.366927e+03 2.534649e+03 2.574034e+03 2.406312e+03
51.5 2.386900e+03 2.551662e+03 2.586872e+03 2.422110e+03
52.5 2.346531e+03 2.567473e+03 2.594530e+03 2.373588e+03
53.5 2.289675e+03 2.575424e+03 2.591020e+03 2.305272e+03
54.5 2.296352e+03 2.568877e+03 2.571138e+03 2.298613e+03
55.5 2.366507e+03 2.543150e+03 2.532143e+03 2.355500e+03
56.5 2.334573e+03 2.497102e+03 2.474945e+03 2.312417e+03
57.5 2.278146e+03 2.433843e+03 2.404370e+03 2.248673e+03
58.5 2.226723e+03 2.360288e+03 2.328323e+03 2.194757e+03
59.5 2.221225e+03 2.285624e+03 2.256036e+03 2.191637e+03
60.5 2.263720e+03 2.219112e+03 2.195866e+03 2.240474e+03
61.5 2.262042e+03 2.167849e+03 2.153276e+03 2.247469e+03
62.5 2.300218e+03 2.135125e+03 2.129594e+03 2.294687e+03
63.5 2.286847e+03 2.119847e+03 2.121915e+03 2.288915e+03
64.5 2.251423e+03 2.117156e+03 2.124150e+03 2.258418e+03
65.5 2.226822e+03 2.120019e+03 2.128896e+03 2.235699e+03
66.5 2.194514e+03 2.121306e+03 2.129549e+03 2.202757e+03
67.5 2.194717e+03 2.115732e+03 2.122033e+03 2.201018e+03
68.5 2.122289e+03 2.101127e+03 2.105668e+03 2.126830e+03
69.5 2.053442e+03 2.078731e+03 2.082974e+03 2.057685e+03
70.5 2.083946e+03 2.052508e+03 2.058556e+03 2.089994e+03
71.5 2.081042e+03 2.027754e+03 2.037488e+03 2.090775e+03
72.5 2.049955e+03 2.009464e+03 2.023716e+03 2.064207e+03
73.5 2.011478e+03 2.000931e+03 2.018990e+03 2.029538e+03
74.5 1.964502e+03 2.002945e+03 2.022561e+03 1.984118e+03
75.5 1.988069e+03 2.013764e+03 2.031689e+03 2.005994e+03
76.5 2.081955e+03 2.029751e+03 2.042679e+03 2.094884e+03
77.5 2.087277e+03 2.046465e+03 2.052079e+03 2.092891e+03
78.5 2.022333e+03 2.059835e+03 2.057625e+03 2.020122e+03
79.5 1.962500e+03 2.067110e+03 2.058676e+03 1.954067e+03
80.5 1.978886e+03 2.067358e+03 2.056076e+03 1.967605e+03
81.5 2.018899e+03 2.061461e+03 2.051568e+03 2.009005e+03
82.5 2.065609e+03 2.051650e+03 2.047031e+03 2.060990e+03
83.5 2.044965e+03 2.040774e+03 2.043837e+03 2.048027e+03
