0.5 1.967464e+03 1.922363e+03 2.142155e+03 2.187255e+03
1.5 1.920488e+03 1.978566e+03 2.131590e+03 2.073512e+03
2.5 1.885701e+03 2.046857e+03 2.125048e+03 1.963893e+03
3.5 1.896960e+03 2.122410e+03 2.123455e+03 1.898005e+03
4.5 1.978293e+03 2.199607e+03 2.126865e+03 1.905550e+03
5.5 2.091727e+03 2.273090e+03 2.134558e+03 1.953195e+03
6.5 2.180732e+03 2.338596e+03 2.145181e+03 1.987318e+03
7.5 2.263775e+03 2.393488e+03 2.157066e+03 2.027353e+03
8.5 2.339918e+03 2.436857e+03 2.168607e+03 2.071668e+03
9.5 2.351569e+03 2.469230e+03 2.178572e+03 2.060910e+03
10.5 2.405499e+03 2.492035e+03 2.186266e+03 2.099730e+03
11.5 2.496793e+03 2.507051e+03 2.191525e+03 2.181267e+03
12.5 2.510523e+03 2.516010e+03 2.194568e+03 2.189080e+03
13.5 2.499173e+03 2.520451e+03 2.195786e+03 2.174508e+03
14.5 2.471949e+03 2.521794e+03 2.195571e+03 2.145726e+03
15.5 2.440656e+03 2.521512e+03 2.194241e+03 2.113384e+03
16.5 2.431260e+03 2.521233e+03 2.192075e+03 2.102101e+03
17.5 2.494296e+03 2.522652e+03 2.189422e+03 2.161066e+03
18.5 2.551230e+03 2.527219e+03 2.186788e+03 2.210799e+03
19.5 2.555655e+03 2.535721e+03 2.184839e+03 2.204773e+03
20.5 2.594402e+03 2.547907e+03 2.184270e+03 2.230765e+03
21.5 2.581236e+03 2.562377e+03 2.185577e+03 2.204436e+03
22.5 2.558352e+03 2.576839e+03 2.188809e+03 2.170322e+03
23.5 2.644635e+03 2.588712e+03 2.193417e+03 2.249340e+03
24.5 2.647193e+03 2.595924e+03 2.198293e+03 2.249562e+03
25.5 2.652442e+03 2.597620e+03 2.202027e+03 2.256849e+03
26.5 2.678594e+03 2.594533e+03 2.203322e+03 2.287383e+03
27.5 2.736777e+03 2.588840e+03 2.201444e+03 2.349381e+03
28.5 2.735021e+03 2.583506e+03 2.196540e+03 2.348056e+03
29.5 2.658115e+03 2.581316e+03 2.189696e+03 2.266496e+03
30.5 2.695031e+03 2.583922e+03 2.182683e+03 2.293792e+03
31.5 2.703365e+03 2.591221e+03 2.177452e+03 2.289596e+03
32.5 2.802594e+03 2.601325e+03 2.175544e+03 2.376813e+03
33.5 2.862724e+03 2.611130e+03 2.177600e+03 2.429194e+03
34.5 2.833247e+03 2.617317e+03 2.183150e+03 2.399080e+03
35.5 2.765118e+03 2.617435e+03 2.190765e+03 2.338449e+03
36.5 2.686661e+03 2.610686e+03 2.198526e+03 2.274501e+03
37.5 2.698405e+03 2.598146e+03 2.204634e+03 2.304893e+03
38.5 2.762313e+03 2.582330e+03 2.207968e+03 2.387950e+03
39.5 2.777295e+03 2.566292e+03 2.208374e+03 2.419377e+03
40.5 2.730987e+03 2.552585e+03 2.206602e+03 2.385004e+03
41.5 2.673240e+03 2.542477e+03 2.203903e+03 2.334666e+03
42.5 2.603428e+03 2.535727e+03 2.201476e+03 2.269177e+03
43.5 2.616424e+03 2.530978e+03 2.199962e+03 2.285408e+03
44.5 2.600329e+03 2.526625e+03 2.199218e+03 2.272922e+03
45.5 2.537796e+03 2.521759e+03 2.198444e+03 2.214482e+03
46.5 2.435633e+03 2.516813e+03 2.196659e+03 2.115479e+03
47.5 2.358479e+03 2.513570e+03 2.193298e+03 2.038208e+03
48.5 2.357476e+03 2.514472e+03 2.188726e+03 2.031731e+03
49.5 2.364485e+03 2.521445e+03 2.184393e+03 2.027433e+03
50.5 2.366927e+03 2.534649e+03 2.182542e+03 2.014820e+03
51.5 2.386900e+03 2.551662e+03 2.185521e+03 2.020759e+03
52.5 2.346531e+03 2.567473e+03 2.194892e+03 1.973950e+03
53.5 2.289675e+03 2.575424e+03 2.210681e+03 1.924932e+03
54.5 2.296352e+03 2.568877e+03 2.231023e+03 1.958499e+03
55.5 2.366507e+03 2.543150e+03 2.252415e+03 2.075772e+03
56.5 2.334573e+03 2.497102e+03 2.270520e+03 2.107991e+03
57.5 2.278146e+03 2.433843e+03 2.281326e+03 2.125629e+03
58.5 2.226723e+03 2.360288e+03 2.282307e+03 2.148742e+03
59.5 2.221225e+03 2.285624e+03 2.273205e+03 2.208806e+03
60.5 2.263720e+03 2.219112e+03 2.256182e+03 2.300790e+03
61.5 2.262042e+03 2.167849e+03 2.235264e+03 2.329458e+03
62.5 2.300218e+03 2.135125e+03 2.215250e+03 2.380343e+03
63.5 2.286847e+03 2.119847e+03 2.200393e+03 2.367393e+03
64.5 2.251423e+03 2.117156e+03 2.193270e+03 2.327537e+03
65.5 2.226822e+03 2.120019e+03 2.194177e+03 2.300980e+03
66.5 2.194514e+03 2.121306e+03 2.201207e+03 2.274415e+03
67.5 2.194717e+03 2.115732e+03 2.210962e+03 2.289947e+03
68.5 2.122289e+03 2.101127e+03 2.219663e+03 2.240825e+03
69.5 2.053442e+03 2.078731e+03 2.224280e+03 2.198991e+03
70.5 2.083946e+03 2.052508e+03 2.223348e+03 2.254786e+03
71.5 2.081042e+03 2.027754e+03 2.217245e+03 2.270533e+03
72.5 2.049955e+03 2.009464e+03 2.207876e+03 2.248367e+03
73.5 2.011478e+03 2.000931e+03 2.197934e+03 2.208482e+03
74.5 1.964502e+03 2.002945e+03 2.189992e+03 2.151549e+03
75.5 1.988069e+03 2.013764e+03 2.185739e+03 2.160045e+03
76.5 2.081955e+03 2.029751e+03 2.185583e+03 2.237788e+03
77.5 2.087277e+03 2.046465e+03 2.188704e+03 2.229516e+03
78.5 2.022333e+03 2.059835e+03 2.193490e+03 2.155987e+03
79.5 1.962500e+03 2.067110e+03 2.198160e+03 2.093550e+03
80.5 1.978886e+03 2.067358e+03 2.201347e+03 2.112876e+03
81.5 2.018899e+03 2.061461e+03 2.202458e+03 2.159895e+03
82.5 2.065609e+03 2.051650e+03 2.201704e+03 2.215663e+03
83.5 2.044965e+03 2.040774e+03 2.199865e+03 2.204056e+03
