0.5 8.629674e+03 8.615353e+03 8.649194e+03 8.663516e+03
1.5 8.616852e+03 8.645492e+03 8.675691e+03 8.647051e+03
2.5 8.614846e+03 8.682060e+03 8.706041e+03 8.638826e+03
3.5 8.633072e+03 8.722305e+03 8.738198e+03 8.648966e+03
4.5 8.671273e+03 8.763098e+03 8.769926e+03 8.678101e+03
5.5 8.709896e+03 8.801559e+03 8.799133e+03 8.707470e+03
6.5 8.763944e+03 8.835513e+03 8.824203e+03 8.752633e+03
7.5 8.811219e+03 8.863746e+03 8.844215e+03 8.791688e+03
8.5 8.841293e+03 8.885994e+03 8.858999e+03 8.814298e+03
9.5 8.860584e+03 8.902715e+03 8.869023e+03 8.826892e+03
10.5 8.872510e+03 8.914742e+03 8.875182e+03 8.832950e+03
11.5 8.885187e+03 8.922970e+03 8.878548e+03 8.840764e+03
12.5 8.908688e+03 8.928165e+03 8.880155e+03 8.860678e+03
13.5 8.911174e+03 8.930945e+03 8.880887e+03 8.861116e+03
14.5 8.898349e+03 8.931887e+03 8.881441e+03 8.847902e+03
15.5 8.890909e+03 8.931676e+03 8.882358e+03 8.841592e+03
16.5 8.896256e+03 8.931184e+03 8.884063e+03 8.849135e+03
17.5 8.910990e+03 8.931410e+03 8.886855e+03 8.866435e+03
18.5 8.940626e+03 8.933268e+03 8.890856e+03 8.898214e+03
19.5 8.953173e+03 8.937309e+03 8.895927e+03 8.911792e+03
20.5 8.965267e+03 8.943480e+03 8.901615e+03 8.923401e+03
21.5 8.969124e+03 8.951053e+03 8.907179e+03 8.925250e+03
22.5 8.970100e+03 8.958768e+03 8.911735e+03 8.923068e+03
23.5 8.982607e+03 8.965197e+03 8.914502e+03 8.931912e+03
24.5 9.001384e+03 8.969200e+03 8.915071e+03 8.947255e+03
25.5 9.005107e+03 8.970321e+03 8.913617e+03 8.948404e+03
26.5 9.001604e+03 8.968975e+03 8.910954e+03 8.943583e+03
27.5 9.014277e+03 8.966336e+03 8.908380e+03 8.956321e+03
28.5 9.033350e+03 8.963939e+03 8.907342e+03 8.976753e+03
29.5 9.027709e+03 8.963145e+03 8.909012e+03 8.973575e+03
30.5 9.031170e+03 8.964629e+03 8.913897e+03 8.980438e+03
31.5 9.036589e+03 8.968097e+03 8.921637e+03 8.990129e+03
32.5 9.051823e+03 8.972345e+03 8.931050e+03 9.010529e+03
33.5 9.071265e+03 8.975638e+03 8.940440e+03 9.036068e+03
34.5 9.078343e+03 8.976299e+03 8.948074e+03 9.050119e+03
35.5 9.063355e+03 8.973288e+03 8.952662e+03 9.042729e+03
36.5 9.046369e+03 8.966568e+03 8.953704e+03 9.033504e+03
37.5 9.037956e+03 8.957124e+03 8.951575e+03 9.032407e+03
38.5 9.035086e+03 8.946619e+03 8.947331e+03 9.035798e+03
39.5 9.042907e+03 8.936831e+03 8.942317e+03 9.048393e+03
40.5 9.036339e+03 8.929060e+03 8.937721e+03 9.044999e+03
41.5 8.996101e+03 8.923750e+03 8.934241e+03 9.006592e+03
42.5 8.975894e+03 8.920449e+03 8.931981e+03 8.987425e+03
43.5 8.948024e+03 8.918134e+03 8.930601e+03 8.960491e+03
44.5 8.925530e+03 8.915762e+03 8.929651e+03 8.939419e+03
45.5 8.900397e+03 8.912822e+03 8.928916e+03 8.916491e+03
46.5 8.863045e+03 8.909659e+03 8.928635e+03 8.882020e+03
47.5 8.832187e+03 8.907408e+03 8.929446e+03 8.854225e+03
48.5 8.830542e+03 8.907528e+03 8.932072e+03 8.855086e+03
49.5 8.838848e+03 8.911110e+03 8.936840e+03 8.864578e+03
50.5 8.846810e+03 8.918178e+03 8.943218e+03 8.871849e+03
51.5 8.835968e+03 8.927294e+03 8.949587e+03 8.858261e+03
52.5 8.812369e+03 8.935638e+03 8.953387e+03 8.830118e+03
53.5 8.807313e+03 8.939602e+03 8.951645e+03 8.819357e+03
54.5 8.819260e+03 8.935750e+03 8.941781e+03 8.825291e+03
55.5 8.831329e+03 8.921846e+03 8.922433e+03 8.831917e+03
56.5 8.819271e+03 8.897639e+03 8.894055e+03 8.815688e+03
57.5 8.780983e+03 8.865115e+03 8.859039e+03 8.774907e+03
58.5 8.748855e+03 8.828131e+03 8.821308e+03 8.742031e+03
59.5 8.737303e+03 8.791509e+03 8.785443e+03 8.731237e+03
60.5 8.757038e+03 8.759839e+03 8.755590e+03 8.752789e+03
61.5 8.770929e+03 8.736369e+03 8.734458e+03 8.769019e+03
62.5 8.766754e+03 8.722262e+03 8.722709e+03 8.767201e+03
63.5 8.759072e+03 8.716459e+03 8.718899e+03 8.761512e+03
64.5 8.763346e+03 8.716139e+03 8.720008e+03 8.767215e+03
65.5 8.772557e+03 8.717631e+03 8.722363e+03 8.777289e+03
66.5 8.776832e+03 8.717477e+03 8.722686e+03 8.782041e+03
67.5 8.752185e+03 8.713359e+03 8.718957e+03 8.757783e+03
68.5 8.732196e+03 8.704614e+03 8.710838e+03 8.738420e+03
69.5 8.711108e+03 8.692253e+03 8.699578e+03 8.718434e+03
70.5 8.717010e+03 8.678515e+03 8.687464e+03 8.725958e+03
71.5 8.715605e+03 8.666126e+03 8.677010e+03 8.726489e+03
72.5 8.690592e+03 8.657505e+03 8.670178e+03 8.703265e+03
73.5 8.662668e+03 8.654128e+03 8.667833e+03 8.676372e+03
74.5 8.662303e+03 8.656214e+03 8.669605e+03 8.675695e+03
75.5 8.691859e+03 8.662753e+03 8.674133e+03 8.703239e+03
76.5 8.718992e+03 8.671855e+03 8.679586e+03 8.726723e+03
77.5 8.711804e+03 8.681256e+03 8.684250e+03 8.714798e+03
78.5 8.663137e+03 8.688868e+03 8.687001e+03 8.661271e+03
79.5 8.655009e+03 8.693217e+03 8.687523e+03 8.649315e+03
80.5 8.682944e+03 8.693703e+03 8.686233e+03 8.675473e+03
81.5 8.710329e+03 8.690635e+03 8.683996e+03 8.703690e+03
82.5 8.698013e+03 8.685069e+03 8.681745e+03 8.694690e+03
83.5 8.648320e+03 8.678500e+03 8.680160e+03 8.649980e+03
