0.5 2.190135e+03 2.228910e+03 2.214351e+03 2.175576e+03
1.5 2.237832e+03 2.222468e+03 2.214158e+03 2.229522e+03
2.5 2.215143e+03 2.210895e+03 2.208238e+03 2.212486e+03
3.5 2.146277e+03 2.196644e+03 2.199275e+03 2.148908e+03
0.5 2.171389e+03 2.198853e+03 2.194725e+03 2.167261e+03
1.5 2.088380e+03 2.205698e+03 2.199861e+03 2.082543e+03
2.5 2.107133e+03 2.208587e+03 2.202884e+03 2.101430e+03
3.5 2.148881e+03 2.207402e+03 2.203318e+03 2.144797e+03
0.5 2.307427e+03 2.203736e+03 2.198081e+03 2.301772e+03
1.5 2.381447e+03 2.207313e+03 2.202431e+03 2.376565e+03
2.5 2.311729e+03 2.210238e+03 2.207183e+03 2.308674e+03
3.5 2.227454e+03 2.212563e+03 2.211810e+03 2.226701e+03
0.5 2.241733e+03 2.171590e+03 2.195529e+03 2.265672e+03
1.5 2.188976e+03 2.168973e+03 2.195890e+03 2.215893e+03
2.5 2.138445e+03 2.163220e+03 2.194065e+03 2.169290e+03
3.5 2.134648e+03 2.155233e+03 2.190468e+03 2.169883e+03
0.5 2.264394e+03 2.132245e+03 2.192920e+03 2.325069e+03
1.5 2.263988e+03 2.126934e+03 2.193258e+03 2.330313e+03
2.5 2.195758e+03 2.118907e+03 2.191227e+03 2.268078e+03
3.5 2.204471e+03 2.109283e+03 2.187314e+03 2.282502e+03
0.5 1.977422e+03 2.011137e+03 2.177302e+03 2.143587e+03
1.5 1.988258e+03 2.008263e+03 2.183191e+03 2.163186e+03
2.5 2.046962e+03 2.002677e+03 2.187188e+03 2.231473e+03
3.5 1.979257e+03 1.993807e+03 2.188171e+03 2.173621e+03
0.5 1.896774e+03 1.892173e+03 2.166045e+03 2.170646e+03
1.5 1.990434e+03 1.881483e+03 2.167154e+03 2.276105e+03
2.5 1.962121e+03 1.868858e+03 2.167228e+03 2.260492e+03
3.5 1.887427e+03 1.856356e+03 2.167032e+03 2.198103e+03
0.5 2.300218e+03 2.135125e+03 2.188169e+03 2.353262e+03
1.5 2.286847e+03 2.119847e+03 2.193380e+03 2.360380e+03
2.5 2.251423e+03 2.117156e+03 2.193508e+03 2.327776e+03
3.5 2.226822e+03 2.120019e+03 2.189173e+03 2.295976e+03
0.5 1.988069e+03 2.013764e+03 2.193255e+03 2.167561e+03
1.5 2.081955e+03 2.029751e+03 2.197978e+03 2.250182e+03
2.5 2.087277e+03 2.046465e+03 2.201657e+03 2.242469e+03
3.5 2.022333e+03 2.059835e+03 2.204058e+03 2.166555e+03
0.5 2.176230e+03 2.117800e+03 2.202740e+03 2.261170e+03
1.5 2.151294e+03 2.121770e+03 2.202828e+03 2.232352e+03
2.5 2.121677e+03 2.122702e+03 2.199316e+03 2.198291e+03
3.5 2.083677e+03 2.121713e+03 2.193995e+03 2.155959e+03
0.5 2.076890e+03 2.140469e+03 2.202073e+03 2.138494e+03
1.5 2.117034e+03 2.147962e+03 2.207545e+03 2.176617e+03
2.5 2.128697e+03 2.152628e+03 2.209338e+03 2.185406e+03
3.5 2.178440e+03 2.153250e+03 2.206421e+03 2.231611e+03
0.5 2.118502e+03 2.166556e+03 2.204306e+03 2.156252e+03
1.5 2.115063e+03 2.172785e+03 2.208034e+03 2.150312e+03
2.5 2.061845e+03 2.174203e+03 2.206607e+03 2.094250e+03
3.5 2.020792e+03 2.170943e+03 2.200694e+03 2.050542e+03
0.5 2.141148e+03 2.173288e+03 2.199432e+03 2.167292e+03
1.5 2.119932e+03 2.187114e+03 2.212417e+03 2.145234e+03
2.5 2.072337e+03 2.200454e+03 2.224178e+03 2.096061e+03
3.5 2.058005e+03 2.209125e+03 2.230785e+03 2.079665e+03
0.5 2.181193e+03 2.192209e+03 2.208683e+03 2.197668e+03
1.5 2.203778e+03 2.208517e+03 2.222865e+03 2.218127e+03
2.5 2.196077e+03 2.219705e+03 2.232338e+03 2.208710e+03
3.5 2.172148e+03 2.222942e+03 2.234880e+03 2.184087e+03
0.5 2.230053e+03 2.183127e+03 2.197292e+03 2.244219e+03
1.5 2.262698e+03 2.188808e+03 2.199827e+03 2.273717e+03
2.5 2.348488e+03 2.192450e+03 2.200551e+03 2.356588e+03
3.5 2.306623e+03 2.191780e+03 2.197922e+03 2.312765e+03
0.5 2.276498e+03 2.198113e+03 2.196112e+03 2.274497e+03
1.5 2.218584e+03 2.197336e+03 2.196004e+03 2.217253e+03
2.5 2.167366e+03 2.192256e+03 2.192694e+03 2.167804e+03
3.5 2.172201e+03 2.185097e+03 2.187699e+03 2.174804e+03
0.5 2.257527e+03 2.196771e+03 2.196269e+03 2.257026e+03
1.5 2.173343e+03 2.202094e+03 2.201055e+03 2.172304e+03
2.5 2.144703e+03 2.203583e+03 2.203106e+03 2.144226e+03
3.5 2.201668e+03 2.200894e+03 2.201778e+03 2.202552e+03
0.5 2.182427e+03 2.204214e+03 2.201610e+03 2.179824e+03
1.5 2.154963e+03 2.212077e+03 2.210956e+03 2.153842e+03
2.5 2.162769e+03 2.216925e+03 2.217729e+03 2.163573e+03
3.5 2.184962e+03 2.217822e+03 2.220492e+03 2.187632e+03
