0.5 9.275953e+03 9.251750e+03 9.354393e+03 9.378596e+03
1.5 9.261633e+03 9.286963e+03 9.348654e+03 9.323323e+03
2.5 9.264501e+03 9.328222e+03 9.345100e+03 9.281379e+03
3.5 9.297877e+03 9.372135e+03 9.344235e+03 9.269977e+03
4.5 9.342114e+03 9.415246e+03 9.346087e+03 9.272954e+03
5.5 9.375988e+03 9.454746e+03 9.350267e+03 9.271508e+03
6.5 9.428375e+03 9.488864e+03 9.356038e+03 9.295549e+03
7.5 9.478781e+03 9.516962e+03 9.362494e+03 9.324313e+03
8.5 9.506048e+03 9.539307e+03 9.368764e+03 9.335505e+03
9.5 9.520300e+03 9.556663e+03 9.374177e+03 9.337814e+03
10.5 9.527958e+03 9.569855e+03 9.378357e+03 9.336461e+03
11.5 9.535973e+03 9.579498e+03 9.381214e+03 9.337689e+03
12.5 9.564559e+03 9.585940e+03 9.382867e+03 9.361486e+03
13.5 9.568442e+03 9.589420e+03 9.383529e+03 9.362551e+03
14.5 9.546501e+03 9.590330e+03 9.383412e+03 9.339584e+03
15.5 9.546080e+03 9.589427e+03 9.382690e+03 9.339343e+03
16.5 9.558845e+03 9.587877e+03 9.381513e+03 9.352482e+03
17.5 9.576787e+03 9.587068e+03 9.380072e+03 9.369792e+03
18.5 9.602386e+03 9.588252e+03 9.378641e+03 9.392775e+03
19.5 9.611685e+03 9.592153e+03 9.377582e+03 9.397115e+03
20.5 9.618643e+03 9.598682e+03 9.377273e+03 9.397234e+03
21.5 9.625242e+03 9.606925e+03 9.377983e+03 9.396301e+03
22.5 9.630535e+03 9.615399e+03 9.379739e+03 9.394875e+03
23.5 9.645916e+03 9.622532e+03 9.382242e+03 9.405626e+03
24.5 9.665609e+03 9.627178e+03 9.384891e+03 9.423322e+03
25.5 9.663962e+03 9.628988e+03 9.386920e+03 9.421893e+03
26.5 9.651716e+03 9.628490e+03 9.387623e+03 9.410850e+03
27.5 9.668581e+03 9.626830e+03 9.386603e+03 9.428354e+03
28.5 9.686996e+03 9.625276e+03 9.383939e+03 9.445658e+03
29.5 9.677489e+03 9.624657e+03 9.380221e+03 9.433053e+03
30.5 9.670668e+03 9.624965e+03 9.376411e+03 9.422114e+03
31.5 9.675616e+03 9.625283e+03 9.373569e+03 9.423902e+03
32.5 9.689913e+03 9.624076e+03 9.372533e+03 9.438370e+03
33.5 9.705797e+03 9.619755e+03 9.373649e+03 9.459692e+03
34.5 9.706391e+03 9.611306e+03 9.376664e+03 9.471749e+03
35.5 9.686893e+03 9.598754e+03 9.380802e+03 9.468941e+03
36.5 9.668138e+03 9.583256e+03 9.385018e+03 9.469900e+03
37.5 9.661854e+03 9.566808e+03 9.388336e+03 9.483383e+03
38.5 9.658907e+03 9.551623e+03 9.390147e+03 9.497432e+03
39.5 9.663011e+03 9.539442e+03 9.390368e+03 9.513937e+03
40.5 9.646762e+03 9.531001e+03 9.389405e+03 9.505166e+03
41.5 9.595910e+03 9.525878e+03 9.387939e+03 9.457971e+03
42.5 9.568329e+03 9.522767e+03 9.386620e+03 9.432182e+03
43.5 9.542917e+03 9.520085e+03 9.385798e+03 9.408630e+03
44.5 9.507972e+03 9.516674e+03 9.385393e+03 9.376692e+03
45.5 9.483832e+03 9.512320e+03 9.384973e+03 9.356485e+03
46.5 9.448282e+03 9.507882e+03 9.384003e+03 9.324404e+03
47.5 9.420213e+03 9.504947e+03 9.382178e+03 9.297444e+03
48.5 9.432930e+03 9.505132e+03 9.379694e+03 9.307492e+03
49.5 9.441451e+03 9.509276e+03 9.377340e+03 9.309515e+03
50.5 9.447435e+03 9.516835e+03 9.376334e+03 9.306934e+03
51.5 9.433729e+03 9.525721e+03 9.377952e+03 9.285960e+03
52.5 9.407594e+03 9.532694e+03 9.383044e+03 9.257943e+03
53.5 9.407543e+03 9.534209e+03 9.391621e+03 9.264955e+03
54.5 9.423890e+03 9.527451e+03 9.402672e+03 9.299110e+03
55.5 9.433895e+03 9.511243e+03 9.414294e+03 9.336946e+03
56.5 9.417829e+03 9.486493e+03 9.424129e+03 9.355465e+03
57.5 9.375012e+03 9.456064e+03 9.430000e+03 9.348947e+03
58.5 9.351149e+03 9.424059e+03 9.430533e+03 9.357623e+03
59.5 9.348809e+03 9.394759e+03 9.425588e+03 9.379638e+03
60.5 9.366559e+03 9.371540e+03 9.416340e+03 9.411359e+03
61.5 9.387984e+03 9.356072e+03 9.404976e+03 9.436888e+03
62.5 9.385136e+03 9.348034e+03 9.394103e+03 9.431205e+03
63.5 9.368681e+03 9.345401e+03 9.386032e+03 9.409312e+03
64.5 9.376521e+03 9.345156e+03 9.382162e+03 9.413527e+03
65.5 9.392903e+03 9.344227e+03 9.382655e+03 9.431332e+03
66.5 9.398389e+03 9.340320e+03 9.386474e+03 9.444543e+03
67.5 9.373870e+03 9.332472e+03 9.391774e+03 9.433171e+03
68.5 9.352466e+03 9.321165e+03 9.396501e+03 9.427801e+03
69.5 9.332709e+03 9.308061e+03 9.399009e+03 9.423656e+03
70.5 9.332433e+03 9.295456e+03 9.398503e+03 9.435480e+03
71.5 9.325381e+03 9.285650e+03 9.395187e+03 9.434918e+03
72.5 9.308100e+03 9.280391e+03 9.390097e+03 9.417806e+03
73.5 9.286996e+03 9.280506e+03 9.384696e+03 9.391186e+03
74.5 9.301402e+03 9.285772e+03 9.380382e+03 9.396012e+03
75.5 9.334233e+03 9.295004e+03 9.378071e+03 9.417300e+03
76.5 9.351313e+03 9.306316e+03 9.377986e+03 9.422983e+03
77.5 9.335644e+03 9.317483e+03 9.379682e+03 9.397844e+03
78.5 9.279580e+03 9.326354e+03 9.382282e+03 9.335508e+03
79.5 9.280477e+03 9.331257e+03 9.384819e+03 9.334039e+03
80.5 9.321241e+03 9.331328e+03 9.386550e+03 9.376464e+03
81.5 9.337541e+03 9.326713e+03 9.387154e+03 9.397982e+03
82.5 9.309198e+03 9.318566e+03 9.386744e+03 9.377377e+03
83.5 9.251052e+03 9.308820e+03 9.385745e+03 9.327977e+03
