0.5 2.190135e+03 2.228910e+03 2.197306e+03 2.158531e+03
1.5 2.237832e+03 2.222468e+03 2.198546e+03 2.213909e+03
2.5 2.215143e+03 2.210895e+03 2.200427e+03 2.204675e+03
3.5 2.146277e+03 2.196644e+03 2.201045e+03 2.150678e+03
0.5 2.171389e+03 2.198853e+03 2.194768e+03 2.167304e+03
1.5 2.088380e+03 2.205698e+03 2.195413e+03 2.078095e+03
2.5 2.107133e+03 2.208587e+03 2.196440e+03 2.094985e+03
3.5 2.148881e+03 2.207402e+03 2.197486e+03 2.138965e+03
0.5 2.307427e+03 2.203736e+03 2.195475e+03 2.299166e+03
1.5 2.381447e+03 2.207313e+03 2.195216e+03 2.369350e+03
2.5 2.311729e+03 2.210238e+03 2.195171e+03 2.296662e+03
3.5 2.227454e+03 2.212563e+03 2.195374e+03 2.210265e+03
0.5 2.241733e+03 2.171590e+03 2.196609e+03 2.266752e+03
1.5 2.188976e+03 2.168973e+03 2.197484e+03 2.217487e+03
2.5 2.138445e+03 2.163220e+03 2.198336e+03 2.173560e+03
3.5 2.134648e+03 2.155233e+03 2.198869e+03 2.178284e+03
0.5 2.264394e+03 2.132245e+03 2.196547e+03 2.328696e+03
1.5 2.263988e+03 2.126934e+03 2.197526e+03 2.334581e+03
2.5 2.195758e+03 2.118907e+03 2.198440e+03 2.275291e+03
3.5 2.204471e+03 2.109283e+03 2.199025e+03 2.294214e+03
0.5 1.977422e+03 2.011137e+03 2.194489e+03 2.160774e+03
1.5 1.988258e+03 2.008263e+03 2.194989e+03 2.174984e+03
2.5 2.046962e+03 2.002677e+03 2.196063e+03 2.240347e+03
3.5 1.979257e+03 1.993807e+03 2.197445e+03 2.182895e+03
0.5 1.896774e+03 1.892173e+03 2.196367e+03 2.200968e+03
1.5 1.990434e+03 1.881483e+03 2.196825e+03 2.305775e+03
2.5 1.962121e+03 1.868858e+03 2.197108e+03 2.290371e+03
3.5 1.887427e+03 1.856356e+03 2.196953e+03 2.228024e+03
0.5 2.300218e+03 2.135125e+03 2.193956e+03 2.359049e+03
1.5 2.286847e+03 2.119847e+03 2.196004e+03 2.363004e+03
2.5 2.251423e+03 2.117156e+03 2.198071e+03 2.332339e+03
3.5 2.226822e+03 2.120019e+03 2.199616e+03 2.306419e+03
0.5 1.988069e+03 2.013764e+03 2.194924e+03 2.169229e+03
1.5 2.081955e+03 2.029751e+03 2.195354e+03 2.247559e+03
2.5 2.087277e+03 2.046465e+03 2.195868e+03 2.236680e+03
3.5 2.022333e+03 2.059835e+03 2.196506e+03 2.159003e+03
0.5 2.176230e+03 2.117800e+03 2.196286e+03 2.254716e+03
1.5 2.151294e+03 2.121770e+03 2.197930e+03 2.227453e+03
2.5 2.121677e+03 2.122702e+03 2.199090e+03 2.198065e+03
3.5 2.083677e+03 2.121713e+03 2.199320e+03 2.161284e+03
0.5 2.076890e+03 2.140469e+03 2.194523e+03 2.130943e+03
1.5 2.117034e+03 2.147962e+03 2.195630e+03 2.164701e+03
2.5 2.128697e+03 2.152628e+03 2.197451e+03 2.173520e+03
3.5 2.178440e+03 2.153250e+03 2.199325e+03 2.224515e+03
0.5 2.118502e+03 2.166556e+03 2.194757e+03 2.146703e+03
1.5 2.115063e+03 2.172785e+03 2.196706e+03 2.138983e+03
2.5 2.061845e+03 2.174203e+03 2.198789e+03 2.086431e+03
3.5 2.020792e+03 2.170943e+03 2.200169e+03 2.050018e+03
0.5 2.141148e+03 2.173288e+03 2.192166e+03 2.160027e+03
1.5 2.119932e+03 2.187114e+03 2.191859e+03 2.124677e+03
2.5 2.072337e+03 2.200454e+03 2.193275e+03 2.065158e+03
3.5 2.058005e+03 2.209125e+03 2.196053e+03 2.044933e+03
0.5 2.181193e+03 2.192209e+03 2.190889e+03 2.179873e+03
1.5 2.203778e+03 2.208517e+03 2.192127e+03 2.187388e+03
2.5 2.196077e+03 2.219705e+03 2.194676e+03 2.171047e+03
3.5 2.172148e+03 2.222942e+03 2.197678e+03 2.146884e+03
0.5 2.230053e+03 2.183127e+03 2.196203e+03 2.243130e+03
1.5 2.262698e+03 2.188808e+03 2.196474e+03 2.270363e+03
2.5 2.348488e+03 2.192450e+03 2.197594e+03 2.353632e+03
3.5 2.306623e+03 2.191780e+03 2.199059e+03 2.313902e+03
0.5 2.276498e+03 2.198113e+03 2.196413e+03 2.274798e+03
1.5 2.218584e+03 2.197336e+03 2.197908e+03 2.219156e+03
2.5 2.167366e+03 2.192256e+03 2.198956e+03 2.174066e+03
3.5 2.172201e+03 2.185097e+03 2.199241e+03 2.186346e+03
0.5 2.257527e+03 2.196771e+03 2.194807e+03 2.255563e+03
1.5 2.173343e+03 2.202094e+03 2.195703e+03 2.166952e+03
2.5 2.144703e+03 2.203583e+03 2.197033e+03 2.138153e+03
3.5 2.201668e+03 2.200894e+03 2.198433e+03 2.199207e+03
0.5 2.182427e+03 2.204214e+03 2.193011e+03 2.171224e+03
1.5 2.154963e+03 2.212077e+03 2.193723e+03 2.136609e+03
2.5 2.162769e+03 2.216925e+03 2.195168e+03 2.141012e+03
3.5 2.184962e+03 2.217822e+03 2.197012e+03 2.164151e+03
