0.5 1.225005e+03 1.270384e+03 1.264525e+03 1.219146e+03
1.5 1.218670e+03 1.270372e+03 1.264258e+03 1.212556e+03
2.5 1.214025e+03 1.264245e+03 1.256031e+03 1.205811e+03
3.5 1.231125e+03 1.251149e+03 1.243578e+03 1.223554e+03
0.5 1.202440e+03 1.233167e+03 1.237255e+03 1.206528e+03
1.5 1.185076e+03 1.242433e+03 1.244392e+03 1.187034e+03
2.5 1.183296e+03 1.248918e+03 1.248593e+03 1.182971e+03
3.5 1.208867e+03 1.251277e+03 1.249195e+03 1.206784e+03
0.5 1.307802e+03 1.240062e+03 1.241918e+03 1.309658e+03
1.5 1.293299e+03 1.245103e+03 1.247963e+03 1.296160e+03
2.5 1.267268e+03 1.250781e+03 1.254565e+03 1.271052e+03
3.5 1.246062e+03 1.256699e+03 1.260995e+03 1.250358e+03
0.5 1.238265e+03 1.226205e+03 1.238372e+03 1.250432e+03
1.5 1.231173e+03 1.227435e+03 1.238874e+03 1.242612e+03
2.5 1.236756e+03 1.225210e+03 1.236338e+03 1.247884e+03
3.5 1.258285e+03 1.219619e+03 1.231339e+03 1.270006e+03
0.5 1.231549e+03 1.206439e+03 1.234747e+03 1.259856e+03
1.5 1.208943e+03 1.206770e+03 1.235217e+03 1.237390e+03
2.5 1.199925e+03 1.203552e+03 1.232394e+03 1.228767e+03
3.5 1.197175e+03 1.197094e+03 1.226957e+03 1.227038e+03
0.5 1.145770e+03 1.134248e+03 1.213045e+03 1.224568e+03
1.5 1.150938e+03 1.139762e+03 1.221228e+03 1.232404e+03
2.5 1.137874e+03 1.143691e+03 1.226783e+03 1.220966e+03
3.5 1.109002e+03 1.144088e+03 1.228149e+03 1.193062e+03
0.5 1.108276e+03 1.076466e+03 1.197404e+03 1.229214e+03
1.5 1.110018e+03 1.074037e+03 1.198945e+03 1.234926e+03
2.5 1.060261e+03 1.069501e+03 1.199048e+03 1.189809e+03
3.5 1.035651e+03 1.063897e+03 1.198776e+03 1.170529e+03
0.5 1.204818e+03 1.196410e+03 1.228145e+03 1.236554e+03
1.5 1.241370e+03 1.200528e+03 1.235386e+03 1.276228e+03
2.5 1.271167e+03 1.204764e+03 1.235565e+03 1.301967e+03
3.5 1.252165e+03 1.205399e+03 1.229541e+03 1.276307e+03
0.5 1.157386e+03 1.153083e+03 1.235213e+03 1.239516e+03
1.5 1.162036e+03 1.165515e+03 1.241775e+03 1.238296e+03
2.5 1.154855e+03 1.177252e+03 1.246888e+03 1.224491e+03
3.5 1.134188e+03 1.186511e+03 1.250224e+03 1.197901e+03
0.5 1.226330e+03 1.209663e+03 1.248392e+03 1.265058e+03
1.5 1.219505e+03 1.215357e+03 1.248514e+03 1.252662e+03
2.5 1.205801e+03 1.215140e+03 1.243634e+03 1.234294e+03
3.5 1.202818e+03 1.210153e+03 1.236241e+03 1.228906e+03
0.5 1.236987e+03 1.214560e+03 1.247465e+03 1.269892e+03
1.5 1.253655e+03 1.225643e+03 1.255069e+03 1.283081e+03
2.5 1.234039e+03 1.233673e+03 1.257560e+03 1.257925e+03
3.5 1.218241e+03 1.235573e+03 1.253506e+03 1.236175e+03
0.5 1.232783e+03 1.228459e+03 1.250568e+03 1.254892e+03
1.5 1.196899e+03 1.239294e+03 1.255748e+03 1.213353e+03
2.5 1.172855e+03 1.243442e+03 1.253766e+03 1.183179e+03
3.5 1.177658e+03 1.239630e+03 1.245549e+03 1.183577e+03
0.5 1.205234e+03 1.220619e+03 1.243795e+03 1.228410e+03
1.5 1.210697e+03 1.238249e+03 1.261838e+03 1.234286e+03
2.5 1.220656e+03 1.258541e+03 1.278180e+03 1.240295e+03
3.5 1.232227e+03 1.275091e+03 1.287361e+03 1.244497e+03
0.5 1.238574e+03 1.234610e+03 1.256651e+03 1.260615e+03
1.5 1.247870e+03 1.258030e+03 1.276357e+03 1.266197e+03
2.5 1.247222e+03 1.277823e+03 1.289520e+03 1.258919e+03
3.5 1.255382e+03 1.288654e+03 1.293052e+03 1.259779e+03
0.5 1.260474e+03 1.232353e+03 1.240822e+03 1.268942e+03
1.5 1.250508e+03 1.237797e+03 1.244345e+03 1.257056e+03
2.5 1.250484e+03 1.242610e+03 1.245350e+03 1.253224e+03
3.5 1.247451e+03 1.243187e+03 1.241698e+03 1.245962e+03
0.5 1.264812e+03 1.237870e+03 1.239183e+03 1.266124e+03
1.5 1.238274e+03 1.240915e+03 1.239032e+03 1.236391e+03
2.5 1.231457e+03 1.238049e+03 1.234433e+03 1.227841e+03
3.5 1.239905e+03 1.230927e+03 1.227493e+03 1.236471e+03
0.5 1.243947e+03 1.233769e+03 1.239401e+03 1.249578e+03
1.5 1.223558e+03 1.242674e+03 1.246051e+03 1.226935e+03
2.5 1.237474e+03 1.248367e+03 1.248900e+03 1.238007e+03
3.5 1.241651e+03 1.249247e+03 1.247055e+03 1.239460e+03
0.5 1.227076e+03 1.237786e+03 1.246823e+03 1.236113e+03
1.5 1.229777e+03 1.251749e+03 1.259809e+03 1.237837e+03
2.5 1.215473e+03 1.263713e+03 1.269219e+03 1.220979e+03
3.5 1.229726e+03 1.271109e+03 1.273059e+03 1.231677e+03
