0.5 8.748979e+03 8.775565e+03 8.756319e+03 8.729733e+03
1.5 8.751553e+03 8.773026e+03 8.757651e+03 8.736179e+03
2.5 8.753193e+03 8.767148e+03 8.759673e+03 8.745718e+03
3.5 8.755491e+03 8.758590e+03 8.760338e+03 8.757239e+03
0.5 8.714557e+03 8.755111e+03 8.753590e+03 8.713036e+03
1.5 8.713420e+03 8.759940e+03 8.754283e+03 8.707763e+03
2.5 8.713469e+03 8.762590e+03 8.755388e+03 8.706266e+03
3.5 8.730144e+03 8.762688e+03 8.756512e+03 8.723968e+03
0.5 8.804540e+03 8.758639e+03 8.754351e+03 8.800252e+03
1.5 8.823322e+03 8.761147e+03 8.754072e+03 8.816248e+03
2.5 8.810195e+03 8.763517e+03 8.754023e+03 8.800702e+03
3.5 8.779692e+03 8.765692e+03 8.754242e+03 8.768242e+03
0.5 8.767633e+03 8.742946e+03 8.755570e+03 8.780257e+03
1.5 8.755700e+03 8.742241e+03 8.756510e+03 8.769969e+03
2.5 8.742165e+03 8.739516e+03 8.757426e+03 8.760075e+03
3.5 8.741978e+03 8.735133e+03 8.757999e+03 8.764844e+03
0.5 8.778153e+03 8.722956e+03 8.755503e+03 8.810699e+03
1.5 8.745837e+03 8.720951e+03 8.756555e+03 8.781440e+03
2.5 8.727838e+03 8.717077e+03 8.757538e+03 8.768299e+03
3.5 8.734275e+03 8.711840e+03 8.758166e+03 8.780602e+03
0.5 8.702619e+03 8.658725e+03 8.753290e+03 8.797184e+03
1.5 8.703683e+03 8.658772e+03 8.753828e+03 8.798739e+03
2.5 8.687056e+03 8.657409e+03 8.754982e+03 8.784630e+03
3.5 8.652270e+03 8.653980e+03 8.756468e+03 8.754758e+03
0.5 8.596548e+03 8.598643e+03 8.755309e+03 8.753214e+03
1.5 8.614771e+03 8.593802e+03 8.755801e+03 8.776770e+03
2.5 8.612180e+03 8.587636e+03 8.756105e+03 8.780649e+03
3.5 8.578089e+03 8.581149e+03 8.755939e+03 8.752878e+03
0.5 8.766754e+03 8.722262e+03 8.752717e+03 8.797209e+03
1.5 8.759072e+03 8.716459e+03 8.754919e+03 8.797532e+03
2.5 8.763346e+03 8.716139e+03 8.757141e+03 8.804348e+03
3.5 8.772557e+03 8.717631e+03 8.758802e+03 8.813728e+03
0.5 8.691859e+03 8.662753e+03 8.753758e+03 8.782863e+03
1.5 8.718992e+03 8.671855e+03 8.754221e+03 8.801358e+03
2.5 8.711804e+03 8.681256e+03 8.754773e+03 8.785321e+03
3.5 8.663137e+03 8.688868e+03 8.755459e+03 8.729728e+03
0.5 8.731776e+03 8.717261e+03 8.755222e+03 8.769737e+03
1.5 8.719488e+03 8.720173e+03 8.756989e+03 8.756304e+03
2.5 8.689089e+03 8.720602e+03 8.758236e+03 8.726724e+03
3.5 8.680064e+03 8.719201e+03 8.758483e+03 8.719346e+03
0.5 8.749774e+03 8.727407e+03 8.753327e+03 8.775694e+03
1.5 8.778058e+03 8.732828e+03 8.754517e+03 8.799746e+03
2.5 8.792247e+03 8.736529e+03 8.756475e+03 8.812193e+03
3.5 8.770681e+03 8.737329e+03 8.758489e+03 8.791841e+03
0.5 8.707909e+03 8.740936e+03 8.753578e+03 8.720551e+03
1.5 8.676800e+03 8.745876e+03 8.755673e+03 8.686597e+03
2.5 8.667856e+03 8.747489e+03 8.757913e+03 8.678279e+03
3.5 8.658492e+03 8.745496e+03 8.759396e+03 8.672392e+03
0.5 8.665369e+03 8.741827e+03 8.750794e+03 8.674337e+03
1.5 8.674070e+03 8.751080e+03 8.750464e+03 8.673454e+03
2.5 8.683530e+03 8.760842e+03 8.751986e+03 8.674674e+03
3.5 8.689683e+03 8.768054e+03 8.754972e+03 8.676601e+03
0.5 8.732445e+03 8.752308e+03 8.749421e+03 8.729558e+03
1.5 8.746706e+03 8.763940e+03 8.750752e+03 8.733518e+03
2.5 8.765818e+03 8.772854e+03 8.753491e+03 8.746455e+03
3.5 8.765910e+03 8.776705e+03 8.756718e+03 8.745923e+03
0.5 8.795909e+03 8.748574e+03 8.755133e+03 8.802468e+03
1.5 8.827054e+03 8.752079e+03 8.755424e+03 8.830399e+03
2.5 8.850655e+03 8.754707e+03 8.756628e+03 8.852575e+03
3.5 8.834737e+03 8.754727e+03 8.758203e+03 8.838212e+03
0.5 8.775748e+03 8.756041e+03 8.755359e+03 8.775066e+03
1.5 8.765380e+03 8.756504e+03 8.756965e+03 8.765840e+03
2.5 8.749257e+03 8.753921e+03 8.758092e+03 8.753428e+03
3.5 8.727172e+03 8.749516e+03 8.758398e+03 8.736054e+03
0.5 8.745301e+03 8.754437e+03 8.753632e+03 8.744496e+03
1.5 8.739807e+03 8.758568e+03 8.754595e+03 8.735834e+03
2.5 8.748601e+03 8.760489e+03 8.756025e+03 8.744136e+03
3.5 8.763280e+03 8.759690e+03 8.757530e+03 8.761121e+03
0.5 8.781425e+03 8.758190e+03 8.751702e+03 8.774937e+03
1.5 8.747744e+03 8.764357e+03 8.752467e+03 8.735854e+03
2.5 8.723754e+03 8.768925e+03 8.754021e+03 8.708850e+03
3.5 8.723928e+03 8.770956e+03 8.756003e+03 8.708975e+03
