0.5 1.090719e+03 1.114150e+03 1.147812e+03 1.124381e+03
1.5 1.090657e+03 1.151613e+03 1.170819e+03 1.109863e+03
2.5 1.098593e+03 1.195246e+03 1.197173e+03 1.100519e+03
3.5 1.123699e+03 1.241116e+03 1.225096e+03 1.107679e+03
4.5 1.183320e+03 1.285275e+03 1.252646e+03 1.150691e+03
5.5 1.251019e+03 1.324624e+03 1.278007e+03 1.204402e+03
6.5 1.295021e+03 1.357422e+03 1.299776e+03 1.237374e+03
7.5 1.354822e+03 1.383374e+03 1.317153e+03 1.288601e+03
8.5 1.403860e+03 1.403293e+03 1.329990e+03 1.330557e+03
9.5 1.431905e+03 1.418522e+03 1.338694e+03 1.352077e+03
10.5 1.458752e+03 1.430320e+03 1.344043e+03 1.372475e+03
11.5 1.461597e+03 1.439472e+03 1.346965e+03 1.369090e+03
12.5 1.464271e+03 1.446208e+03 1.348361e+03 1.366424e+03
13.5 1.464770e+03 1.450439e+03 1.348996e+03 1.363328e+03
14.5 1.442482e+03 1.452157e+03 1.349477e+03 1.339802e+03
15.5 1.461750e+03 1.451797e+03 1.350274e+03 1.360227e+03
16.5 1.459831e+03 1.450371e+03 1.351754e+03 1.361213e+03
17.5 1.488085e+03 1.449306e+03 1.354178e+03 1.392957e+03
18.5 1.518840e+03 1.450020e+03 1.357652e+03 1.426472e+03
19.5 1.528007e+03 1.453424e+03 1.362056e+03 1.436639e+03
20.5 1.523911e+03 1.459548e+03 1.366995e+03 1.431358e+03
21.5 1.552709e+03 1.467475e+03 1.371826e+03 1.457060e+03
22.5 1.553688e+03 1.475632e+03 1.375782e+03 1.453839e+03
23.5 1.581112e+03 1.482349e+03 1.378185e+03 1.476948e+03
24.5 1.579399e+03 1.486479e+03 1.378678e+03 1.471598e+03
25.5 1.570095e+03 1.487825e+03 1.377416e+03 1.459687e+03
26.5 1.532329e+03 1.487199e+03 1.375104e+03 1.420233e+03
27.5 1.527186e+03 1.486071e+03 1.372869e+03 1.413984e+03
28.5 1.522848e+03 1.485906e+03 1.371968e+03 1.408910e+03
29.5 1.522118e+03 1.487477e+03 1.373418e+03 1.408059e+03
30.5 1.519980e+03 1.490391e+03 1.377660e+03 1.407248e+03
31.5 1.537446e+03 1.493075e+03 1.384380e+03 1.428751e+03
32.5 1.551457e+03 1.493228e+03 1.392554e+03 1.450783e+03
33.5 1.554986e+03 1.488624e+03 1.400708e+03 1.467070e+03
34.5 1.528637e+03 1.477965e+03 1.407336e+03 1.458009e+03
35.5 1.507923e+03 1.461463e+03 1.411320e+03 1.457779e+03
36.5 1.468349e+03 1.440925e+03 1.412225e+03 1.439649e+03
37.5 1.503208e+03 1.419270e+03 1.410376e+03 1.494314e+03
38.5 1.503797e+03 1.399649e+03 1.406691e+03 1.510839e+03
39.5 1.477807e+03 1.384472e+03 1.402337e+03 1.495672e+03
40.5 1.443483e+03 1.374692e+03 1.398346e+03 1.467137e+03
41.5 1.392374e+03 1.369622e+03 1.395324e+03 1.418076e+03
42.5 1.368652e+03 1.367349e+03 1.393362e+03 1.394665e+03
43.5 1.379298e+03 1.365585e+03 1.392164e+03 1.405878e+03
44.5 1.321869e+03 1.362639e+03 1.391339e+03 1.350569e+03
45.5 1.244138e+03 1.358118e+03 1.390701e+03 1.276721e+03
46.5 1.240909e+03 1.353074e+03 1.390456e+03 1.278291e+03
47.5 1.223440e+03 1.349534e+03 1.391161e+03 1.265066e+03
48.5 1.235267e+03 1.349547e+03 1.393442e+03 1.279161e+03
49.5 1.248700e+03 1.354138e+03 1.397582e+03 1.292143e+03
50.5 1.245962e+03 1.362551e+03 1.403119e+03 1.286530e+03
51.5 1.249781e+03 1.372123e+03 1.408650e+03 1.286308e+03
52.5 1.214429e+03 1.378873e+03 1.411949e+03 1.247505e+03
53.5 1.212203e+03 1.378660e+03 1.410437e+03 1.243979e+03
54.5 1.256842e+03 1.368522e+03 1.401871e+03 1.290192e+03
55.5 1.266522e+03 1.347737e+03 1.385072e+03 1.303856e+03
56.5 1.233609e+03 1.318239e+03 1.360430e+03 1.275800e+03
57.5 1.191652e+03 1.284212e+03 1.330025e+03 1.237464e+03
58.5 1.164528e+03 1.250980e+03 1.297262e+03 1.210810e+03
59.5 1.201187e+03 1.223539e+03 1.266120e+03 1.243767e+03
60.5 1.214848e+03 1.205198e+03 1.240197e+03 1.249847e+03
61.5 1.190971e+03 1.196748e+03 1.221849e+03 1.216072e+03
62.5 1.204818e+03 1.196410e+03 1.211646e+03 1.220054e+03
63.5 1.241370e+03 1.200528e+03 1.208338e+03 1.249180e+03
64.5 1.271167e+03 1.204764e+03 1.209301e+03 1.275703e+03
65.5 1.252165e+03 1.205399e+03 1.211346e+03 1.258112e+03
66.5 1.217041e+03 1.200319e+03 1.211627e+03 1.228349e+03
67.5 1.206705e+03 1.189452e+03 1.208389e+03 1.225641e+03
68.5 1.194778e+03 1.174563e+03 1.201338e+03 1.221554e+03
69.5 1.177669e+03 1.158557e+03 1.191561e+03 1.210673e+03
70.5 1.153516e+03 1.144571e+03 1.181042e+03 1.189986e+03
71.5 1.124480e+03 1.135142e+03 1.171965e+03 1.161302e+03
72.5 1.102541e+03 1.131673e+03 1.166032e+03 1.136900e+03
73.5 1.106990e+03 1.134284e+03 1.163996e+03 1.136703e+03
74.5 1.114944e+03 1.141992e+03 1.165535e+03 1.138486e+03
75.5 1.157386e+03 1.153083e+03 1.169467e+03 1.173770e+03
76.5 1.162036e+03 1.165515e+03 1.174202e+03 1.170723e+03
77.5 1.154855e+03 1.177252e+03 1.178251e+03 1.155855e+03
78.5 1.134188e+03 1.186511e+03 1.180641e+03 1.128318e+03
79.5 1.128568e+03 1.191931e+03 1.181094e+03 1.117730e+03
80.5 1.155761e+03 1.192732e+03 1.179973e+03 1.143002e+03
81.5 1.175710e+03 1.188864e+03 1.178031e+03 1.164878e+03
82.5 1.141479e+03 1.181101e+03 1.176076e+03 1.136454e+03
83.5 1.115960e+03 1.171020e+03 1.174700e+03 1.119640e+03
