0.5 1.090719e+03 1.114150e+03 1.220452e+03 1.197022e+03
1.5 1.090657e+03 1.151613e+03 1.216552e+03 1.155595e+03
2.5 1.098593e+03 1.195246e+03 1.214136e+03 1.117483e+03
3.5 1.123699e+03 1.241116e+03 1.213548e+03 1.096131e+03
4.5 1.183320e+03 1.285275e+03 1.214807e+03 1.112852e+03
5.5 1.251019e+03 1.324624e+03 1.217648e+03 1.144042e+03
6.5 1.295021e+03 1.357422e+03 1.221570e+03 1.159168e+03
7.5 1.354822e+03 1.383374e+03 1.225958e+03 1.197406e+03
8.5 1.403860e+03 1.403293e+03 1.230220e+03 1.230786e+03
9.5 1.431905e+03 1.418522e+03 1.233899e+03 1.247282e+03
10.5 1.458752e+03 1.430320e+03 1.236740e+03 1.265172e+03
11.5 1.461597e+03 1.439472e+03 1.238682e+03 1.260807e+03
12.5 1.464271e+03 1.446208e+03 1.239805e+03 1.257868e+03
13.5 1.464770e+03 1.450439e+03 1.240255e+03 1.254587e+03
14.5 1.442482e+03 1.452157e+03 1.240176e+03 1.230501e+03
15.5 1.461750e+03 1.451797e+03 1.239684e+03 1.249638e+03
16.5 1.459831e+03 1.450371e+03 1.238885e+03 1.248344e+03
17.5 1.488085e+03 1.449306e+03 1.237905e+03 1.276684e+03
18.5 1.518840e+03 1.450020e+03 1.236933e+03 1.305752e+03
19.5 1.528007e+03 1.453424e+03 1.236213e+03 1.310796e+03
20.5 1.523911e+03 1.459548e+03 1.236003e+03 1.300366e+03
21.5 1.552709e+03 1.467475e+03 1.236486e+03 1.321720e+03
22.5 1.553688e+03 1.475632e+03 1.237679e+03 1.315735e+03
23.5 1.581112e+03 1.482349e+03 1.239380e+03 1.338143e+03
24.5 1.579399e+03 1.486479e+03 1.241181e+03 1.334101e+03
25.5 1.570095e+03 1.487825e+03 1.242559e+03 1.324830e+03
26.5 1.532329e+03 1.487199e+03 1.243038e+03 1.288167e+03
27.5 1.527186e+03 1.486071e+03 1.242344e+03 1.283459e+03
28.5 1.522848e+03 1.485906e+03 1.240534e+03 1.277476e+03
29.5 1.522118e+03 1.487477e+03 1.238007e+03 1.272648e+03
30.5 1.519980e+03 1.490391e+03 1.235417e+03 1.265005e+03
31.5 1.537446e+03 1.493075e+03 1.233486e+03 1.277856e+03
32.5 1.551457e+03 1.493228e+03 1.232781e+03 1.291011e+03
33.5 1.554986e+03 1.488624e+03 1.233540e+03 1.299902e+03
34.5 1.528637e+03 1.477965e+03 1.235589e+03 1.286262e+03
35.5 1.507923e+03 1.461463e+03 1.238401e+03 1.284861e+03
36.5 1.468349e+03 1.440925e+03 1.241267e+03 1.268691e+03
37.5 1.503208e+03 1.419270e+03 1.243522e+03 1.327460e+03
38.5 1.503797e+03 1.399649e+03 1.244753e+03 1.348901e+03
39.5 1.477807e+03 1.384472e+03 1.244903e+03 1.338238e+03
40.5 1.443483e+03 1.374692e+03 1.244249e+03 1.313040e+03
41.5 1.392374e+03 1.369622e+03 1.243252e+03 1.266004e+03
42.5 1.368652e+03 1.367349e+03 1.242356e+03 1.243659e+03
43.5 1.379298e+03 1.365585e+03 1.241797e+03 1.255511e+03
44.5 1.321869e+03 1.362639e+03 1.241522e+03 1.200752e+03
45.5 1.244138e+03 1.358118e+03 1.241237e+03 1.127257e+03
46.5 1.240909e+03 1.353074e+03 1.240577e+03 1.128412e+03
47.5 1.223440e+03 1.349534e+03 1.239337e+03 1.113242e+03
48.5 1.235267e+03 1.349547e+03 1.237648e+03 1.123368e+03
49.5 1.248700e+03 1.354138e+03 1.236048e+03 1.130610e+03
50.5 1.245962e+03 1.362551e+03 1.235365e+03 1.118776e+03
51.5 1.249781e+03 1.372123e+03 1.236465e+03 1.114123e+03
52.5 1.214429e+03 1.378873e+03 1.239925e+03 1.075481e+03
53.5 1.212203e+03 1.378660e+03 1.245755e+03 1.079297e+03
54.5 1.256842e+03 1.368522e+03 1.253266e+03 1.141586e+03
55.5 1.266522e+03 1.347737e+03 1.261164e+03 1.179949e+03
56.5 1.233609e+03 1.318239e+03 1.267849e+03 1.183219e+03
57.5 1.191652e+03 1.284212e+03 1.271839e+03 1.179279e+03
58.5 1.164528e+03 1.250980e+03 1.272202e+03 1.185749e+03
59.5 1.201187e+03 1.223539e+03 1.268841e+03 1.246488e+03
60.5 1.214848e+03 1.205198e+03 1.262555e+03 1.272205e+03
61.5 1.190971e+03 1.196748e+03 1.254832e+03 1.249055e+03
62.5 1.204818e+03 1.196410e+03 1.247442e+03 1.255850e+03
63.5 1.241370e+03 1.200528e+03 1.241956e+03 1.282798e+03
64.5 1.271167e+03 1.204764e+03 1.239326e+03 1.305728e+03
65.5 1.252165e+03 1.205399e+03 1.239661e+03 1.286428e+03
66.5 1.217041e+03 1.200319e+03 1.242257e+03 1.258978e+03
67.5 1.206705e+03 1.189452e+03 1.245859e+03 1.263111e+03
68.5 1.194778e+03 1.174563e+03 1.249071e+03 1.269287e+03
69.5 1.177669e+03 1.158557e+03 1.250776e+03 1.269888e+03
70.5 1.153516e+03 1.144571e+03 1.250432e+03 1.259376e+03
71.5 1.124480e+03 1.135142e+03 1.248178e+03 1.237516e+03
72.5 1.102541e+03 1.131673e+03 1.244719e+03 1.215587e+03
73.5 1.106990e+03 1.134284e+03 1.241048e+03 1.213755e+03
74.5 1.114944e+03 1.141992e+03 1.238116e+03 1.211068e+03
75.5 1.157386e+03 1.153083e+03 1.236545e+03 1.240848e+03
76.5 1.162036e+03 1.165515e+03 1.236488e+03 1.233009e+03
77.5 1.154855e+03 1.177252e+03 1.237640e+03 1.215243e+03
78.5 1.134188e+03 1.186511e+03 1.239407e+03 1.187084e+03
79.5 1.128568e+03 1.191931e+03 1.241131e+03 1.177768e+03
80.5 1.155761e+03 1.192732e+03 1.242308e+03 1.205337e+03
81.5 1.175710e+03 1.188864e+03 1.242718e+03 1.229565e+03
82.5 1.141479e+03 1.181101e+03 1.242440e+03 1.202818e+03
83.5 1.115960e+03 1.171020e+03 1.241761e+03 1.186701e+03
