0.5 8.629674e+03 8.615353e+03 8.727349e+03 8.741670e+03
1.5 8.616852e+03 8.645492e+03 8.721802e+03 8.693162e+03
2.5 8.614846e+03 8.682060e+03 8.718367e+03 8.651153e+03
3.5 8.633072e+03 8.722305e+03 8.717531e+03 8.628298e+03
4.5 8.671273e+03 8.763098e+03 8.719321e+03 8.627496e+03
5.5 8.709896e+03 8.801559e+03 8.723360e+03 8.631698e+03
6.5 8.763944e+03 8.835513e+03 8.728938e+03 8.657369e+03
7.5 8.811219e+03 8.863746e+03 8.735178e+03 8.682651e+03
8.5 8.841293e+03 8.885994e+03 8.741237e+03 8.696536e+03
9.5 8.860584e+03 8.902715e+03 8.746469e+03 8.704338e+03
10.5 8.872510e+03 8.914742e+03 8.750508e+03 8.708276e+03
11.5 8.885187e+03 8.922970e+03 8.753270e+03 8.715486e+03
12.5 8.908688e+03 8.928165e+03 8.754867e+03 8.735390e+03
13.5 8.911174e+03 8.930945e+03 8.755507e+03 8.735735e+03
14.5 8.898349e+03 8.931887e+03 8.755394e+03 8.721856e+03
15.5 8.890909e+03 8.931676e+03 8.754695e+03 8.713929e+03
16.5 8.896256e+03 8.931184e+03 8.753558e+03 8.718630e+03
17.5 8.910990e+03 8.931410e+03 8.752166e+03 8.731745e+03
18.5 8.940626e+03 8.933268e+03 8.750783e+03 8.758141e+03
19.5 8.953173e+03 8.937309e+03 8.749759e+03 8.765624e+03
20.5 8.965267e+03 8.943480e+03 8.749461e+03 8.771247e+03
21.5 8.969124e+03 8.951053e+03 8.750147e+03 8.768218e+03
22.5 8.970100e+03 8.958768e+03 8.751844e+03 8.763176e+03
23.5 8.982607e+03 8.965197e+03 8.754263e+03 8.771673e+03
24.5 9.001384e+03 8.969200e+03 8.756823e+03 8.789007e+03
25.5 9.005107e+03 8.970321e+03 8.758784e+03 8.793570e+03
26.5 9.001604e+03 8.968975e+03 8.759463e+03 8.792092e+03
27.5 9.014277e+03 8.966336e+03 8.758477e+03 8.806419e+03
28.5 9.033350e+03 8.963939e+03 8.755903e+03 8.825314e+03
29.5 9.027709e+03 8.963145e+03 8.752310e+03 8.816873e+03
30.5 9.031170e+03 8.964629e+03 8.748627e+03 8.815168e+03
31.5 9.036589e+03 8.968097e+03 8.745881e+03 8.814372e+03
32.5 9.051823e+03 8.972345e+03 8.744879e+03 8.824358e+03
33.5 9.071265e+03 8.975638e+03 8.745959e+03 8.841586e+03
34.5 9.078343e+03 8.976299e+03 8.748872e+03 8.850917e+03
35.5 9.063355e+03 8.973288e+03 8.752871e+03 8.842938e+03
36.5 9.046369e+03 8.966568e+03 8.756945e+03 8.836746e+03
37.5 9.037956e+03 8.957124e+03 8.760152e+03 8.840984e+03
38.5 9.035086e+03 8.946619e+03 8.761902e+03 8.850370e+03
39.5 9.042907e+03 8.936831e+03 8.762116e+03 8.868192e+03
40.5 9.036339e+03 8.929060e+03 8.761186e+03 8.868464e+03
41.5 8.996101e+03 8.923750e+03 8.759769e+03 8.832119e+03
42.5 8.975894e+03 8.920449e+03 8.758494e+03 8.813939e+03
43.5 8.948024e+03 8.918134e+03 8.757700e+03 8.787590e+03
44.5 8.925530e+03 8.915762e+03 8.757308e+03 8.767077e+03
45.5 8.900397e+03 8.912822e+03 8.756903e+03 8.744477e+03
46.5 8.863045e+03 8.909659e+03 8.755965e+03 8.709351e+03
47.5 8.832187e+03 8.907408e+03 8.754201e+03 8.678980e+03
48.5 8.830542e+03 8.907528e+03 8.751800e+03 8.674814e+03
49.5 8.838848e+03 8.911110e+03 8.749525e+03 8.677263e+03
50.5 8.846810e+03 8.918178e+03 8.748553e+03 8.677185e+03
51.5 8.835968e+03 8.927294e+03 8.750117e+03 8.658791e+03
52.5 8.812369e+03 8.935638e+03 8.755038e+03 8.631769e+03
53.5 8.807313e+03 8.939602e+03 8.763327e+03 8.631038e+03
54.5 8.819260e+03 8.935750e+03 8.774007e+03 8.657518e+03
55.5 8.831329e+03 8.921846e+03 8.785239e+03 8.694722e+03
56.5 8.819271e+03 8.897639e+03 8.794744e+03 8.716377e+03
57.5 8.780983e+03 8.865115e+03 8.800418e+03 8.716286e+03
58.5 8.748855e+03 8.828131e+03 8.800933e+03 8.721656e+03
59.5 8.737303e+03 8.791509e+03 8.796154e+03 8.741948e+03
60.5 8.757038e+03 8.759839e+03 8.787216e+03 8.784415e+03
61.5 8.770929e+03 8.736369e+03 8.776234e+03 8.810794e+03
62.5 8.766754e+03 8.722262e+03 8.765726e+03 8.810218e+03
63.5 8.759072e+03 8.716459e+03 8.757925e+03 8.800538e+03
64.5 8.763346e+03 8.716139e+03 8.754186e+03 8.801393e+03
65.5 8.772557e+03 8.717631e+03 8.754662e+03 8.809588e+03
66.5 8.776832e+03 8.717477e+03 8.758353e+03 8.817707e+03
67.5 8.752185e+03 8.713359e+03 8.763475e+03 8.802301e+03
68.5 8.732196e+03 8.704614e+03 8.768043e+03 8.795626e+03
69.5 8.711108e+03 8.692253e+03 8.770467e+03 8.789322e+03
70.5 8.717010e+03 8.678515e+03 8.769978e+03 8.808473e+03
71.5 8.715605e+03 8.666126e+03 8.766773e+03 8.816252e+03
72.5 8.690592e+03 8.657505e+03 8.761855e+03 8.794942e+03
73.5 8.662668e+03 8.654128e+03 8.756635e+03 8.765174e+03
74.5 8.662303e+03 8.656214e+03 8.752465e+03 8.758555e+03
75.5 8.691859e+03 8.662753e+03 8.750232e+03 8.779337e+03
76.5 8.718992e+03 8.671855e+03 8.750150e+03 8.797287e+03
77.5 8.711804e+03 8.681256e+03 8.751789e+03 8.782336e+03
78.5 8.663137e+03 8.688868e+03 8.754301e+03 8.728571e+03
79.5 8.655009e+03 8.693217e+03 8.756753e+03 8.718545e+03
80.5 8.682944e+03 8.693703e+03 8.758427e+03 8.747667e+03
81.5 8.710329e+03 8.690635e+03 8.759010e+03 8.778704e+03
82.5 8.698013e+03 8.685069e+03 8.758614e+03 8.771559e+03
83.5 8.648320e+03 8.678500e+03 8.757648e+03 8.727468e+03
