9.376577e+03 9.405640e+03 9.412955e+03 9.369261e+03
9.368316e+03 9.405400e+03 9.410710e+03 9.363005e+03
9.372057e+03 9.398012e+03 9.401930e+03 9.368140e+03
9.385399e+03 9.386830e+03 9.388521e+03 9.383707e+03
9.371139e+03 9.375724e+03 9.375040e+03 9.371824e+03
9.372288e+03 9.367937e+03 9.365436e+03 9.374790e+03
9.385029e+03 9.365250e+03 9.361977e+03 9.388301e+03
9.358548e+03 9.367681e+03 9.364796e+03 9.361432e+03
9.326035e+03 9.373751e+03 9.372142e+03 9.327644e+03
9.321828e+03 9.381151e+03 9.381176e+03 9.321803e+03
9.334408e+03 9.387560e+03 9.388998e+03 9.332970e+03
9.343436e+03 9.391333e+03 9.393548e+03 9.341220e+03
9.369474e+03 9.391873e+03 9.394105e+03 9.367243e+03
9.396581e+03 9.389624e+03 9.391289e+03 9.394916e+03
9.406244e+03 9.385748e+03 9.386635e+03 9.405356e+03
9.415207e+03 9.381659e+03 9.381950e+03 9.414917e+03
9.432017e+03 9.378597e+03 9.378719e+03 9.431894e+03
9.427086e+03 9.377347e+03 9.377743e+03 9.426690e+03
9.415772e+03 9.378187e+03 9.379087e+03 9.414872e+03
9.433980e+03 9.380979e+03 9.382292e+03 9.432667e+03
9.446980e+03 9.385339e+03 9.386692e+03 9.445627e+03
9.454405e+03 9.390767e+03 9.391674e+03 9.453499e+03
9.433823e+03 9.396696e+03 9.396783e+03 9.433736e+03
9.398856e+03 9.402470e+03 9.401652e+03 9.399674e+03
9.386010e+03 9.407307e+03 9.405844e+03 9.387473e+03
9.383276e+03 9.410328e+03 9.408728e+03 9.384876e+03
9.379441e+03 9.410695e+03 9.409516e+03 9.380620e+03
9.364283e+03 9.407843e+03 9.407460e+03 9.364666e+03
9.349121e+03 9.401736e+03 9.402185e+03 9.348673e+03
9.359151e+03 9.393033e+03 9.393983e+03 9.358201e+03
9.383043e+03 9.383066e+03 9.383945e+03 9.382164e+03
9.378192e+03 9.373596e+03 9.373808e+03 9.377980e+03
9.358102e+03 9.366390e+03 9.365543e+03 9.358949e+03
9.335365e+03 9.362731e+03 9.360783e+03 9.337313e+03
9.332744e+03 9.363041e+03 9.360298e+03 9.335487e+03
9.361805e+03 9.366727e+03 9.363708e+03 9.364823e+03
9.406632e+03 9.372342e+03 9.369554e+03 9.409420e+03
9.433089e+03 9.378016e+03 9.375729e+03 9.435376e+03
9.409338e+03 9.382021e+03 9.380140e+03 9.411219e+03
9.384297e+03 9.383290e+03 9.381368e+03 9.386220e+03
9.391965e+03 9.381730e+03 9.379116e+03 9.394579e+03
9.400948e+03 9.378196e+03 9.374261e+03 9.404884e+03
9.408730e+03 9.374167e+03 9.368513e+03 9.414384e+03
9.394060e+03 9.371210e+03 9.363795e+03 9.401476e+03
9.365423e+03 9.370430e+03 9.361545e+03 9.374308e+03
9.358201e+03 9.372089e+03 9.362219e+03 9.368071e+03
9.376991e+03 9.375526e+03 9.365138e+03 9.387379e+03
9.383175e+03 9.379396e+03 9.368749e+03 9.393822e+03
9.382263e+03 9.382155e+03 9.371193e+03 9.393225e+03
9.373435e+03 9.382606e+03 9.370980e+03 9.385062e+03
9.365654e+03 9.380329e+03 9.367522e+03 9.378460e+03
9.375991e+03 9.375840e+03 9.361354e+03 9.390477e+03
9.399155e+03 9.370428e+03 9.353940e+03 9.415643e+03
9.402940e+03 9.365725e+03 9.347172e+03 9.421493e+03
9.391909e+03 9.363160e+03 9.342711e+03 9.412358e+03
9.377566e+03 9.363477e+03 9.341425e+03 9.399619e+03
9.373562e+03 9.366488e+03 9.343097e+03 9.396952e+03
9.407426e+03 9.371125e+03 9.346515e+03 9.432036e+03
9.439643e+03 9.375798e+03 9.349886e+03 9.465555e+03
9.398390e+03 9.378899e+03 9.351441e+03 9.425848e+03
9.351169e+03 9.379321e+03 9.350003e+03 9.380488e+03
9.339635e+03 9.376787e+03 9.345339e+03 9.371083e+03
9.349988e+03 9.371905e+03 9.338185e+03 9.383708e+03
9.343587e+03 9.365931e+03 9.329939e+03 9.379580e+03
9.333375e+03 9.360328e+03 9.322160e+03 9.371544e+03
9.312581e+03 9.356268e+03 9.316031e+03 9.352817e+03
9.303626e+03 9.354262e+03 9.311995e+03 9.345893e+03
9.329904e+03 9.354030e+03 9.309654e+03 9.374280e+03
9.322013e+03 9.354654e+03 9.307986e+03 9.368681e+03
9.298650e+03 9.354962e+03 9.305768e+03 9.347844e+03
9.270718e+03 9.354002e+03 9.302064e+03 9.322656e+03
9.223248e+03 9.351433e+03 9.296606e+03 9.278075e+03
9.206802e+03 9.347706e+03 9.289926e+03 9.264582e+03
9.231885e+03 9.343950e+03 9.283208e+03 9.292628e+03
9.281180e+03 9.341599e+03 9.277888e+03 9.344891e+03
9.302018e+03 9.341885e+03 9.275155e+03 9.368748e+03
9.303762e+03 9.345366e+03 9.275506e+03 9.373621e+03
9.315728e+03 9.351647e+03 9.278507e+03 9.388868e+03
9.343229e+03 9.359412e+03 9.282844e+03 9.419797e+03
9.341275e+03 9.366760e+03 9.286664e+03 9.421371e+03
9.304645e+03 9.371748e+03 9.288094e+03 9.388300e+03
9.257689e+03 9.372974e+03 9.285788e+03 9.344876e+03
9.213953e+03 9.370014e+03 9.279340e+03 9.304626e+03
9.197325e+03 9.363551e+03 9.269413e+03 9.291462e+03
9.215011e+03 9.355181e+03 9.257559e+03 9.312633e+03
9.252368e+03 9.346920e+03 9.245764e+03 9.353524e+03
9.253752e+03 9.340601e+03 9.235862e+03 9.358491e+03
9.240313e+03 9.337336e+03 9.228992e+03 9.348657e+03
9.219970e+03 9.337239e+03 9.225280e+03 9.331929e+03
9.207038e+03 9.339478e+03 9.223833e+03 9.322683e+03
9.224014e+03 9.342656e+03 9.223093e+03 9.343577e+03
9.237391e+03 9.345367e+03 9.221409e+03 9.361348e+03
9.242807e+03 9.346751e+03 9.217705e+03 9.371853e+03
9.224769e+03 9.346843e+03 9.211987e+03 9.359625e+03
9.189041e+03 9.346598e+03 9.205557e+03 9.330083e+03
9.177581e+03 9.347580e+03 9.200830e+03 9.324332e+03
9.203929e+03 9.351424e+03 9.200793e+03 9.354559e+03
9.232855e+03 9.359249e+03 9.208259e+03 9.383845e+03
9.259287e+03 9.371241e+03 9.225106e+03 9.405422e+03
9.275953e+03 9.386524e+03 9.251750e+03 9.410726e+03
9.261633e+03 9.403390e+03 9.286963e+03 9.378059e+03
9.264501e+03 9.419793e+03 9.328222e+03 9.356072e+03
9.297877e+03 9.433916e+03 9.372135e+03 9.359658e+03
9.342114e+03 9.444672e+03 9.415246e+03 9.371539e+03
9.375988e+03 9.451930e+03 9.454746e+03 9.373171e+03
9.428375e+03 9.456407e+03 9.488864e+03 9.395918e+03
9.478781e+03 9.459311e+03 9.516962e+03 9.421130e+03
9.506048e+03 9.461848e+03 9.539307e+03 9.428588e+03
9.520300e+03 9.464795e+03 9.556663e+03 9.428432e+03
9.527958e+03 9.468284e+03 9.569855e+03 9.426387e+03
9.535973e+03 9.471854e+03 9.579498e+03 9.428329e+03
9.564559e+03 9.474744e+03 9.585940e+03 9.453363e+03
9.568442e+03 9.476276e+03 9.589420e+03 9.455298e+03
9.546501e+03 9.476192e+03 9.590330e+03 9.432363e+03
9.546080e+03 9.474787e+03 9.589427e+03 9.431440e+03
9.558845e+03 9.472812e+03 9.587877e+03 9.443780e+03
9.576787e+03 9.471185e+03 9.587068e+03 9.460905e+03
9.602386e+03 9.470643e+03 9.588252e+03 9.484776e+03
9.611685e+03 9.471471e+03 9.592153e+03 9.491004e+03
9.618643e+03 9.473441e+03 9.598682e+03 9.493402e+03
9.625242e+03 9.475960e+03 9.606925e+03 9.494278e+03
9.630535e+03 9.478365e+03 9.615399e+03 9.493501e+03
9.645916e+03 9.480232e+03 9.622532e+03 9.503616e+03
9.665609e+03 9.481551e+03 9.627178e+03 9.519982e+03
9.663962e+03 9.482672e+03 9.628988e+03 9.517646e+03
9.651716e+03 9.484047e+03 9.628490e+03 9.507274e+03
9.668581e+03 9.485859e+03 9.626830e+03 9.527610e+03
9.686996e+03 9.487713e+03 9.625276e+03 9.549433e+03
9.677489e+03 9.488547e+03 9.624657e+03 9.541380e+03
9.670668e+03 9.486835e+03 9.624965e+03 9.532538e+03
9.675616e+03 9.481052e+03 9.625283e+03 9.531385e+03
9.689913e+03 9.470239e+03 9.624076e+03 9.536076e+03
9.705797e+03 9.454470e+03 9.619755e+03 9.540513e+03
9.706391e+03 9.435023e+03 9.611306e+03 9.530108e+03
9.686893e+03 9.414157e+03 9.598754e+03 9.502296e+03
9.668138e+03 9.394544e+03 9.583256e+03 9.479426e+03
9.661854e+03 9.378541e+03 9.566808e+03 9.473587e+03
9.658907e+03 9.367530e+03 9.551623e+03 9.474814e+03
9.663011e+03 9.361579e+03 9.539442e+03 9.485148e+03
9.646762e+03 9.359532e+03 9.531001e+03 9.475293e+03
9.595910e+03 9.359494e+03 9.525878e+03 9.429527e+03
9.568329e+03 9.359547e+03 9.522767e+03 9.405109e+03
9.542917e+03 9.358415e+03 9.520085e+03 9.381247e+03
9.507972e+03 9.355843e+03 9.516674e+03 9.347142e+03
9.483832e+03 9.352555e+03 9.512320e+03 9.324067e+03
9.448282e+03 9.349806e+03 9.507882e+03 9.290206e+03
9.420213e+03 9.348722e+03 9.504947e+03 9.263988e+03
9.432930e+03 9.349697e+03 9.505132e+03 9.277496e+03
9.441451e+03 9.352093e+03 9.509276e+03 9.284268e+03
9.447435e+03 9.354386e+03 9.516835e+03 9.284986e+03
9.433729e+03 9.354722e+03 9.525721e+03 9.262729e+03
9.407594e+03 9.351678e+03 9.532694e+03 9.226577e+03
9.407543e+03 9.344937e+03 9.534209e+03 9.218271e+03
9.423890e+03 9.335603e+03 9.527451e+03 9.232041e+03
9.433895e+03 9.326005e+03 9.511243e+03 9.248657e+03
9.417829e+03 9.319024e+03 9.486493e+03 9.250361e+03
9.375012e+03 9.317170e+03 9.456064e+03 9.236117e+03
9.351149e+03 9.321706e+03 9.424059e+03 9.248796e+03
9.348809e+03 9.332160e+03 9.394759e+03 9.286210e+03
9.366559e+03 9.346371e+03 9.371540e+03 9.341390e+03
9.387984e+03 9.361098e+03 9.356072e+03 9.393011e+03
9.385136e+03 9.372972e+03 9.348034e+03 9.410073e+03
9.368681e+03 9.379473e+03 9.345401e+03 9.402753e+03
9.376521e+03 9.379634e+03 9.345156e+03 9.410999e+03
9.392903e+03 9.374224e+03 9.344227e+03 9.422901e+03
9.398389e+03 9.365406e+03 9.340320e+03 9.423474e+03
9.373870e+03 9.355994e+03 9.332472e+03 9.397391e+03
9.352466e+03 9.348604e+03 9.321165e+03 9.379905e+03
9.332709e+03 9.344964e+03 9.308061e+03 9.369612e+03
9.332433e+03 9.345599e+03 9.295456e+03 9.382577e+03
9.325381e+03 9.349937e+03 9.285650e+03 9.389668e+03
9.308100e+03 9.356726e+03 9.280391e+03 9.384435e+03
9.286996e+03 9.364567e+03 9.280506e+03 9.371057e+03
9.301402e+03 9.372327e+03 9.285772e+03 9.387958e+03
9.334233e+03 9.379318e+03 9.295004e+03 9.418547e+03
9.351313e+03 9.385211e+03 9.306316e+03 9.430207e+03
9.335644e+03 9.389802e+03 9.317483e+03 9.407963e+03
9.279580e+03 9.392797e+03 9.326354e+03 9.346023e+03
9.280477e+03 9.393754e+03 9.331257e+03 9.342974e+03
9.321241e+03 9.392231e+03 9.331328e+03 9.382144e+03
9.337541e+03 9.388087e+03 9.326713e+03 9.398916e+03
9.309198e+03 9.381766e+03 9.318566e+03 9.372398e+03
9.251052e+03 9.374391e+03 9.308820e+03 9.316623e+03
9.229911e+03 9.367581e+03 9.299741e+03 9.297751e+03
9.233023e+03 9.362982e+03 9.293356e+03 9.302649e+03
9.264759e+03 9.361695e+03 9.290900e+03 9.335554e+03
9.260392e+03 9.363807e+03 9.292456e+03 9.331742e+03
9.229954e+03 9.368246e+03 9.296915e+03 9.301285e+03
9.207257e+03 9.373070e+03 9.302311e+03 9.278016e+03
9.229314e+03 9.376117e+03 9.306459e+03 9.298972e+03
9.276913e+03 9.375802e+03 9.307689e+03 9.345025e+03
9.291832e+03 9.371769e+03 9.305457e+03 9.358144e+03
9.285556e+03 9.365118e+03 9.300582e+03 9.350092e+03
9.281136e+03 9.358096e+03 9.295018e+03 9.344214e+03
9.300428e+03 9.353328e+03 9.291204e+03 9.362551e+03
9.301388e+03 9.352847e+03 9.291199e+03 9.363037e+03
9.336540e+03 9.357296e+03 9.295905e+03 9.397931e+03
9.326682e+03 9.365595e+03 9.304669e+03 9.387608e+03
9.312788e+03 9.375242e+03 9.315423e+03 9.372606e+03
9.315553e+03 9.383158e+03 9.325351e+03 9.373360e+03
9.317518e+03 9.386786e+03 9.331851e+03 9.372453e+03
9.300274e+03 9.385031e+03 9.333464e+03 9.351840e+03
9.305176e+03 9.378700e+03 9.330421e+03 9.353455e+03
9.353177e+03 9.370245e+03 9.324591e+03 9.398831e+03
9.389962e+03 9.362897e+03 9.318838e+03 9.434022e+03
9.386055e+03 9.359494e+03 9.315997e+03 9.429552e+03
9.356024e+03 9.361441e+03 9.317846e+03 9.399619e+03
9.322975e+03 9.368192e+03 9.324453e+03 9.366714e+03
9.341716e+03 9.377458e+03 9.334145e+03 9.385029e+03
9.372522e+03 9.386064e+03 9.344132e+03 9.414454e+03
9.370927e+03 9.391152e+03 9.351549e+03 9.410530e+03
9.359668e+03 9.391262e+03 9.354542e+03 9.396388e+03
9.328648e+03 9.386880e+03 9.352976e+03 9.362553e+03
9.321106e+03 9.380241e+03 9.348469e+03 9.352878e+03
9.355058e+03 9.374444e+03 9.343813e+03 9.385688e+03
9.383008e+03 9.372247e+03 9.341830e+03 9.413426e+03
9.382560e+03 9.374940e+03 9.344251e+03 9.413250e+03
9.363684e+03 9.381800e+03 9.351009e+03 9.394475e+03
9.383645e+03 9.390320e+03 9.360188e+03 9.413777e+03
9.411671e+03 9.397148e+03 9.368714e+03 9.440105e+03
9.424267e+03 9.399385e+03 9.373526e+03 9.450126e+03
9.391793e+03 9.395745e+03 9.372795e+03 9.414743e+03
9.365644e+03 9.387133e+03 9.366706e+03 9.386070e+03
9.369223e+03 9.376382e+03 9.357488e+03 9.388116e+03
9.362396e+03 9.367248e+03 9.348656e+03 9.380988e+03
9.365067e+03 9.363015e+03 9.343726e+03 9.384357e+03
9.367015e+03 9.365238e+03 9.344876e+03 9.387377e+03
9.367550e+03 9.373111e+03 9.352081e+03 9.388580e+03
9.366535e+03 9.383720e+03 9.363047e+03 9.387208e+03
9.323650e+03 9.393106e+03 9.374026e+03 9.342730e+03
9.279900e+03 9.397758e+03 9.381207e+03 9.296451e+03
9.280728e+03 9.395978e+03 9.382192e+03 9.294514e+03
9.289028e+03 9.388599e+03 9.376977e+03 9.300650e+03
9.287257e+03 9.378764e+03 9.368065e+03 9.297956e+03
9.300278e+03 9.370812e+03 9.359615e+03 9.311475e+03
9.308304e+03 9.368674e+03 9.355929e+03 9.321049e+03
9.300179e+03 9.374347e+03 9.359798e+03 9.314728e+03
9.295088e+03 9.387025e+03 9.371343e+03 9.310770e+03
9.312634e+03 9.403227e+03 9.387784e+03 9.328076e+03
9.327984e+03 9.417902e+03 9.404271e+03 9.341614e+03
9.344702e+03 9.426146e+03 9.415503e+03 9.355344e+03
9.371315e+03 9.424928e+03 9.417588e+03 9.378655e+03
9.402364e+03 9.414215e+03 9.409473e+03 9.407105e+03
9.402918e+03 9.397083e+03 9.393437e+03 9.406564e+03
9.385522e+03 9.378774e+03 9.374432e+03 9.389864e+03
9.355925e+03 9.365000e+03 9.358505e+03 9.362421e+03
9.337661e+03 9.360092e+03 9.350821e+03 9.346932e+03
9.346443e+03 9.365603e+03 9.353969e+03 9.358077e+03
9.360484e+03 9.379860e+03 9.367135e+03 9.373210e+03
9.365775e+03 9.398568e+03 9.386409e+03 9.377934e+03
9.382474e+03 9.416264e+03 9.406115e+03 9.392623e+03
9.412077e+03 9.428084e+03 9.420674e+03 9.419486e+03
9.418787e+03 9.431256e+03 9.426383e+03 9.423660e+03
9.431996e+03 9.425818e+03 9.422476e+03 9.435338e+03
9.455957e+03 9.414368e+03 9.411166e+03 9.459158e+03
9.472820e+03 9.400975e+03 9.396684e+03 9.477111e+03
9.466709e+03 9.389691e+03 9.383694e+03 9.472706e+03
9.443475e+03 9.383178e+03 9.375677e+03 9.450975e+03
9.413405e+03 9.381935e+03 9.373841e+03 9.421499e+03
9.412586e+03 9.384354e+03 9.376906e+03 9.420035e+03
9.448929e+03 9.387518e+03 9.381795e+03 9.454651e+03
9.449947e+03 9.388421e+03 9.384940e+03 9.453428e+03
9.432078e+03 9.385142e+03 9.383679e+03 9.433540e+03
9.391455e+03 9.377555e+03 9.377256e+03 9.391753e+03
9.386549e+03 9.367345e+03 9.367069e+03 9.386825e+03
9.383774e+03 9.357351e+03 9.356108e+03 9.385017e+03
9.370195e+03 9.350521e+03 9.347834e+03 9.372883e+03
9.335927e+03 9.348852e+03 9.344903e+03 9.339876e+03
9.320842e+03 9.352701e+03 9.348232e+03 9.325312e+03
9.347749e+03 9.360698e+03 9.356692e+03 9.351755e+03
9.394146e+03 9.370239e+03 9.367540e+03 9.396846e+03
9.417453e+03 9.378398e+03 9.377390e+03 9.418461e+03
9.404230e+03 9.382883e+03 9.383367e+03 9.403745e+03
9.379289e+03 9.382748e+03 9.384036e+03 9.378001e+03
9.366990e+03 9.378617e+03 9.379802e+03 9.365805e+03
9.355160e+03 9.372385e+03 9.372672e+03 9.354874e+03
9.361991e+03 9.366526e+03 9.365503e+03 9.363014e+03
9.374136e+03 9.363265e+03 9.361009e+03 9.376392e+03
9.386788e+03 9.363881e+03 9.360884e+03 9.389785e+03
9.402405e+03 9.368357e+03 9.365312e+03 9.405450e+03
9.396682e+03 9.375441e+03 9.372985e+03 9.399138e+03
9.360299e+03 9.383078e+03 9.381589e+03 9.361788e+03
9.360521e+03 9.389050e+03 9.388563e+03 9.361009e+03
9.376409e+03 9.391609e+03 9.391871e+03 9.376147e+03
9.387364e+03 9.389952e+03 9.390568e+03 9.386748e+03
9.393182e+03 9.384416e+03 9.385009e+03 9.392590e+03
9.397575e+03 9.376371e+03 9.376699e+03 9.397247e+03
9.387154e+03 9.367874e+03 9.367854e+03 9.387174e+03
9.379323e+03 9.361173e+03 9.360834e+03 9.379662e+03
9.381326e+03 9.358181e+03 9.357578e+03 9.381930e+03
9.384896e+03 9.360029e+03 9.359177e+03 9.385748e+03
9.406721e+03 9.366777e+03 9.365648e+03 9.407850e+03
9.417268e+03 9.377353e+03 9.375922e+03 9.418700e+03
9.402318e+03 9.389743e+03 9.388059e+03 9.404002e+03
9.373185e+03 9.401405e+03 9.399637e+03 9.374952e+03
9.354282e+03 9.409855e+03 9.408264e+03 9.355872e+03
9.364086e+03 9.413303e+03 9.412140e+03 9.365250e+03
9.365608e+03 9.411176e+03 9.410540e+03 9.366245e+03
9.349827e+03 9.404378e+03 9.404105e+03 9.350100e+03
9.353456e+03 9.395163e+03 9.394810e+03 9.353809e+03
9.371665e+03 9.386619e+03 9.385567e+03 9.372717e+03
9.376881e+03 9.381824e+03 9.379501e+03 9.379204e+03
9.390023e+03 9.382912e+03 9.379045e+03 9.393889e+03
9.405972e+03 9.390314e+03 9.385120e+03 9.411166e+03
9.416716e+03 9.402425e+03 9.396645e+03 9.422495e+03
9.393524e+03 9.415851e+03 9.410598e+03 9.398777e+03
9.369977e+03 9.426242e+03 9.422681e+03 9.373537e+03
9.398338e+03 9.429485e+03 9.428467e+03 9.399356e+03
9.432295e+03 9.422961e+03 9.424717e+03 9.430538e+03
9.419568e+03 9.406442e+03 9.410480e+03 9.415530e+03
9.419125e+03 9.382372e+03 9.387607e+03 9.413890e+03
9.409257e+03 9.355371e+03 9.360472e+03 9.404155e+03
9.344395e+03 9.331093e+03 9.334924e+03 9.340565e+03
9.264384e+03 9.314742e+03 9.319250e+03 9.259876e+03
