8.748979e+03 8.759698e+03 8.775565e+03 8.733113e+03
8.751553e+03 8.756376e+03 8.773026e+03 8.734903e+03
8.753193e+03 8.753740e+03 8.767148e+03 8.739784e+03
8.755491e+03 8.752338e+03 8.758590e+03 8.749240e+03
8.738050e+03 8.752370e+03 8.750181e+03 8.740239e+03
8.729893e+03 8.753637e+03 8.744354e+03 8.739176e+03
8.747068e+03 8.755621e+03 8.742470e+03 8.760218e+03
8.739429e+03 8.757653e+03 8.744533e+03 8.752549e+03
8.724825e+03 8.759127e+03 8.749361e+03 8.734591e+03
8.714557e+03 8.759679e+03 8.755111e+03 8.719125e+03
8.713420e+03 8.759279e+03 8.759940e+03 8.712758e+03
8.713469e+03 8.758211e+03 8.762590e+03 8.709090e+03
8.730144e+03 8.756955e+03 8.762688e+03 8.724410e+03
8.752631e+03 8.756002e+03 8.760731e+03 8.747903e+03
8.773321e+03 8.755694e+03 8.757772e+03 8.771243e+03
8.790755e+03 8.756116e+03 8.754986e+03 8.791885e+03
8.801963e+03 8.757089e+03 8.753272e+03 8.805780e+03
8.793169e+03 8.758254e+03 8.753024e+03 8.798399e+03
8.782676e+03 8.759207e+03 8.754136e+03 8.787748e+03
8.791859e+03 8.759641e+03 8.756175e+03 8.795324e+03
8.804540e+03 8.759430e+03 8.758639e+03 8.805330e+03
8.823322e+03 8.758649e+03 8.761147e+03 8.820824e+03
8.810195e+03 8.757521e+03 8.763517e+03 8.804200e+03
8.779692e+03 8.756314e+03 8.765692e+03 8.770314e+03
8.756012e+03 8.755250e+03 8.767595e+03 8.743667e+03
8.754829e+03 8.754442e+03 8.768992e+03 8.740279e+03
8.758836e+03 8.753893e+03 8.769467e+03 8.743262e+03
8.745994e+03 8.753538e+03 8.768536e+03 8.730996e+03
8.728624e+03 8.753310e+03 8.765856e+03 8.716077e+03
8.724732e+03 8.753185e+03 8.761454e+03 8.716464e+03
8.742374e+03 8.753201e+03 8.755851e+03 8.739724e+03
8.749323e+03 8.753419e+03 8.750014e+03 8.752727e+03
8.741223e+03 8.753867e+03 8.745117e+03 8.749973e+03
8.721404e+03 8.754489e+03 8.742186e+03 8.733707e+03
8.709946e+03 8.755124e+03 8.741752e+03 8.723319e+03
8.725897e+03 8.755535e+03 8.743641e+03 8.737791e+03
8.764294e+03 8.755487e+03 8.746996e+03 8.772786e+03
8.788640e+03 8.754836e+03 8.750532e+03 8.792944e+03
8.778064e+03 8.753593e+03 8.752949e+03 8.778708e+03
8.757854e+03 8.751942e+03 8.753356e+03 8.756439e+03
8.755952e+03 8.750183e+03 8.751562e+03 8.754572e+03
8.766246e+03 8.748632e+03 8.748117e+03 8.766761e+03
8.778897e+03 8.747509e+03 8.744101e+03 8.782305e+03
8.769049e+03 8.746851e+03 8.740722e+03 8.775177e+03
8.743918e+03 8.746496e+03 8.738885e+03 8.751529e+03
8.732074e+03 8.746145e+03 8.738863e+03 8.739355e+03
8.745869e+03 8.745474e+03 8.740219e+03 8.751124e+03
8.762425e+03 8.744260e+03 8.741967e+03 8.764718e+03
8.767633e+03 8.742470e+03 8.742946e+03 8.767158e+03
8.755700e+03 8.740279e+03 8.742241e+03 8.753738e+03
8.742165e+03 8.738001e+03 8.739516e+03 8.740650e+03
8.741978e+03 8.735973e+03 8.735133e+03 8.742818e+03
8.765533e+03 8.734417e+03 8.730016e+03 8.769934e+03
8.782275e+03 8.733354e+03 8.725325e+03 8.790304e+03
8.774317e+03 8.732583e+03 8.722043e+03 8.784858e+03
8.757242e+03 8.731760e+03 8.720642e+03 8.768360e+03
8.745193e+03 8.730519e+03 8.720928e+03 8.754784e+03
8.771216e+03 8.728615e+03 8.722122e+03 8.777709e+03
8.802650e+03 8.726017e+03 8.723138e+03 8.805529e+03
8.778153e+03 8.722920e+03 8.722956e+03 8.778116e+03
8.745837e+03 8.719672e+03 8.720951e+03 8.744557e+03
8.727838e+03 8.716646e+03 8.717077e+03 8.727407e+03
8.734275e+03 8.714100e+03 8.711840e+03 8.736535e+03
8.742180e+03 8.712082e+03 8.706091e+03 8.748172e+03
8.736340e+03 8.710421e+03 8.700714e+03 8.746047e+03
8.712371e+03 8.708795e+03 8.696320e+03 8.724846e+03
8.702305e+03 8.706860e+03 8.693070e+03 8.716096e+03
8.707614e+03 8.704383e+03 8.690650e+03 8.721346e+03
8.710036e+03 8.701330e+03 8.688438e+03 8.722928e+03
8.703395e+03 8.697875e+03 8.685751e+03 8.715519e+03
8.667602e+03 8.694325e+03 8.682125e+03 8.679802e+03
8.615673e+03 8.690998e+03 8.677493e+03 8.629179e+03
8.597759e+03 8.688092e+03 8.672224e+03 8.613627e+03
8.609519e+03 8.685600e+03 8.667009e+03 8.628110e+03
8.651460e+03 8.683311e+03 8.662622e+03 8.672149e+03
8.679017e+03 8.680873e+03 8.659654e+03 8.700237e+03
8.680079e+03 8.677929e+03 8.658294e+03 8.699713e+03
8.685696e+03 8.674233e+03 8.658234e+03 8.701694e+03
8.702619e+03 8.669746e+03 8.658725e+03 8.713640e+03
8.703683e+03 8.664650e+03 8.658772e+03 8.709562e+03
8.687056e+03 8.659292e+03 8.657409e+03 8.688939e+03
8.652270e+03 8.654073e+03 8.653980e+03 8.652363e+03
8.599497e+03 8.649335e+03 8.648331e+03 8.600500e+03
8.565666e+03 8.645261e+03 8.640867e+03 8.570060e+03
8.569748e+03 8.641839e+03 8.632444e+03 8.579143e+03
8.607131e+03 8.638873e+03 8.624131e+03 8.621872e+03
8.620664e+03 8.636045e+03 8.616900e+03 8.639808e+03
8.615498e+03 8.632995e+03 8.611332e+03 8.637161e+03
8.595785e+03 8.629408e+03 8.607439e+03 8.617754e+03
8.570467e+03 8.625081e+03 8.604661e+03 8.590886e+03
8.579767e+03 8.619988e+03 8.602057e+03 8.597698e+03
8.596548e+03 8.614333e+03 8.598643e+03 8.612239e+03
8.614771e+03 8.608589e+03 8.593802e+03 8.629558e+03
8.612180e+03 8.603522e+03 8.587636e+03 8.628066e+03
8.578089e+03 8.600175e+03 8.581149e+03 8.597114e+03
8.556333e+03 8.599785e+03 8.576181e+03 8.579937e+03
8.567423e+03 8.603630e+03 8.575087e+03 8.595966e+03
8.590484e+03 8.612808e+03 8.580230e+03 8.623062e+03
8.615290e+03 8.627988e+03 8.593405e+03 8.649873e+03
8.629674e+03 8.649194e+03 8.615353e+03 8.663516e+03
8.616852e+03 8.675691e+03 8.645492e+03 8.647051e+03
8.614846e+03 8.706041e+03 8.682060e+03 8.638826e+03
8.633072e+03 8.738198e+03 8.722305e+03 8.648966e+03
8.671273e+03 8.769926e+03 8.763098e+03 8.678101e+03
8.709896e+03 8.799133e+03 8.801559e+03 8.707470e+03
8.763944e+03 8.824203e+03 8.835513e+03 8.752633e+03
8.811219e+03 8.844215e+03 8.863746e+03 8.791688e+03
8.841293e+03 8.858999e+03 8.885994e+03 8.814298e+03
8.860584e+03 8.869023e+03 8.902715e+03 8.826892e+03
8.872510e+03 8.875182e+03 8.914742e+03 8.832950e+03
8.885187e+03 8.878548e+03 8.922970e+03 8.840764e+03
8.908688e+03 8.880155e+03 8.928165e+03 8.860678e+03
8.911174e+03 8.880887e+03 8.930945e+03 8.861116e+03
8.898349e+03 8.881441e+03 8.931887e+03 8.847902e+03
8.890909e+03 8.882358e+03 8.931676e+03 8.841592e+03
8.896256e+03 8.884063e+03 8.931184e+03 8.849135e+03
8.910990e+03 8.886855e+03 8.931410e+03 8.866435e+03
8.940626e+03 8.890856e+03 8.933268e+03 8.898214e+03
8.953173e+03 8.895927e+03 8.937309e+03 8.911792e+03
8.965267e+03 8.901615e+03 8.943480e+03 8.923401e+03
8.969124e+03 8.907179e+03 8.951053e+03 8.925250e+03
8.970100e+03 8.911735e+03 8.958768e+03 8.923068e+03
8.982607e+03 8.914502e+03 8.965197e+03 8.931912e+03
9.001384e+03 8.915071e+03 8.969200e+03 8.947255e+03
9.005107e+03 8.913617e+03 8.970321e+03 8.948404e+03
9.001604e+03 8.910954e+03 8.968975e+03 8.943583e+03
9.014277e+03 8.908380e+03 8.966336e+03 8.956321e+03
9.033350e+03 8.907342e+03 8.963939e+03 8.976753e+03
9.027709e+03 8.909012e+03 8.963145e+03 8.973575e+03
9.031170e+03 8.913897e+03 8.964629e+03 8.980438e+03
9.036589e+03 8.921637e+03 8.968097e+03 8.990129e+03
9.051823e+03 8.931050e+03 8.972345e+03 9.010529e+03
9.071265e+03 8.940440e+03 8.975638e+03 9.036068e+03
9.078343e+03 8.948074e+03 8.976299e+03 9.050119e+03
9.063355e+03 8.952662e+03 8.973288e+03 9.042729e+03
9.046369e+03 8.953704e+03 8.966568e+03 9.033504e+03
9.037956e+03 8.951575e+03 8.957124e+03 9.032407e+03
9.035086e+03 8.947331e+03 8.946619e+03 9.035798e+03
9.042907e+03 8.942317e+03 8.936831e+03 9.048393e+03
9.036339e+03 8.937721e+03 8.929060e+03 9.044999e+03
8.996101e+03 8.934241e+03 8.923750e+03 9.006592e+03
8.975894e+03 8.931981e+03 8.920449e+03 8.987425e+03
8.948024e+03 8.930601e+03 8.918134e+03 8.960491e+03
8.925530e+03 8.929651e+03 8.915762e+03 8.939419e+03
8.900397e+03 8.928916e+03 8.912822e+03 8.916491e+03
8.863045e+03 8.928635e+03 8.909659e+03 8.882020e+03
8.832187e+03 8.929446e+03 8.907408e+03 8.854225e+03
8.830542e+03 8.932072e+03 8.907528e+03 8.855086e+03
8.838848e+03 8.936840e+03 8.911110e+03 8.864578e+03
8.846810e+03 8.943218e+03 8.918178e+03 8.871849e+03
8.835968e+03 8.949587e+03 8.927294e+03 8.858261e+03
8.812369e+03 8.953387e+03 8.935638e+03 8.830118e+03
8.807313e+03 8.951645e+03 8.939602e+03 8.819357e+03
8.819260e+03 8.941781e+03 8.935750e+03 8.825291e+03
8.831329e+03 8.922433e+03 8.921846e+03 8.831917e+03
8.819271e+03 8.894055e+03 8.897639e+03 8.815688e+03
8.780983e+03 8.859039e+03 8.865115e+03 8.774907e+03
8.748855e+03 8.821308e+03 8.828131e+03 8.742031e+03
8.737303e+03 8.785443e+03 8.791509e+03 8.731237e+03
8.757038e+03 8.755590e+03 8.759839e+03 8.752789e+03
8.770929e+03 8.734458e+03 8.736369e+03 8.769019e+03
8.766754e+03 8.722709e+03 8.722262e+03 8.767201e+03
8.759072e+03 8.718899e+03 8.716459e+03 8.761512e+03
8.763346e+03 8.720008e+03 8.716139e+03 8.767215e+03
8.772557e+03 8.722363e+03 8.717631e+03 8.777289e+03
8.776832e+03 8.722686e+03 8.717477e+03 8.782041e+03
8.752185e+03 8.718957e+03 8.713359e+03 8.757783e+03
8.732196e+03 8.710838e+03 8.704614e+03 8.738420e+03
8.711108e+03 8.699578e+03 8.692253e+03 8.718434e+03
8.717010e+03 8.687464e+03 8.678515e+03 8.725958e+03
8.715605e+03 8.677010e+03 8.666126e+03 8.726489e+03
8.690592e+03 8.670178e+03 8.657505e+03 8.703265e+03
8.662668e+03 8.667833e+03 8.654128e+03 8.676372e+03
8.662303e+03 8.669605e+03 8.656214e+03 8.675695e+03
8.691859e+03 8.674133e+03 8.662753e+03 8.703239e+03
8.718992e+03 8.679586e+03 8.671855e+03 8.726723e+03
8.711804e+03 8.684250e+03 8.681256e+03 8.714798e+03
8.663137e+03 8.687001e+03 8.688868e+03 8.661271e+03
8.655009e+03 8.687523e+03 8.693217e+03 8.649315e+03
8.682944e+03 8.686233e+03 8.693703e+03 8.675473e+03
8.710329e+03 8.683996e+03 8.690635e+03 8.703690e+03
8.698013e+03 8.681745e+03 8.685069e+03 8.694690e+03
8.648320e+03 8.680160e+03 8.678500e+03 8.649980e+03
8.618747e+03 8.679501e+03 8.672489e+03 8.625759e+03
8.610772e+03 8.679628e+03 8.668294e+03 8.622106e+03
8.643090e+03 8.680172e+03 8.666594e+03 8.656667e+03
8.647593e+03 8.680751e+03 8.667364e+03 8.660980e+03
8.619361e+03 8.681160e+03 8.669924e+03 8.630597e+03
8.593706e+03 8.681437e+03 8.673167e+03 8.601975e+03
8.603068e+03 8.681816e+03 8.675902e+03 8.608982e+03
8.647111e+03 8.682590e+03 8.677224e+03 8.652477e+03
8.670027e+03 8.683952e+03 8.676807e+03 8.677171e+03
8.661296e+03 8.685900e+03 8.675023e+03 8.672172e+03
8.648354e+03 8.688224e+03 8.672828e+03 8.663749e+03
8.657152e+03 8.690592e+03 8.671458e+03 8.676287e+03
8.675231e+03 8.692688e+03 8.672003e+03 8.695916e+03
8.711436e+03 8.694338e+03 8.675014e+03 8.730759e+03
8.698975e+03 8.695576e+03 8.680270e+03 8.714281e+03
8.692973e+03 8.696628e+03 8.686806e+03 8.702795e+03
8.694355e+03 8.697805e+03 8.693201e+03 8.698959e+03
8.689867e+03 8.699378e+03 8.698052e+03 8.691192e+03
8.666592e+03 8.701457e+03 8.700453e+03 8.667597e+03
8.657160e+03 8.703951e+03 8.700325e+03 8.660786e+03
8.693443e+03 8.706596e+03 8.698465e+03 8.701574e+03
8.741374e+03 8.709062e+03 8.696276e+03 8.754160e+03
8.758694e+03 8.711077e+03 8.695276e+03 8.774496e+03
8.733807e+03 8.712531e+03 8.696551e+03 8.749787e+03
8.699544e+03 8.713506e+03 8.700355e+03 8.712695e+03
8.707087e+03 8.714247e+03 8.706013e+03 8.715321e+03
8.729613e+03 8.715058e+03 8.712162e+03 8.732510e+03
8.731776e+03 8.716190e+03 8.717261e+03 8.730705e+03
8.719488e+03 8.717749e+03 8.720173e+03 8.717064e+03
8.689089e+03 8.719663e+03 8.720602e+03 8.688150e+03
8.680064e+03 8.721719e+03 8.719201e+03 8.682583e+03
8.711187e+03 8.723669e+03 8.717367e+03 8.717489e+03
8.736437e+03 8.725272e+03 8.716641e+03 8.745068e+03
8.735403e+03 8.726432e+03 8.718114e+03 8.743720e+03
8.728631e+03 8.727207e+03 8.721980e+03 8.733858e+03
8.749774e+03 8.727783e+03 8.727407e+03 8.750150e+03
8.778058e+03 8.728398e+03 8.732828e+03 8.773628e+03
8.792247e+03 8.729256e+03 8.736529e+03 8.784974e+03
8.770681e+03 8.730457e+03 8.737329e+03 8.763810e+03
8.747655e+03 8.731969e+03 8.735079e+03 8.744544e+03
8.748349e+03 8.733644e+03 8.730786e+03 8.751208e+03
8.755760e+03 8.735280e+03 8.726279e+03 8.764761e+03
8.761189e+03 8.736687e+03 8.723557e+03 8.774319e+03
8.753338e+03 8.737750e+03 8.724022e+03 8.767066e+03
8.740285e+03 8.738461e+03 8.727925e+03 8.750822e+03
8.734821e+03 8.738917e+03 8.734223e+03 8.739515e+03
8.707909e+03 8.739278e+03 8.740936e+03 8.706250e+03
8.676800e+03 8.739716e+03 8.745876e+03 8.670640e+03
8.667856e+03 8.740363e+03 8.747489e+03 8.660729e+03
8.658492e+03 8.741271e+03 8.745496e+03 8.654267e+03
8.648302e+03 8.742400e+03 8.741057e+03 8.649645e+03
8.658815e+03 8.743628e+03 8.736401e+03 8.666042e+03
8.668678e+03 8.744785e+03 8.734016e+03 8.679447e+03
8.665013e+03 8.745698e+03 8.735703e+03 8.675009e+03
8.665369e+03 8.746236e+03 8.741827e+03 8.669779e+03
8.674070e+03 8.746349e+03 8.751080e+03 8.669339e+03
8.683530e+03 8.746091e+03 8.760842e+03 8.668778e+03
8.689683e+03 8.745612e+03 8.768054e+03 8.667241e+03
8.703405e+03 8.745135e+03 8.770285e+03 8.678255e+03
8.733040e+03 8.744903e+03 8.766637e+03 8.711305e+03
8.756419e+03 8.745108e+03 8.758128e+03 8.743399e+03
8.757600e+03 8.745838e+03 8.747427e+03 8.756011e+03
8.734162e+03 8.747035e+03 8.738008e+03 8.743189e+03
8.712244e+03 8.748493e+03 8.733005e+03 8.727732e+03
8.713075e+03 8.749902e+03 8.734171e+03 8.728807e+03
8.726814e+03 8.750932e+03 8.741300e+03 8.736445e+03
8.732445e+03 8.751325e+03 8.752308e+03 8.731462e+03
8.746706e+03 8.750984e+03 8.763940e+03 8.733750e+03
8.765818e+03 8.750015e+03 8.772854e+03 8.742978e+03
8.765910e+03 8.748705e+03 8.776705e+03 8.737910e+03
8.774178e+03 8.747448e+03 8.774848e+03 8.746778e+03
8.794453e+03 8.746629e+03 8.768445e+03 8.772636e+03
8.823683e+03 8.746503e+03 8.759953e+03 8.810233e+03
8.834733e+03 8.747122e+03 8.752201e+03 8.829654e+03
8.824410e+03 8.748315e+03 8.747396e+03 8.825329e+03
8.798383e+03 8.749750e+03 8.746406e+03 8.801727e+03
8.795909e+03 8.751052e+03 8.748574e+03 8.798388e+03
8.827054e+03 8.751928e+03 8.752079e+03 8.826904e+03
8.850655e+03 8.752270e+03 8.754707e+03 8.848218e+03
8.834737e+03 8.752186e+03 8.754727e+03 8.832196e+03
8.790838e+03 8.751954e+03 8.751534e+03 8.791258e+03
8.773536e+03 8.751914e+03 8.745861e+03 8.779589e+03
8.767007e+03 8.752329e+03 8.739474e+03 8.779863e+03
8.760054e+03 8.753282e+03 8.734500e+03 8.778836e+03
8.724114e+03 8.754633e+03 8.732640e+03 8.746107e+03
8.693746e+03 8.756062e+03 8.734552e+03 8.715256e+03
8.704095e+03 8.757181e+03 8.739632e+03 8.721644e+03
8.740625e+03 8.757675e+03 8.746244e+03 8.752055e+03
8.773812e+03 8.757424e+03 8.752313e+03 8.778923e+03
8.775748e+03 8.756550e+03 8.756041e+03 8.776258e+03
8.765380e+03 8.755383e+03 8.756504e+03 8.764258e+03
8.749257e+03 8.754347e+03 8.753921e+03 8.749682e+03
8.727172e+03 8.753810e+03 8.749516e+03 8.731466e+03
8.727519e+03 8.753958e+03 8.745054e+03 8.736423e+03
8.739777e+03 8.754724e+03 8.742220e+03 8.752282e+03
8.763576e+03 8.755820e+03 8.742065e+03 8.777331e+03
8.787644e+03 8.756835e+03 8.744696e+03 8.799783e+03
8.780217e+03 8.757389e+03 8.749295e+03 8.788311e+03
8.745301e+03 8.757272e+03 8.754437e+03 8.748136e+03
8.739807e+03 8.756515e+03 8.758568e+03 8.737754e+03
8.748601e+03 8.755386e+03 8.760489e+03 8.743498e+03
8.763280e+03 8.754298e+03 8.759690e+03 8.757889e+03
8.775709e+03 8.753662e+03 8.756447e+03 8.772924e+03
8.780731e+03 8.753749e+03 8.751704e+03 8.782776e+03
8.772007e+03 8.754595e+03 8.746770e+03 8.779831e+03
8.758225e+03 8.755990e+03 8.742973e+03 8.771242e+03
8.756597e+03 8.757546e+03 8.741341e+03 8.772803e+03
8.763556e+03 8.758821e+03 8.742390e+03 8.779987e+03
8.783183e+03 8.759453e+03 8.746041e+03 8.796594e+03
8.797648e+03 8.759265e+03 8.751661e+03 8.805252e+03
8.781425e+03 8.758306e+03 8.758190e+03 8.781541e+03
8.747744e+03 8.756821e+03 8.764357e+03 8.740208e+03
8.723754e+03 8.755171e+03 8.768925e+03 8.710000e+03
8.723928e+03 8.753725e+03 8.770956e+03 8.706698e+03
8.729213e+03 8.752764e+03 8.770051e+03 8.711925e+03
8.725792e+03 8.752421e+03 8.766508e+03 8.711705e+03
8.728172e+03 8.752668e+03 8.761328e+03 8.719513e+03
8.736130e+03 8.753345e+03 8.756046e+03 8.733429e+03
8.734328e+03 8.754208e+03 8.752374e+03 8.736161e+03
8.744545e+03 8.754992e+03 8.751723e+03 8.747813e+03
8.761322e+03 8.755469e+03 8.754733e+03 8.762057e+03
8.780409e+03 8.755488e+03 8.760958e+03 8.774939e+03
8.764045e+03 8.755009e+03 8.768836e+03 8.750218e+03
8.742487e+03 8.754116e+03 8.776007e+03 8.720596e+03
8.753459e+03 8.753018e+03 8.779932e+03 8.726545e+03
8.771213e+03 8.752026e+03 8.778643e+03 8.744596e+03
8.765191e+03 8.751501e+03 8.771415e+03 8.745276e+03
8.776514e+03 8.751777e+03 8.759130e+03 8.769161e+03
8.776675e+03 8.753070e+03 8.744175e+03 8.785571e+03
8.748858e+03 8.755392e+03 8.729880e+03 8.774370e+03
8.703096e+03 8.758501e+03 8.721921e+03 8.739677e+03
