2.190135e+03 2.204147e+03 2.228910e+03 2.165372e+03
2.237832e+03 2.197451e+03 2.222468e+03 2.212814e+03
2.215143e+03 2.192137e+03 2.210895e+03 2.196385e+03
2.146277e+03 2.189313e+03 2.196644e+03 2.138946e+03
2.141531e+03 2.189377e+03 2.184108e+03 2.146800e+03
2.114292e+03 2.191930e+03 2.176686e+03 2.129536e+03
2.167194e+03 2.195928e+03 2.175867e+03 2.187255e+03
2.202742e+03 2.200024e+03 2.180985e+03 2.221781e+03
2.219357e+03 2.202996e+03 2.189685e+03 2.232669e+03
2.171389e+03 2.204108e+03 2.198853e+03 2.176644e+03
2.088380e+03 2.203301e+03 2.205698e+03 2.085983e+03
2.107133e+03 2.201150e+03 2.208587e+03 2.099696e+03
2.148881e+03 2.198618e+03 2.207402e+03 2.140097e+03
2.207707e+03 2.196698e+03 2.203345e+03 2.201060e+03
2.255684e+03 2.196077e+03 2.198339e+03 2.253422e+03
2.296866e+03 2.196927e+03 2.194281e+03 2.299512e+03
2.264150e+03 2.198887e+03 2.192428e+03 2.270609e+03
2.212671e+03 2.201235e+03 2.193116e+03 2.220790e+03
2.198686e+03 2.203158e+03 2.195858e+03 2.205986e+03
2.198224e+03 2.204031e+03 2.199711e+03 2.202544e+03
2.307427e+03 2.203606e+03 2.203736e+03 2.307296e+03
2.381447e+03 2.202033e+03 2.207313e+03 2.376167e+03
2.311729e+03 2.199759e+03 2.210238e+03 2.301250e+03
2.227454e+03 2.197326e+03 2.212563e+03 2.212217e+03
2.148791e+03 2.195181e+03 2.214323e+03 2.129649e+03
2.191679e+03 2.193552e+03 2.215303e+03 2.169928e+03
2.223588e+03 2.192445e+03 2.214986e+03 2.201048e+03
2.191996e+03 2.191731e+03 2.212732e+03 2.170995e+03
2.153725e+03 2.191271e+03 2.208112e+03 2.136884e+03
2.121401e+03 2.191020e+03 2.201253e+03 2.111169e+03
2.164421e+03 2.191052e+03 2.193011e+03 2.162462e+03
2.192679e+03 2.191490e+03 2.184858e+03 2.199311e+03
2.172030e+03 2.192394e+03 2.178492e+03 2.185932e+03
2.132479e+03 2.193648e+03 2.175286e+03 2.150841e+03
2.112786e+03 2.194927e+03 2.175784e+03 2.131930e+03
2.122042e+03 2.195756e+03 2.179443e+03 2.138355e+03
2.214106e+03 2.195659e+03 2.184743e+03 2.225023e+03
2.277060e+03 2.194346e+03 2.189652e+03 2.281754e+03
2.269206e+03 2.191841e+03 2.192285e+03 2.268762e+03
2.224804e+03 2.188513e+03 2.191540e+03 2.221777e+03
2.166291e+03 2.184968e+03 2.187457e+03 2.163801e+03
2.200611e+03 2.181843e+03 2.181186e+03 2.201269e+03
2.236429e+03 2.179580e+03 2.174554e+03 2.241456e+03
2.213962e+03 2.178252e+03 2.169398e+03 2.222817e+03
2.202031e+03 2.177537e+03 2.166898e+03 2.212669e+03
2.152079e+03 2.176829e+03 2.167157e+03 2.161751e+03
2.175299e+03 2.175477e+03 2.169181e+03 2.181595e+03
2.218433e+03 2.173031e+03 2.171256e+03 2.220207e+03
2.241733e+03 2.169424e+03 2.171590e+03 2.239567e+03
2.188976e+03 2.165006e+03 2.168973e+03 2.185009e+03
2.138445e+03 2.160415e+03 2.163220e+03 2.135640e+03
2.134648e+03 2.156328e+03 2.155233e+03 2.135743e+03
2.188916e+03 2.153193e+03 2.146670e+03 2.195438e+03
2.249714e+03 2.151049e+03 2.139345e+03 2.261418e+03
2.242069e+03 2.149496e+03 2.134582e+03 2.256983e+03
2.210105e+03 2.147836e+03 2.132753e+03 2.225187e+03
2.229760e+03 2.145335e+03 2.133170e+03 2.241925e+03
2.243405e+03 2.141498e+03 2.134341e+03 2.250562e+03
2.269657e+03 2.136262e+03 2.134507e+03 2.271412e+03
2.264394e+03 2.130019e+03 2.132245e+03 2.262168e+03
2.263988e+03 2.123473e+03 2.126934e+03 2.260527e+03
2.195758e+03 2.117374e+03 2.118907e+03 2.194225e+03
2.204471e+03 2.112242e+03 2.109283e+03 2.207431e+03
2.249660e+03 2.108176e+03 2.099517e+03 2.258319e+03
2.265815e+03 2.104829e+03 2.090881e+03 2.279762e+03
2.220281e+03 2.101551e+03 2.084033e+03 2.237799e+03
2.152746e+03 2.097650e+03 2.078839e+03 2.171557e+03
2.080150e+03 2.092657e+03 2.074494e+03 2.098313e+03
2.139348e+03 2.086504e+03 2.069878e+03 2.155973e+03
2.147661e+03 2.079540e+03 2.064011e+03 2.163190e+03
2.035353e+03 2.072386e+03 2.056436e+03 2.051303e+03
1.909147e+03 2.065681e+03 2.047403e+03 1.927425e+03
1.867995e+03 2.059823e+03 2.037790e+03 1.890028e+03
1.859191e+03 2.054801e+03 2.028798e+03 1.885194e+03
1.951529e+03 2.050186e+03 2.021529e+03 1.980187e+03
1.990580e+03 2.045274e+03 2.016591e+03 2.019262e+03
2.035795e+03 2.039339e+03 2.013868e+03 2.061266e+03
2.019502e+03 2.031889e+03 2.012505e+03 2.038885e+03
1.977422e+03 2.022846e+03 2.011137e+03 1.989132e+03
1.988258e+03 2.012576e+03 2.008263e+03 1.992571e+03
2.046962e+03 2.001776e+03 2.002677e+03 2.046061e+03
1.979257e+03 1.991258e+03 1.993807e+03 1.976708e+03
1.860142e+03 1.981707e+03 1.981888e+03 1.859961e+03
1.788340e+03 1.973496e+03 1.967900e+03 1.793936e+03
1.813097e+03 1.966599e+03 1.953307e+03 1.826389e+03
1.887949e+03 1.960621e+03 1.939646e+03 1.908924e+03
1.962829e+03 1.954921e+03 1.928095e+03 1.989655e+03
1.983844e+03 1.948774e+03 1.919122e+03 2.013496e+03
1.914667e+03 1.941544e+03 1.912335e+03 1.943876e+03
1.839531e+03 1.932822e+03 1.906584e+03 1.865770e+03
1.801993e+03 1.922559e+03 1.900327e+03 1.824225e+03
1.896774e+03 1.911161e+03 1.892173e+03 1.915762e+03
1.990434e+03 1.899584e+03 1.881483e+03 2.008534e+03
1.962121e+03 1.889371e+03 1.868858e+03 1.982634e+03
1.887427e+03 1.882624e+03 1.856356e+03 1.913695e+03
1.806568e+03 1.881838e+03 1.847339e+03 1.841067e+03
1.799196e+03 1.889589e+03 1.845936e+03 1.842849e+03
1.877703e+03 1.908088e+03 1.856215e+03 1.929575e+03
1.945988e+03 1.938683e+03 1.881258e+03 2.003413e+03
1.967464e+03 1.981424e+03 1.922363e+03 2.026525e+03
1.920488e+03 2.034828e+03 1.978566e+03 1.976751e+03
1.885701e+03 2.095999e+03 2.046857e+03 1.934843e+03
1.896960e+03 2.160813e+03 2.122410e+03 1.935363e+03
1.978293e+03 2.224762e+03 2.199607e+03 2.003448e+03
2.091727e+03 2.283628e+03 2.273090e+03 2.102265e+03
2.180732e+03 2.334157e+03 2.338596e+03 2.176293e+03
2.263775e+03 2.374493e+03 2.393488e+03 2.244780e+03
2.339918e+03 2.404289e+03 2.436857e+03 2.307350e+03
2.351569e+03 2.424493e+03 2.469230e+03 2.306832e+03
2.405499e+03 2.436908e+03 2.492035e+03 2.350372e+03
2.496793e+03 2.443690e+03 2.507051e+03 2.433433e+03
2.510523e+03 2.446931e+03 2.516010e+03 2.441443e+03
2.499173e+03 2.448405e+03 2.520451e+03 2.427127e+03
2.471949e+03 2.449521e+03 2.521794e+03 2.399677e+03
2.440656e+03 2.451371e+03 2.521512e+03 2.370515e+03
2.431260e+03 2.454807e+03 2.521233e+03 2.364833e+03
2.494296e+03 2.460434e+03 2.522652e+03 2.432078e+03
2.551230e+03 2.468498e+03 2.527219e+03 2.492508e+03
2.555655e+03 2.478719e+03 2.535721e+03 2.498653e+03
2.594402e+03 2.490183e+03 2.547907e+03 2.536678e+03
2.581236e+03 2.501397e+03 2.562377e+03 2.520256e+03
2.558352e+03 2.510581e+03 2.576839e+03 2.492094e+03
2.644635e+03 2.516157e+03 2.588712e+03 2.572080e+03
2.647193e+03 2.517303e+03 2.595924e+03 2.568572e+03
2.652442e+03 2.514373e+03 2.597620e+03 2.569195e+03
2.678594e+03 2.509006e+03 2.594533e+03 2.593067e+03
2.736777e+03 2.503818e+03 2.588840e+03 2.651755e+03
2.735021e+03 2.501727e+03 2.583506e+03 2.653243e+03
2.658115e+03 2.505092e+03 2.581316e+03 2.581891e+03
2.695031e+03 2.514939e+03 2.583922e+03 2.626048e+03
2.703365e+03 2.530538e+03 2.591221e+03 2.642683e+03
2.802594e+03 2.549510e+03 2.601325e+03 2.750778e+03
2.862724e+03 2.568437e+03 2.611130e+03 2.820030e+03
2.833247e+03 2.583822e+03 2.617317e+03 2.799752e+03
2.765118e+03 2.593069e+03 2.617435e+03 2.740752e+03
2.686661e+03 2.595169e+03 2.610686e+03 2.671144e+03
2.698405e+03 2.590878e+03 2.598146e+03 2.691137e+03
2.762313e+03 2.582324e+03 2.582330e+03 2.762307e+03
2.777295e+03 2.572218e+03 2.566292e+03 2.783221e+03
2.730987e+03 2.562955e+03 2.552585e+03 2.741357e+03
2.673240e+03 2.555941e+03 2.542477e+03 2.686704e+03
2.603428e+03 2.551385e+03 2.535727e+03 2.619086e+03
2.616424e+03 2.548605e+03 2.530978e+03 2.634051e+03
2.600329e+03 2.546690e+03 2.526625e+03 2.620394e+03
2.537796e+03 2.545209e+03 2.521759e+03 2.561247e+03
2.435633e+03 2.544642e+03 2.516813e+03 2.463462e+03
2.358479e+03 2.546276e+03 2.513570e+03 2.391186e+03
2.357476e+03 2.551571e+03 2.514472e+03 2.394575e+03
2.364485e+03 2.561180e+03 2.521445e+03 2.404220e+03
2.366927e+03 2.574034e+03 2.534649e+03 2.406312e+03
2.386900e+03 2.586872e+03 2.551662e+03 2.422110e+03
2.346531e+03 2.594530e+03 2.567473e+03 2.373588e+03
2.289675e+03 2.591020e+03 2.575424e+03 2.305272e+03
2.296352e+03 2.571138e+03 2.568877e+03 2.298613e+03
2.366507e+03 2.532143e+03 2.543150e+03 2.355500e+03
2.334573e+03 2.474945e+03 2.497102e+03 2.312417e+03
2.278146e+03 2.404370e+03 2.433843e+03 2.248673e+03
2.226723e+03 2.328323e+03 2.360288e+03 2.194757e+03
2.221225e+03 2.256036e+03 2.285624e+03 2.191637e+03
2.263720e+03 2.195866e+03 2.219112e+03 2.240474e+03
2.262042e+03 2.153276e+03 2.167849e+03 2.247469e+03
2.300218e+03 2.129594e+03 2.135125e+03 2.294687e+03
2.286847e+03 2.121915e+03 2.119847e+03 2.288915e+03
2.251423e+03 2.124150e+03 2.117156e+03 2.258418e+03
2.226822e+03 2.128896e+03 2.120019e+03 2.235699e+03
2.194514e+03 2.129549e+03 2.121306e+03 2.202757e+03
2.194717e+03 2.122033e+03 2.115732e+03 2.201018e+03
2.122289e+03 2.105668e+03 2.101127e+03 2.126830e+03
2.053442e+03 2.082974e+03 2.078731e+03 2.057685e+03
2.083946e+03 2.058556e+03 2.052508e+03 2.089994e+03
2.081042e+03 2.037488e+03 2.027754e+03 2.090775e+03
2.049955e+03 2.023716e+03 2.009464e+03 2.064207e+03
2.011478e+03 2.018990e+03 2.000931e+03 2.029538e+03
1.964502e+03 2.022561e+03 2.002945e+03 1.984118e+03
1.988069e+03 2.031689e+03 2.013764e+03 2.005994e+03
2.081955e+03 2.042679e+03 2.029751e+03 2.094884e+03
2.087277e+03 2.052079e+03 2.046465e+03 2.092891e+03
2.022333e+03 2.057625e+03 2.059835e+03 2.020122e+03
1.962500e+03 2.058676e+03 2.067110e+03 1.954067e+03
1.978886e+03 2.056076e+03 2.067358e+03 1.967605e+03
2.018899e+03 2.051568e+03 2.061461e+03 2.009005e+03
2.065609e+03 2.047031e+03 2.051650e+03 2.060990e+03
2.044965e+03 2.043837e+03 2.040774e+03 2.048027e+03
1.945132e+03 2.042508e+03 2.031510e+03 1.956130e+03
1.928624e+03 2.042765e+03 2.025722e+03 1.945666e+03
1.975888e+03 2.043859e+03 2.024096e+03 1.995651e+03
2.013779e+03 2.045027e+03 2.026123e+03 2.032683e+03
2.024115e+03 2.045851e+03 2.030394e+03 2.039572e+03
1.962156e+03 2.046410e+03 2.035106e+03 1.973460e+03
1.948651e+03 2.047174e+03 2.038638e+03 1.957187e+03
2.002393e+03 2.048733e+03 2.040037e+03 2.011089e+03
2.073494e+03 2.051478e+03 2.039282e+03 2.085690e+03
2.086970e+03 2.055404e+03 2.037269e+03 2.105105e+03
2.013573e+03 2.060089e+03 2.035496e+03 2.038165e+03
1.991787e+03 2.064863e+03 2.035566e+03 2.021084e+03
1.954174e+03 2.069087e+03 2.038635e+03 1.984625e+03
1.949905e+03 2.072411e+03 2.045003e+03 1.977313e+03
2.014685e+03 2.074907e+03 2.053959e+03 2.035633e+03
2.023143e+03 2.077027e+03 2.063969e+03 2.036200e+03
2.013096e+03 2.079400e+03 2.073149e+03 2.019347e+03
2.028872e+03 2.082570e+03 2.079871e+03 2.031571e+03
2.014324e+03 2.086761e+03 2.083315e+03 2.017770e+03
1.962385e+03 2.091787e+03 2.083761e+03 1.970411e+03
2.010651e+03 2.097118e+03 2.082504e+03 2.025264e+03
2.128653e+03 2.102088e+03 2.081418e+03 2.149323e+03
2.224433e+03 2.106151e+03 2.082303e+03 2.248281e+03
2.197255e+03 2.109080e+03 2.086237e+03 2.220098e+03
2.124936e+03 2.111045e+03 2.093182e+03 2.142799e+03
2.130988e+03 2.112539e+03 2.101992e+03 2.141535e+03
2.203468e+03 2.114174e+03 2.110817e+03 2.206824e+03
2.176230e+03 2.116456e+03 2.117800e+03 2.174886e+03
2.151294e+03 2.119597e+03 2.121770e+03 2.149121e+03
2.121677e+03 2.123455e+03 2.122702e+03 2.122430e+03
2.083677e+03 2.127599e+03 2.121713e+03 2.089563e+03
2.096040e+03 2.131530e+03 2.120737e+03 2.106833e+03
2.105947e+03 2.134761e+03 2.121641e+03 2.119066e+03
2.162412e+03 2.137098e+03 2.125528e+03 2.173981e+03
2.131123e+03 2.138660e+03 2.132268e+03 2.137515e+03
2.076890e+03 2.139822e+03 2.140469e+03 2.076242e+03
2.117034e+03 2.141061e+03 2.147962e+03 2.110133e+03
2.128697e+03 2.142790e+03 2.152628e+03 2.118859e+03
2.178440e+03 2.145211e+03 2.153250e+03 2.170401e+03
2.180868e+03 2.148257e+03 2.150060e+03 2.179066e+03
2.168530e+03 2.151635e+03 2.144741e+03 2.175424e+03
2.202660e+03 2.154932e+03 2.139876e+03 2.217715e+03
2.223132e+03 2.157767e+03 2.138000e+03 2.242899e+03
2.221471e+03 2.159909e+03 2.140631e+03 2.240749e+03
2.211505e+03 2.161343e+03 2.147640e+03 2.225208e+03
2.131602e+03 2.162262e+03 2.157230e+03 2.136634e+03
2.118502e+03 2.162989e+03 2.166556e+03 2.114935e+03
2.115063e+03 2.163872e+03 2.172785e+03 2.106149e+03
2.061845e+03 2.165176e+03 2.174203e+03 2.052818e+03
2.020792e+03 2.167006e+03 2.170943e+03 2.016855e+03
1.968328e+03 2.169282e+03 2.165042e+03 1.972568e+03
1.996378e+03 2.171757e+03 2.159757e+03 2.008378e+03
2.064906e+03 2.174090e+03 2.158371e+03 2.080625e+03
2.111477e+03 2.175930e+03 2.162915e+03 2.124491e+03
2.141148e+03 2.177014e+03 2.173288e+03 2.144874e+03
2.119932e+03 2.177242e+03 2.187114e+03 2.110060e+03
2.072337e+03 2.176720e+03 2.200454e+03 2.048604e+03
2.058005e+03 2.175755e+03 2.209125e+03 2.024636e+03
2.066240e+03 2.174795e+03 2.210192e+03 2.030843e+03
2.160098e+03 2.174326e+03 2.203085e+03 2.131339e+03
2.250584e+03 2.174739e+03 2.189931e+03 2.235393e+03
2.261159e+03 2.176212e+03 2.174957e+03 2.262414e+03
2.191517e+03 2.178625e+03 2.163132e+03 2.207009e+03
2.104029e+03 2.181563e+03 2.158533e+03 2.127059e+03
2.096847e+03 2.184403e+03 2.162973e+03 2.118277e+03
2.124668e+03 2.186478e+03 2.175392e+03 2.135753e+03
2.181193e+03 2.187270e+03 2.192209e+03 2.176254e+03
2.203778e+03 2.186583e+03 2.208517e+03 2.181845e+03
2.196077e+03 2.184630e+03 2.219705e+03 2.161001e+03
2.172148e+03 2.181990e+03 2.222942e+03 2.131196e+03
2.209966e+03 2.179457e+03 2.218008e+03 2.171414e+03
2.234961e+03 2.177805e+03 2.207225e+03 2.205540e+03
2.319895e+03 2.177552e+03 2.194516e+03 2.302931e+03
2.367308e+03 2.178800e+03 2.183977e+03 2.362131e+03
2.249510e+03 2.181203e+03 2.178458e+03 2.252255e+03
2.236983e+03 2.184097e+03 2.178676e+03 2.242404e+03
2.230053e+03 2.186721e+03 2.183127e+03 2.233648e+03
2.262698e+03 2.188486e+03 2.188808e+03 2.262376e+03
2.348488e+03 2.189175e+03 2.192450e+03 2.345213e+03
2.306623e+03 2.189006e+03 2.191780e+03 2.303848e+03
2.248679e+03 2.188539e+03 2.186367e+03 2.250851e+03
2.154602e+03 2.188457e+03 2.177749e+03 2.165311e+03
2.174243e+03 2.189294e+03 2.168817e+03 2.194719e+03
2.178190e+03 2.191215e+03 2.162722e+03 2.206683e+03
2.142128e+03 2.193938e+03 2.161700e+03 2.174366e+03
2.119353e+03 2.196818e+03 2.166265e+03 2.149906e+03
2.124458e+03 2.199072e+03 2.175040e+03 2.148491e+03
2.134711e+03 2.200069e+03 2.185261e+03 2.149519e+03
2.204644e+03 2.199563e+03 2.193772e+03 2.210435e+03
2.276498e+03 2.197802e+03 2.198113e+03 2.276187e+03
2.218584e+03 2.195450e+03 2.197336e+03 2.216698e+03
2.167366e+03 2.193361e+03 2.192256e+03 2.168471e+03
2.172201e+03 2.192279e+03 2.185097e+03 2.179384e+03
2.155032e+03 2.192577e+03 2.178663e+03 2.168946e+03
2.210784e+03 2.194122e+03 2.175367e+03 2.229538e+03
2.306035e+03 2.196329e+03 2.176441e+03 2.325923e+03
2.351245e+03 2.198375e+03 2.181587e+03 2.368033e+03
2.291527e+03 2.199493e+03 2.189159e+03 2.301861e+03
2.257527e+03 2.199256e+03 2.196771e+03 2.260013e+03
2.173343e+03 2.197730e+03 2.202094e+03 2.168979e+03
2.144703e+03 2.195456e+03 2.203583e+03 2.136576e+03
2.201668e+03 2.193263e+03 2.200894e+03 2.194037e+03
2.267956e+03 2.191982e+03 2.194914e+03 2.265023e+03
2.252497e+03 2.192156e+03 2.187423e+03 2.257230e+03
2.189500e+03 2.193860e+03 2.180552e+03 2.202808e+03
2.140782e+03 2.196672e+03 2.176200e+03 2.161254e+03
2.122207e+03 2.199809e+03 2.175588e+03 2.146429e+03
2.163319e+03 2.202379e+03 2.179021e+03 2.186677e+03
2.201494e+03 2.203653e+03 2.185895e+03 2.219252e+03
2.243695e+03 2.203274e+03 2.194878e+03 2.252092e+03
2.182427e+03 2.201340e+03 2.204214e+03 2.179554e+03
2.154963e+03 2.198348e+03 2.212077e+03 2.141234e+03
2.162769e+03 2.195023e+03 2.216925e+03 2.140867e+03
2.184962e+03 2.192108e+03 2.217822e+03 2.159247e+03
2.188129e+03 2.190170e+03 2.214679e+03 2.163620e+03
2.232523e+03 2.189479e+03 2.208355e+03 2.213647e+03
2.225533e+03 2.189978e+03 2.200572e+03 2.214939e+03
2.155590e+03 2.191342e+03 2.193591e+03 2.153341e+03
2.162836e+03 2.193080e+03 2.189678e+03 2.166238e+03
2.158759e+03 2.194661e+03 2.190462e+03 2.162958e+03
2.160953e+03 2.195622e+03 2.196344e+03 2.160230e+03
2.212647e+03 2.195662e+03 2.206178e+03 2.202130e+03
2.262996e+03 2.194696e+03 2.217359e+03 2.240333e+03
2.271419e+03 2.192896e+03 2.226393e+03 2.237922e+03
2.224987e+03 2.190683e+03 2.229838e+03 2.185832e+03
2.154203e+03 2.188683e+03 2.225361e+03 2.117526e+03
2.179916e+03 2.187624e+03 2.212602e+03 2.154938e+03
2.183282e+03 2.188182e+03 2.193528e+03 2.177936e+03
2.175711e+03 2.190789e+03 2.172103e+03 2.194397e+03
2.214515e+03 2.195468e+03 2.153321e+03 2.256662e+03
2.179906e+03 2.201735e+03 2.144158e+03 2.237483e+03
