1.225005e+03 1.264525e+03 1.270384e+03 1.219146e+03
1.218670e+03 1.264258e+03 1.270372e+03 1.212556e+03
1.214025e+03 1.256031e+03 1.264245e+03 1.205811e+03
1.231125e+03 1.243578e+03 1.251149e+03 1.223554e+03
1.214166e+03 1.231210e+03 1.235964e+03 1.209412e+03
1.226468e+03 1.222539e+03 1.223463e+03 1.225544e+03
1.236850e+03 1.219546e+03 1.216939e+03 1.239458e+03
1.235356e+03 1.222254e+03 1.217436e+03 1.240174e+03
1.229845e+03 1.229013e+03 1.223760e+03 1.235099e+03
1.202440e+03 1.237255e+03 1.233167e+03 1.206528e+03
1.185076e+03 1.244392e+03 1.242433e+03 1.187034e+03
1.183296e+03 1.248593e+03 1.248918e+03 1.182971e+03
1.208867e+03 1.249195e+03 1.251277e+03 1.206784e+03
1.225871e+03 1.246690e+03 1.249648e+03 1.222913e+03
1.232566e+03 1.242373e+03 1.245335e+03 1.229604e+03
1.239272e+03 1.237820e+03 1.240184e+03 1.236909e+03
1.257178e+03 1.234409e+03 1.235916e+03 1.255672e+03
1.285276e+03 1.233018e+03 1.233660e+03 1.284633e+03
1.291480e+03 1.233953e+03 1.233799e+03 1.291634e+03
1.292785e+03 1.237063e+03 1.236109e+03 1.293738e+03
1.307802e+03 1.241918e+03 1.240062e+03 1.309658e+03
1.293299e+03 1.247963e+03 1.245103e+03 1.296160e+03
1.267268e+03 1.254565e+03 1.250781e+03 1.271052e+03
1.246062e+03 1.260995e+03 1.256699e+03 1.250358e+03
1.250635e+03 1.266382e+03 1.262346e+03 1.254671e+03
1.247871e+03 1.269747e+03 1.266957e+03 1.250660e+03
1.234538e+03 1.270155e+03 1.269521e+03 1.235173e+03
1.220715e+03 1.266979e+03 1.268991e+03 1.218702e+03
1.223429e+03 1.260178e+03 1.264665e+03 1.218943e+03
1.243327e+03 1.250486e+03 1.256558e+03 1.237255e+03
1.257137e+03 1.239387e+03 1.245628e+03 1.250895e+03
1.266001e+03 1.228841e+03 1.233697e+03 1.261145e+03
1.253391e+03 1.220816e+03 1.223047e+03 1.251160e+03
1.234807e+03 1.216742e+03 1.215798e+03 1.235751e+03
1.245801e+03 1.217087e+03 1.213257e+03 1.249631e+03
1.259648e+03 1.221191e+03 1.215485e+03 1.265354e+03
1.281433e+03 1.227444e+03 1.221232e+03 1.287645e+03
1.272703e+03 1.233763e+03 1.228307e+03 1.278159e+03
1.269010e+03 1.238223e+03 1.234257e+03 1.272976e+03
1.253818e+03 1.239637e+03 1.237140e+03 1.256315e+03
1.262859e+03 1.237899e+03 1.236129e+03 1.264629e+03
1.248476e+03 1.233964e+03 1.231739e+03 1.250701e+03
1.224393e+03 1.229477e+03 1.225593e+03 1.228276e+03
1.213170e+03 1.226184e+03 1.219820e+03 1.219535e+03
1.214646e+03 1.225315e+03 1.216288e+03 1.223674e+03
1.203677e+03 1.227163e+03 1.215950e+03 1.214890e+03
1.218498e+03 1.230990e+03 1.218523e+03 1.230965e+03
1.239581e+03 1.235300e+03 1.222608e+03 1.252273e+03
1.238265e+03 1.238372e+03 1.226205e+03 1.250432e+03
1.231173e+03 1.238874e+03 1.227435e+03 1.242612e+03
1.236756e+03 1.236338e+03 1.225210e+03 1.247884e+03
1.258285e+03 1.231339e+03 1.219619e+03 1.270006e+03
1.265199e+03 1.225312e+03 1.211896e+03 1.278615e+03
1.246915e+03 1.220075e+03 1.204001e+03 1.262990e+03
1.226938e+03 1.217219e+03 1.197944e+03 1.246213e+03
1.231547e+03 1.217573e+03 1.195106e+03 1.254014e+03
1.234974e+03 1.220925e+03 1.195786e+03 1.260113e+03
1.234425e+03 1.226089e+03 1.199108e+03 1.261406e+03
1.234036e+03 1.231293e+03 1.203335e+03 1.261994e+03
1.231549e+03 1.234747e+03 1.206439e+03 1.259856e+03
1.208943e+03 1.235217e+03 1.206770e+03 1.237390e+03
1.199925e+03 1.232394e+03 1.203552e+03 1.228767e+03
1.197175e+03 1.226957e+03 1.197094e+03 1.227038e+03
1.184187e+03 1.220305e+03 1.188619e+03 1.215873e+03
1.183205e+03 1.214066e+03 1.179814e+03 1.217457e+03
1.164017e+03 1.209544e+03 1.172241e+03 1.201320e+03
1.133383e+03 1.207310e+03 1.166838e+03 1.173856e+03
1.181409e+03 1.207052e+03 1.163639e+03 1.224822e+03
1.190649e+03 1.207747e+03 1.161845e+03 1.236551e+03
1.164516e+03 1.208090e+03 1.160163e+03 1.212442e+03
1.140495e+03 1.207020e+03 1.157333e+03 1.190182e+03
1.127256e+03 1.204159e+03 1.152621e+03 1.178794e+03
1.111213e+03 1.200010e+03 1.146137e+03 1.165085e+03
1.104180e+03 1.195827e+03 1.138842e+03 1.161165e+03
1.121539e+03 1.193208e+03 1.132254e+03 1.182494e+03
1.124648e+03 1.193527e+03 1.127935e+03 1.190240e+03
1.125703e+03 1.197403e+03 1.126934e+03 1.196172e+03
1.129944e+03 1.204397e+03 1.129359e+03 1.204982e+03
1.145770e+03 1.213045e+03 1.134248e+03 1.224568e+03
1.150938e+03 1.221228e+03 1.139762e+03 1.232404e+03
1.137874e+03 1.226783e+03 1.143691e+03 1.220966e+03
1.109002e+03 1.228149e+03 1.144088e+03 1.193062e+03
1.087506e+03 1.224851e+03 1.139863e+03 1.172494e+03
1.088819e+03 1.217654e+03 1.131124e+03 1.175350e+03
1.084153e+03 1.208333e+03 1.119167e+03 1.173320e+03
1.104372e+03 1.199134e+03 1.106098e+03 1.197408e+03
1.116901e+03 1.192096e+03 1.094197e+03 1.214800e+03
1.111010e+03 1.188461e+03 1.085226e+03 1.214245e+03
1.100003e+03 1.188353e+03 1.079902e+03 1.208453e+03
1.091928e+03 1.190846e+03 1.077722e+03 1.205053e+03
1.095177e+03 1.194385e+03 1.077200e+03 1.212362e+03
1.108276e+03 1.197404e+03 1.076466e+03 1.229214e+03
1.110018e+03 1.198945e+03 1.074037e+03 1.234926e+03
1.060261e+03 1.199048e+03 1.069501e+03 1.189809e+03
1.035651e+03 1.198776e+03 1.063897e+03 1.170529e+03
1.036956e+03 1.199869e+03 1.059625e+03 1.177200e+03
1.044177e+03 1.204149e+03 1.059899e+03 1.188427e+03
1.077011e+03 1.212864e+03 1.067885e+03 1.221990e+03
1.072535e+03 1.226218e+03 1.085785e+03 1.212967e+03
1.090719e+03 1.243237e+03 1.114150e+03 1.219806e+03
1.090657e+03 1.262019e+03 1.151613e+03 1.201063e+03
1.098593e+03 1.280287e+03 1.195246e+03 1.183633e+03
1.123699e+03 1.296014e+03 1.241116e+03 1.178597e+03
1.183320e+03 1.307993e+03 1.285275e+03 1.206037e+03
1.251019e+03 1.316074e+03 1.324624e+03 1.242469e+03
1.295021e+03 1.321060e+03 1.357422e+03 1.258659e+03
1.354822e+03 1.324294e+03 1.383374e+03 1.295742e+03
1.403860e+03 1.327119e+03 1.403293e+03 1.327686e+03
1.431905e+03 1.330402e+03 1.418522e+03 1.343785e+03
1.458752e+03 1.334287e+03 1.430320e+03 1.362719e+03
1.461597e+03 1.338263e+03 1.439472e+03 1.360388e+03
1.464271e+03 1.341481e+03 1.446208e+03 1.359544e+03
1.464770e+03 1.343187e+03 1.450439e+03 1.357519e+03
1.442482e+03 1.343093e+03 1.452157e+03 1.333418e+03
1.461750e+03 1.341529e+03 1.451797e+03 1.351482e+03
1.459831e+03 1.339329e+03 1.450371e+03 1.348788e+03
1.488085e+03 1.337518e+03 1.449306e+03 1.376297e+03
1.518840e+03 1.336914e+03 1.450020e+03 1.405733e+03
1.528007e+03 1.337836e+03 1.453424e+03 1.412419e+03
1.523911e+03 1.340030e+03 1.459548e+03 1.404394e+03
1.552709e+03 1.342835e+03 1.467475e+03 1.428069e+03
1.553688e+03 1.345513e+03 1.475632e+03 1.423570e+03
1.581112e+03 1.347593e+03 1.482349e+03 1.446355e+03
1.579399e+03 1.349061e+03 1.486479e+03 1.441981e+03
1.570095e+03 1.350310e+03 1.487825e+03 1.432581e+03
1.532329e+03 1.351842e+03 1.487199e+03 1.396971e+03
1.527186e+03 1.353859e+03 1.486071e+03 1.394974e+03
1.522848e+03 1.355924e+03 1.485906e+03 1.392866e+03
1.522118e+03 1.356853e+03 1.487477e+03 1.391494e+03
1.519980e+03 1.354946e+03 1.490391e+03 1.384535e+03
1.537446e+03 1.348506e+03 1.493075e+03 1.392877e+03
1.551457e+03 1.336464e+03 1.493228e+03 1.394693e+03
1.554986e+03 1.318903e+03 1.488624e+03 1.385266e+03
1.528637e+03 1.297247e+03 1.477965e+03 1.347920e+03
1.507923e+03 1.274010e+03 1.461463e+03 1.320469e+03
1.468349e+03 1.252169e+03 1.440925e+03 1.279593e+03
1.503208e+03 1.234347e+03 1.419270e+03 1.318285e+03
1.503797e+03 1.222085e+03 1.399649e+03 1.326233e+03
1.477807e+03 1.215459e+03 1.384472e+03 1.308794e+03
1.443483e+03 1.213179e+03 1.374692e+03 1.281970e+03
1.392374e+03 1.213137e+03 1.369622e+03 1.235889e+03
1.368652e+03 1.213196e+03 1.367349e+03 1.214499e+03
1.379298e+03 1.211935e+03 1.365585e+03 1.225648e+03
1.321869e+03 1.209071e+03 1.362639e+03 1.168301e+03
1.244138e+03 1.205409e+03 1.358118e+03 1.091430e+03
1.240909e+03 1.202347e+03 1.353074e+03 1.090182e+03
1.223440e+03 1.201140e+03 1.349534e+03 1.075046e+03
1.235267e+03 1.202227e+03 1.349547e+03 1.087946e+03
1.248700e+03 1.204895e+03 1.354138e+03 1.099457e+03
1.245962e+03 1.207448e+03 1.362551e+03 1.090859e+03
1.249781e+03 1.207822e+03 1.372123e+03 1.085481e+03
1.214429e+03 1.204432e+03 1.378873e+03 1.039988e+03
1.212203e+03 1.196925e+03 1.378660e+03 1.030467e+03
1.256842e+03 1.186531e+03 1.368522e+03 1.074851e+03
1.266522e+03 1.175842e+03 1.347737e+03 1.094626e+03
1.233609e+03 1.168069e+03 1.318239e+03 1.083438e+03
1.191652e+03 1.166003e+03 1.284212e+03 1.073443e+03
1.164528e+03 1.171056e+03 1.250980e+03 1.084603e+03
1.201187e+03 1.182697e+03 1.223539e+03 1.160344e+03
1.214848e+03 1.198522e+03 1.205198e+03 1.208172e+03
1.190971e+03 1.214923e+03 1.196748e+03 1.209146e+03
1.204818e+03 1.228145e+03 1.196410e+03 1.236554e+03
1.241370e+03 1.235386e+03 1.200528e+03 1.276228e+03
1.271167e+03 1.235565e+03 1.204764e+03 1.301967e+03
1.252165e+03 1.229541e+03 1.205399e+03 1.276307e+03
1.217041e+03 1.219720e+03 1.200319e+03 1.236442e+03
1.206705e+03 1.209239e+03 1.189452e+03 1.226492e+03
1.194778e+03 1.201010e+03 1.174563e+03 1.221225e+03
1.177669e+03 1.196956e+03 1.158557e+03 1.216068e+03
1.153516e+03 1.197663e+03 1.144571e+03 1.206608e+03
1.124480e+03 1.202493e+03 1.135142e+03 1.191831e+03
1.102541e+03 1.210054e+03 1.131673e+03 1.180922e+03
1.106990e+03 1.218786e+03 1.134284e+03 1.191493e+03
1.114944e+03 1.227428e+03 1.141992e+03 1.200380e+03
1.157386e+03 1.235213e+03 1.153083e+03 1.239516e+03
1.162036e+03 1.241775e+03 1.165515e+03 1.238296e+03
1.154855e+03 1.246888e+03 1.177252e+03 1.224491e+03
1.134188e+03 1.250224e+03 1.186511e+03 1.197901e+03
1.128568e+03 1.251289e+03 1.191931e+03 1.187925e+03
1.155761e+03 1.249593e+03 1.192732e+03 1.212621e+03
1.175710e+03 1.244978e+03 1.188864e+03 1.231825e+03
1.141479e+03 1.237939e+03 1.181101e+03 1.198316e+03
1.115960e+03 1.229726e+03 1.171020e+03 1.174666e+03
1.110613e+03 1.222142e+03 1.160753e+03 1.172002e+03
1.129455e+03 1.217021e+03 1.152545e+03 1.193931e+03
1.145972e+03 1.215588e+03 1.148157e+03 1.213403e+03
1.144516e+03 1.217940e+03 1.148332e+03 1.214123e+03
1.138422e+03 1.222883e+03 1.152486e+03 1.208819e+03
1.123427e+03 1.228255e+03 1.158813e+03 1.192870e+03
1.138328e+03 1.231648e+03 1.164813e+03 1.205162e+03
1.168788e+03 1.231297e+03 1.168114e+03 1.231972e+03
1.155071e+03 1.226806e+03 1.167322e+03 1.214555e+03
1.157078e+03 1.219400e+03 1.162589e+03 1.213889e+03
1.167309e+03 1.211580e+03 1.155656e+03 1.223233e+03
1.201180e+03 1.206270e+03 1.149325e+03 1.258125e+03
1.181614e+03 1.205734e+03 1.146484e+03 1.240865e+03
1.167634e+03 1.210689e+03 1.149048e+03 1.229276e+03
1.166244e+03 1.219931e+03 1.157177e+03 1.228997e+03
1.187371e+03 1.230673e+03 1.169107e+03 1.248937e+03
1.191141e+03 1.239489e+03 1.181668e+03 1.248962e+03
1.186285e+03 1.243529e+03 1.191360e+03 1.238454e+03
1.179010e+03 1.241575e+03 1.195592e+03 1.224992e+03
1.188513e+03 1.234525e+03 1.193644e+03 1.229394e+03
1.233125e+03 1.225109e+03 1.186969e+03 1.271266e+03
1.244042e+03 1.216926e+03 1.178720e+03 1.282249e+03
1.222072e+03 1.213136e+03 1.172623e+03 1.262586e+03
1.193766e+03 1.215305e+03 1.171630e+03 1.237441e+03
1.192260e+03 1.222823e+03 1.176828e+03 1.238256e+03
1.212980e+03 1.233141e+03 1.187030e+03 1.259091e+03
1.238306e+03 1.242725e+03 1.199216e+03 1.281815e+03
1.226330e+03 1.248392e+03 1.209663e+03 1.265058e+03
1.219505e+03 1.248514e+03 1.215357e+03 1.252662e+03
1.205801e+03 1.243634e+03 1.215140e+03 1.234294e+03
1.202818e+03 1.236241e+03 1.210153e+03 1.228906e+03
1.232050e+03 1.229785e+03 1.203411e+03 1.258424e+03
1.225561e+03 1.227339e+03 1.198599e+03 1.254301e+03
1.239337e+03 1.230338e+03 1.198624e+03 1.271051e+03
1.227734e+03 1.237977e+03 1.204431e+03 1.261280e+03
1.236987e+03 1.247465e+03 1.214560e+03 1.269892e+03
1.253655e+03 1.255069e+03 1.225643e+03 1.283081e+03
1.234039e+03 1.257560e+03 1.233673e+03 1.257925e+03
1.218241e+03 1.253506e+03 1.235573e+03 1.236175e+03
1.213364e+03 1.243915e+03 1.230452e+03 1.226828e+03
1.225351e+03 1.231943e+03 1.220059e+03 1.237234e+03
1.216104e+03 1.221772e+03 1.208230e+03 1.229646e+03
1.195047e+03 1.217058e+03 1.199497e+03 1.212608e+03
1.196250e+03 1.219533e+03 1.197390e+03 1.218394e+03
1.209057e+03 1.228300e+03 1.203056e+03 1.234301e+03
1.219943e+03 1.240115e+03 1.214760e+03 1.245298e+03
1.232783e+03 1.250568e+03 1.228459e+03 1.254892e+03
1.196899e+03 1.255748e+03 1.239294e+03 1.213353e+03
1.172855e+03 1.253766e+03 1.243442e+03 1.183179e+03
1.177658e+03 1.245549e+03 1.239630e+03 1.183577e+03
1.176326e+03 1.234596e+03 1.229730e+03 1.181192e+03
1.183003e+03 1.225740e+03 1.218177e+03 1.190566e+03
1.200789e+03 1.223359e+03 1.210375e+03 1.213774e+03
1.199184e+03 1.229677e+03 1.210667e+03 1.218194e+03
1.205234e+03 1.243795e+03 1.220619e+03 1.228410e+03
1.210697e+03 1.261838e+03 1.238249e+03 1.234286e+03
1.220656e+03 1.278180e+03 1.258541e+03 1.240295e+03
1.232227e+03 1.287361e+03 1.275091e+03 1.244497e+03
1.243189e+03 1.286005e+03 1.282317e+03 1.246877e+03
1.272565e+03 1.274074e+03 1.277469e+03 1.269170e+03
1.277107e+03 1.254996e+03 1.261694e+03 1.270409e+03
1.255165e+03 1.234607e+03 1.239780e+03 1.249992e+03
1.240622e+03 1.219268e+03 1.218639e+03 1.241251e+03
1.235324e+03 1.213802e+03 1.205048e+03 1.244078e+03
1.232329e+03 1.219940e+03 1.203420e+03 1.248849e+03
1.218440e+03 1.235817e+03 1.214378e+03 1.239879e+03
1.238574e+03 1.256651e+03 1.234610e+03 1.260615e+03
1.247870e+03 1.276357e+03 1.258030e+03 1.266197e+03
1.247222e+03 1.289520e+03 1.277823e+03 1.258919e+03
1.255382e+03 1.293052e+03 1.288654e+03 1.259779e+03
1.289537e+03 1.286996e+03 1.288288e+03 1.288246e+03
1.317370e+03 1.274245e+03 1.278088e+03 1.313527e+03
1.329819e+03 1.259331e+03 1.262282e+03 1.326867e+03
1.305708e+03 1.246765e+03 1.246311e+03 1.306162e+03
1.243344e+03 1.239511e+03 1.234875e+03 1.247980e+03
1.250451e+03 1.238127e+03 1.230391e+03 1.258187e+03
1.260474e+03 1.240822e+03 1.232353e+03 1.268942e+03
1.250508e+03 1.244345e+03 1.237797e+03 1.257056e+03
1.250484e+03 1.245350e+03 1.242610e+03 1.253224e+03
1.247451e+03 1.241698e+03 1.243187e+03 1.245962e+03
1.235346e+03 1.233250e+03 1.237799e+03 1.230797e+03
1.242006e+03 1.221880e+03 1.227206e+03 1.236680e+03
1.243147e+03 1.210751e+03 1.214323e+03 1.239576e+03
1.259058e+03 1.203145e+03 1.203099e+03 1.259103e+03
1.241521e+03 1.201285e+03 1.197067e+03 1.245739e+03
1.223536e+03 1.205572e+03 1.198075e+03 1.231033e+03
1.237280e+03 1.214477e+03 1.205668e+03 1.246090e+03
1.251994e+03 1.225103e+03 1.217293e+03 1.259803e+03
1.274288e+03 1.234188e+03 1.229229e+03 1.279247e+03
1.264812e+03 1.239183e+03 1.237870e+03 1.266124e+03
1.238274e+03 1.239032e+03 1.240915e+03 1.236391e+03
1.231457e+03 1.234433e+03 1.238049e+03 1.227841e+03
1.239905e+03 1.227493e+03 1.230927e+03 1.236471e+03
1.242451e+03 1.220968e+03 1.222508e+03 1.240911e+03
1.259303e+03 1.217336e+03 1.216003e+03 1.260635e+03
1.256844e+03 1.218022e+03 1.213821e+03 1.261045e+03
1.237182e+03 1.223006e+03 1.216839e+03 1.243349e+03
1.240836e+03 1.230895e+03 1.224221e+03 1.247510e+03
1.243947e+03 1.239401e+03 1.233769e+03 1.249578e+03
1.223558e+03 1.246051e+03 1.242674e+03 1.226935e+03
1.237474e+03 1.248900e+03 1.248367e+03 1.238007e+03
1.241651e+03 1.247055e+03 1.249247e+03 1.239460e+03
1.250633e+03 1.240890e+03 1.245061e+03 1.246462e+03
1.228173e+03 1.231931e+03 1.236914e+03 1.223190e+03
1.210879e+03 1.222468e+03 1.226925e+03 1.206423e+03
1.209255e+03 1.215006e+03 1.217680e+03 1.206581e+03
1.219320e+03 1.211674e+03 1.211623e+03 1.219372e+03
1.212945e+03 1.213732e+03 1.210515e+03 1.216163e+03
1.222427e+03 1.221247e+03 1.215053e+03 1.228620e+03
1.231005e+03 1.233025e+03 1.224707e+03 1.239324e+03
1.227076e+03 1.246823e+03 1.237786e+03 1.236113e+03
1.229777e+03 1.259809e+03 1.251749e+03 1.237837e+03
1.215473e+03 1.269219e+03 1.263713e+03 1.220979e+03
1.229726e+03 1.273059e+03 1.271109e+03 1.231677e+03
1.244753e+03 1.270691e+03 1.272345e+03 1.243098e+03
1.237487e+03 1.263120e+03 1.267320e+03 1.233287e+03
1.219311e+03 1.252859e+03 1.257616e+03 1.214553e+03
1.236966e+03 1.243344e+03 1.246247e+03 1.234063e+03
1.235769e+03 1.238003e+03 1.236949e+03 1.236823e+03
1.249119e+03 1.239215e+03 1.233151e+03 1.255182e+03
1.254882e+03 1.247459e+03 1.236888e+03 1.265453e+03
1.248984e+03 1.260945e+03 1.247986e+03 1.261943e+03
1.236951e+03 1.275897e+03 1.263828e+03 1.249020e+03
1.233377e+03 1.287468e+03 1.279849e+03 1.240995e+03
1.249200e+03 1.291080e+03 1.290700e+03 1.249580e+03
1.269677e+03 1.283814e+03 1.291781e+03 1.261710e+03
1.265806e+03 1.265419e+03 1.280709e+03 1.250515e+03
1.253412e+03 1.238614e+03 1.258245e+03 1.233781e+03
1.255314e+03 1.208545e+03 1.228345e+03 1.235513e+03
1.228833e+03 1.181509e+03 1.197272e+03 1.213070e+03
1.215925e+03 1.163300e+03 1.177508e+03 1.201717e+03
