-1.154585146954146380e+00
-1.154585146954146380e+00
-1.154585146954146380e+00
-1.154585146954146380e+00
-1.154585146954146380e+00
-1.864126949435714220e+00
-1.108224114267616578e+00
-4.648135543257790325e-01
-1.650369089382539567e+00
-4.444437566255581729e+00
-6.650409888474679398e+00
-7.729207478656380026e+00
-8.274007742376900509e+00
-8.723367989513102216e+00
-7.518247056287157726e+00
-7.386982715354041495e+00
-6.943156832119998789e+00
-7.142073014186290258e+00
-7.332553351803568376e+00
-8.934396236862149010e+00
-9.633362932918888788e+00
-1.058240589078464922e+01
-1.001186550441114242e+01
-8.142541097937401773e+00
-6.337702836705633835e+00
-5.149560045008429121e+00
-5.089788218160459010e+00
-6.566106926268440169e+00
-8.890988239927155590e+00
-9.737406480188903757e+00
-9.813071714278606805e+00
-9.286981223001909314e+00
-8.264056639311982977e+00
-7.868761903256618950e+00
-8.034268190061780501e+00
-9.324891007105337692e+00
-1.034643615586553977e+01
-1.140949298829807113e+01
-1.140336759345072082e+01
-1.190089517575967371e+01
-1.059253131707632534e+01
-8.789109423387465370e+00
-6.098746380821354229e+00
-2.862792944946586093e+00
1.362729033289759251e+00
4.539820614758443007e+00
7.099574876197013218e+00
9.233322030335601838e+00
1.112710273685385687e+01
1.241231198724296192e+01
1.353035749151257505e+01
1.399655264452822223e+01
1.340555005950334433e+01
1.242572619445590121e+01
1.187208955664190313e+01
1.178131609933405244e+01
1.220359217756781689e+01
1.310945148973762642e+01
1.364286383640988731e+01
1.347578402333555836e+01
1.297464586079866855e+01
1.287506287659082638e+01
1.334103355123346901e+01
1.399848574134241019e+01
1.471447239963648279e+01
1.490368226515740524e+01
1.414045918909062216e+01
1.261521184833194553e+01
1.222285874801467465e+01
1.263952869117724553e+01
1.309020053488177560e+01
1.370088020496439185e+01
1.418295761675644506e+01
1.335397782021028767e+01
1.232917819122758729e+01
1.247090407395999101e+01
1.367936470613456024e+01
1.522550021354393301e+01
1.626256911489980439e+01
1.549694369858501197e+01
1.268424569052433171e+01
8.183085406178662424e+00
3.460113552339997511e+00
-3.023452404336325339e-01
-2.119348196825495467e+00
-3.377431659241286521e+00
-4.835950246328692081e+00
-6.014193762362586071e+00
-7.137275946572510854e+00
-9.089861740927245748e+00
-1.124133797932039691e+01
-1.199179053694992447e+01
-1.264527880637231227e+01
-1.402974901168803967e+01
-1.439975121175031880e+01
-1.344087908841690115e+01
-1.153201820937806055e+01
-9.470936491074642305e+00
-6.992822845214502259e+00
-5.800072470266986358e+00
-6.975009121297731873e+00
-9.316063047308668743e+00
-1.119227374230686678e+01
-1.220584423234780047e+01
-1.275601696189773371e+01
-1.180402548422341269e+01
-1.081104277282320503e+01
-1.060313838036336875e+01
-1.096419911279444115e+01
-1.085239476223607369e+01
-1.108435104780713765e+01
-1.070552182478724035e+01
-1.066009667064310662e+01
-1.179600323309721333e+01
-1.320355848239170093e+01
-1.350184840286194010e+01
-1.303039895441680329e+01
-1.205692590595356251e+01
-9.854194477393670937e+00
-8.913944407036769491e+00
-9.602726615202564986e+00
-1.086631195453009724e+01
-1.127369600430618846e+01
-9.982065345001272405e+00
-6.110792972796874167e+00
-4.682269336350440847e-01
4.544747220915023256e+00
8.150013592502443061e+00
9.638981732082239517e+00
9.983242968680459128e+00
9.926928298908766379e+00
1.052617871903302316e+01
1.113808931499801247e+01
1.186753127718782963e+01
1.198340077533300096e+01
1.171953350195125054e+01
1.121273331752962754e+01
1.134457864953667183e+01
1.204942796565845953e+01
1.257188779098719955e+01
1.307754159102205804e+01
1.318549685590451759e+01
1.272082393656869215e+01
1.212137979805203258e+01
1.193491800673233705e+01
1.218943325278610601e+01
1.216546637767264727e+01
1.255082153961340197e+01
1.298619747328356056e+01
1.349501150891947532e+01
1.360336968733774121e+01
1.381131494846796137e+01
1.373938531250031048e+01
1.354993071840294583e+01
1.307278470021561922e+01
1.308826407640826339e+01
1.380678874326147110e+01
1.467835942283248230e+01
1.473710638648693205e+01
1.341519354782803397e+01
1.090487250394308560e+01
7.136809220092302120e+00
2.851031611997359771e+00
-2.424012495673196765e-01
-2.615449081264650921e+00
-4.957934498098884646e+00
-6.161990792641053538e+00
-6.291280429181727918e+00
-7.033749625789891269e+00
-8.237960422263984839e+00
-7.488828069337433391e+00
-6.937012556142297726e+00
-7.002233537019216136e+00
-7.534867977518918458e+00
-6.985963613403662009e+00
-7.579689874540173733e+00
-8.486379317144976397e+00
-8.502328968755913152e+00
-8.177103616501405270e+00
-8.570130508775411826e+00
-9.728053676897051361e+00
-9.186536180120427275e+00
-9.558884643432543626e+00
-9.662780371495852449e+00
-9.170410734307600009e+00
-8.545753685048300241e+00
-9.034977792303664046e+00
-9.737015538607600718e+00
-9.647145094534744558e+00
-9.742162756722532180e+00
-8.984542799112389844e+00
-8.386312090708203826e+00
-8.037550382436885243e+00
-8.880681987504194908e+00
-1.006087329112457951e+01
-1.177249612265848278e+01
-1.216066352236609838e+01
-1.196332735229273148e+01
-1.143994821467443934e+01
-1.100146444486470365e+01
-9.113838067578900137e+00
-6.987168549392484884e+00
-3.549149114361263013e+00
8.545008086449167317e-01
5.957939064322506084e+00
9.113149222875794209e+00
1.110877208963043294e+01
1.142520644232611993e+01
1.104275587977403816e+01
1.044376801630013318e+01
1.096725434807787813e+01
1.221582428736122239e+01
1.346866033184046252e+01
1.398954603288903797e+01
1.372409319208444067e+01
1.301570939362455270e+01
1.206113054381255267e+01
1.183433983910981091e+01
1.224252051271115604e+01
1.277420210426783242e+01
1.284060428892492567e+01
1.276879820769824825e+01
1.238356331243576847e+01
1.219401673884193116e+01
1.224328829677491193e+01
1.239716179150229181e+01
1.195276693285017267e+01
1.186211125874314831e+01
1.215071367774092437e+01
1.304695873368820003e+01
1.411087380560422844e+01
1.502028851951710031e+01
1.416170601482967228e+01
1.021728618715294346e+01
4.459163249683374630e+00
-1.659156678347407432e+00
-6.275178244874402012e+00
-8.902027778220350740e+00
-8.529034539523298264e+00
-6.560702850284789278e+00
-5.256474067050366017e+00
-5.638731336418169704e+00
-7.880011834610360921e+00
-1.028451611787547648e+01
-1.218127688118756069e+01
-1.288900805686891360e+01
-1.247690638817915598e+01
-1.120209787778154720e+01
-1.083126091303006966e+01
-1.156935994018006397e+01
-1.197476424540920981e+01
-1.261651199645587162e+01
-1.359550462062181886e+01
-1.363377245856724151e+01
-1.315387735763433597e+01
-1.269152450636068785e+01
-1.302984297622187171e+01
-1.266090410597818128e+01
-1.333228976293230517e+01
-1.357154201291275797e+01
-1.425670972285450411e+01
-1.373757074819827473e+01
-1.353170799272559144e+01
-1.246494813451012185e+01
-1.232440456754519786e+01
-1.253487055447471121e+01
-1.334104129054231258e+01
-1.361592952712839732e+01
-1.293501873548888348e+01
-1.013493764380312712e+01
-5.572854714513296059e+00
-5.913954349948817857e-01
4.022368972676487964e+00
7.506733558936486972e+00
8.799331778026880713e+00
8.801044816963832673e+00
8.546700712994493188e+00
8.902762961606260461e+00
9.501046340267057744e+00
9.991679432169638275e+00
1.032511910174081571e+01
1.045126147329506416e+01
1.049026872337962502e+01
1.091058152473486942e+01
1.187611044287523576e+01
1.275076698911559170e+01
1.257855297597332545e+01
1.197325513485816195e+01
1.166300407088005464e+01
1.188255336182002253e+01
1.229206674647837616e+01
1.315101708734570884e+01
1.375980243034120498e+01
1.344578543528849401e+01
1.249991117277873265e+01
1.191694859290990927e+01
1.256922850235895339e+01
1.372570469146360495e+01
1.454976199638856471e+01
1.317549672904852898e+01
9.759802418933897883e+00
4.524874844196058454e+00
-1.214126673139455104e+00
-4.799460535014639539e+00
-5.901702547210343042e+00
-5.484083183086915447e+00
-6.243729180784116650e+00
-7.042868507067758799e+00
-1.021333273295694077e+01
-1.300238509575264167e+01
-1.460220214221407886e+01
-1.336371036170509896e+01
-1.120209826952735099e+01
-9.546087375959553256e+00
-8.507474059431601177e+00
-9.793247929757885828e+00
-1.162441715075244275e+01
