-2.545086287448456019e+01
-2.563154526355789287e+01
-2.543905719634634011e+01
-2.512389554725674401e+01
-2.296955896402917574e+01
-2.151114472230753449e+01
-2.179637233811110875e+01
-2.307243485977180697e+01
-2.405454401195095215e+01
-2.400718419789623326e+01
-2.314412546094042611e+01
-2.233612447679040613e+01
-2.208458337134005944e+01
-2.236458993781391058e+01
-2.309518401788551856e+01
-2.370840054529018559e+01
-2.377683119516509080e+01
-2.317935579516228373e+01
-2.253312486231721579e+01
-2.218236020646406459e+01
-2.250216789302434961e+01
-2.314186808660668859e+01
-2.377054098112420988e+01
-2.404147213206734079e+01
-2.380385100461082004e+01
-2.331684189943311125e+01
-2.303886323586170093e+01
-2.321913105329369387e+01
-2.357917471481362526e+01
-2.384478260645834524e+01
-2.382234778678790121e+01
-2.352165434005220845e+01
-2.328134085195308245e+01
-2.326508695230805301e+01
-2.360636786918978203e+01
-2.397493396518388664e+01
-2.413495208133736369e+01
-2.378544293575628288e+01
-2.334542202788647103e+01
-2.310512042733471461e+01
-2.340906169585524310e+01
-2.398809209853120095e+01
-2.455842419344917005e+01
-2.479943717193749819e+01
-2.466543194675269035e+01
-2.424728565603837893e+01
-2.408269361859751712e+01
-2.447211215970424547e+01
-2.509475397898586024e+01
-2.529305644804574271e+01
-2.498545309649648516e+01
-2.436277363222019687e+01
-2.364309723626508131e+01
-2.335335588227763992e+01
-2.394755493438626814e+01
-2.506080233223595499e+01
-2.557788812072837104e+01
-2.462519529132445228e+01
-2.196345721477284485e+01
-1.789853773971233153e+01
-1.263330547199440446e+01
-6.678050376029241342e+00
-1.068797569803139780e+00
4.641245786163743503e+00
1.062023036838799150e+01
1.627018537347600358e+01
2.028369187440801724e+01
2.392054058961754137e+01
2.650973430737083092e+01
2.724807471971353223e+01
2.736203557971547795e+01
2.814547357108918035e+01
2.885278488198443370e+01
2.932296032209439574e+01
3.012411389262343420e+01
3.058711592582911365e+01
3.074154477778226990e+01
3.122577731763139042e+01
3.190353830612924924e+01
3.259941980162802366e+01
3.307227297071194272e+01
3.294502577489857487e+01
3.224787239513692327e+01
3.162181581031919464e+01
3.110082095544924385e+01
3.089148719130844967e+01
3.121151025367209897e+01
3.176632287892346085e+01
3.209433067202066070e+01
3.217491125281318176e+01
3.249751606048394592e+01
3.296236558996795907e+01
3.317966720035213513e+01
3.326761875242861777e+01
3.307693075945805106e+01
3.246937012849606674e+01
3.152509754713838674e+01
3.100548557875287869e+01
3.112036871231632418e+01
3.165744401613241976e+01
3.223789227326682294e+01
3.266744386409757794e+01
3.276409458578284273e+01
3.249374929267584378e+01
3.226228943877968192e+01
3.224772866074971489e+01
3.233921014866528765e+01
3.236007821115451577e+01
3.232473495626307880e+01
3.213411549173697068e+01
3.203848981481018399e+01
3.219583957207414215e+01
3.247443251159224786e+01
3.272602773823596323e+01
3.280312630295639309e+01
3.257743997918926482e+01
3.202240322145556206e+01
3.165639102518406034e+01
3.156354436178412826e+01
3.173355017794176547e+01
3.208435289491335851e+01
3.262942883186683929e+01
3.326669044555738708e+01
3.404743073963075517e+01
3.509726762216772755e+01
3.609699668597452415e+01
3.690440237770914678e+01
3.702865877385860927e+01
3.684768206616688246e+01
3.661353860491028911e+01
3.692584874021878250e+01
3.733920076527158471e+01
3.794283234522395531e+01
3.828991659581794238e+01
3.807967582068039292e+01
3.724380568253484824e+01
3.679048616872081112e+01
3.728122308557018272e+01
3.808860773400756017e+01
3.802039174300022495e+01
3.560700134332020639e+01
2.981779029619927357e+01
2.054692190210435498e+01
9.730867529059155530e+00
-7.110021978458685998e-02
-6.225023612377407645e+00
-9.118445542834590967e+00
-9.682868451612176131e+00
-9.483979090818440483e+00
-1.006315172312942963e+01
-1.249085655867355626e+01
-1.528543319292944958e+01
-1.748003605706985653e+01
-1.839663912538439661e+01
-1.829919879618044121e+01
-1.754390875574510034e+01
-1.773521706487937522e+01
-1.899178939499491037e+01
-2.093176764716970339e+01
-2.258436453928310428e+01
-2.332224749428752020e+01
-2.336079564303628331e+01
-2.313834295035751865e+01
-2.312622341291318051e+01
-2.365220065429236485e+01
-2.479365593736363138e+01
-2.587763137373934441e+01
-2.635670898761371106e+01
-2.624926800276345773e+01
-2.617222639208027246e+01
-2.630549257530009655e+01
-2.677475686540205402e+01
-2.747451916959182938e+01
-2.812743298823131610e+01
-2.834073834884296872e+01
-2.818988557011623186e+01
-2.811776913544288092e+01
-2.837296857697226926e+01
-2.881176168894614520e+01
-2.927406964771059350e+01
-2.970006855146518987e+01
-2.988681007240584364e+01
-2.977496569339504617e+01
-2.963024328409158059e+01
-2.974615844505170870e+01
-3.011522858744452691e+01
-3.051974920455693407e+01
-3.078146087365341543e+01
-3.084547799630021103e+01
-3.078430429397167245e+01
-3.073273948136405664e+01
-3.082047957884851641e+01
-3.111412013843752433e+01
-3.146247462689667884e+01
-3.161657621860203093e+01
-3.152923122817316681e+01
-3.143884456809546535e+01
-3.145961035855668086e+01
-3.157240040825237770e+01
-3.182892318475723314e+01
-3.223175697006097806e+01
-3.246673550471667369e+01
-3.228119496800267285e+01
-3.193328092484383163e+01
-3.186802744315376756e+01
-3.207074111973783914e+01
-3.237859218067981715e+01
-3.261258815866543159e+01
-3.232002456741192020e+01
-3.063449347210025309e+01
-2.686586946494882611e+01
-2.150213832622236509e+01
-1.477011896293323545e+01
-7.221235954503666399e+00
5.928594392365136301e-01
6.906388827194663627e+00
1.156980951254018564e+01
1.448044492007459638e+01
1.625543947501032349e+01
1.713378020092938314e+01
1.804116380972288880e+01
1.907694098350872380e+01
2.063268591735300106e+01
2.209990758772236674e+01
2.341890703277051600e+01
2.384129627567063991e+01
2.376935015795851314e+01
2.299244664506943181e+01
2.241428275625446176e+01
2.221376014027909562e+01
2.271578914257890958e+01
2.370647954702367244e+01
2.464090318759659937e+01
2.518342316576409701e+01
2.488395711422630185e+01
2.403704752395340805e+01
2.289275495943009275e+01
2.199603275127721247e+01
2.154420441659289409e+01
2.161600109955259796e+01
2.218920017638220799e+01
2.264699285309819388e+01
2.289486261824699298e+01
2.302558919321628395e+01
2.310772098510037864e+01
2.314913004026207233e+01
2.327009500359646310e+01
2.345300563035817731e+01
2.347134551088772625e+01
2.352590222165807177e+01
2.359333583783557131e+01
2.366570801664483881e+01
2.381893418881001878e+01
2.398875227140404576e+01
2.408322732494668372e+01
2.397987603552764213e+01
2.389661914897755324e+01
2.372143520531723127e+01
2.369755786569115941e+01
2.378233782033956700e+01
2.399300438583518158e+01
2.400652656330517587e+01
2.386448444593985485e+01
2.358429729074662262e+01
2.329576749389939749e+01
2.318762035382483333e+01
2.342732389609108878e+01
2.393949578727151106e+01
2.463245267788821025e+01
2.540652439610292745e+01
2.616865404671884576e+01
2.679496901122436014e+01
2.746255246232685820e+01
2.792832442456791853e+01
2.850431780641503110e+01
2.908443713975403000e+01
2.964682231946012791e+01
2.988272989054021522e+01
2.946630905953662705e+01
2.745566404739802735e+01
2.313707106966809945e+01
1.639551616655298361e+01
8.357312830646662860e+00
-4.856293394186018686e-01
-8.647188946914868168e+00
-1.448795825437048634e+01
-1.792138690041754856e+01
-1.976547597807350698e+01
-2.064410491011082982e+01
-2.085707674049149318e+01
-2.207541378585814584e+01
-2.392495419731930895e+01
-2.552583996407381761e+01
-2.671576560018100110e+01
-2.748773717093942182e+01
-2.787030615612843221e+01
-2.815022794024197594e+01
-2.910409722172766678e+01
-3.024306330587119618e+01
-3.138956858989565646e+01
-3.207043210647811549e+01
-3.240988237683791340e+01
-3.251506009731763669e+01
-3.266467546423183421e+01
-3.302773189985198599e+01
-3.366239623576456808e+01
-3.458711443368854077e+01
-3.507706358035713379e+01
-3.515690016758553327e+01
-3.509247021508117825e+01
-3.534469752378613094e+01
-3.590022258646966691e+01
-3.660570554639800633e+01
-3.722722665320446822e+01
-3.715192428000149505e+01
-3.559842323739898262e+01
-3.179755329734225455e+01
