-3.984790503297608311e+00
-3.984790503297608311e+00
-3.984790503297608311e+00
-3.984790503297608311e+00
-3.984790503297608311e+00
-3.984790503297608311e+00
-3.984790503297608311e+00
-3.984790503297608311e+00
-3.984790503297608311e+00
-3.984790503297608311e+00
-3.984790503297608311e+00
-4.948984352854640889e+00
-7.568543898519799917e+00
-9.628817734551644136e+00
-1.119596035765368569e+01
-1.000664316191947378e+01
-8.033440341296547160e+00
-9.103339683316612252e+00
-1.020058744850217103e+01
-9.359187195113989333e+00
-1.031255921467500869e+01
-8.849489318317974806e+00
-8.662978146921572531e+00
-8.966611392252042734e+00
-7.987812634999507111e+00
-8.344880544988637183e+00
-1.023107844519662102e+01
-1.065034670205572098e+01
-1.112798093851997550e+01
-8.388737281098618936e+00
-4.842706977940962609e+00
-3.001811468045432640e+00
-1.834445302229886554e+00
-2.088347930860150026e+00
-5.988495684905501548e+00
-6.724898665835333134e+00
-7.494629587740591070e+00
-8.737937681238006959e+00
-8.075730799737169008e+00
-7.570165484215777951e+00
-8.909500733293455710e+00
-1.203722139815139514e+01
-1.014175028685270341e+01
-8.986034188853093241e+00
-4.320474999206150635e+00
5.845142798288054387e-01
5.049597534164581347e+00
7.278238840384702257e+00
7.339920990699370762e+00
8.042942951592614520e+00
1.244893089049018897e+01
1.107871705295381304e+01
1.177935940412031002e+01
1.174172204268941577e+01
1.232850308441822840e+01
1.177573609115474262e+01
1.187442311814867679e+01
1.322229397788346361e+01
1.208242534244579680e+01
1.220536413788708607e+01
1.190120604669820636e+01
1.184051505122601178e+01
1.278495403992535984e+01
1.318524122611126081e+01
1.485029325126618538e+01
1.399514194576898518e+01
1.188154708087486355e+01
8.299932573651631174e+00
9.581634971055917660e+00
8.638893254368518626e+00
1.004603407767917922e+01
1.135599200894438709e+01
1.080802797044224306e+01
1.054669584472481425e+01
9.181131845896306487e+00
7.119273296116443994e+00
6.845890689885996139e+00
8.288224610115680235e+00
9.312257185924092795e+00
9.284944350599605656e+00
7.870658454677682769e+00
9.269818526811414827e+00
8.474658774108759118e+00
7.932210744842944194e+00
7.725952108556069398e+00
6.330195393830282846e+00
1.705873880095852613e+00
-1.554521155347813988e+00
-5.113051100971377494e+00
-8.752463899678998516e+00
-8.258173371332580004e+00
-8.435276211107201050e+00
-1.128104256207507383e+01
-1.185137540660263511e+01
-9.721483625306888143e+00
-1.227269630373693943e+01
-9.481683828336922915e+00
-3.521210797244346935e+00
-6.102939705872310050e-01
-2.780201664215110058e-01
-1.854762886884893547e+00
-8.336120614631777670e+00
-1.252729074398179598e+01
-1.458836558148233742e+01
-1.292508735970590905e+01
-9.091926038857332415e+00
-6.252295493518353453e+00
-7.534294128934111434e+00
-1.313904842745819934e+01
-1.519427816955231059e+01
-1.867220429417158911e+01
-2.026874204524328249e+01
-1.439002050046193304e+01
-1.048899343555299346e+01
-7.472141400573438119e+00
-6.681796300737404160e+00
-7.713215124374317000e+00
-1.036912605037712964e+01
-1.084944415857854239e+01
-1.093582529178590335e+01
-1.054690542686707744e+01
-8.235187157903517630e+00
-7.623930834109851951e+00
-7.932247262625081952e+00
-9.269260497114720110e+00
-7.622816247795879185e+00
-2.956203761278998421e+00
-1.363685895944366067e+00
4.062898402662020736e+00
5.756915046450544970e+00
6.288713647385424821e+00
6.947984998117892275e+00
6.618495959466596190e+00
6.460560930531499935e+00
6.834999722957723733e+00
7.163532822326590832e+00
7.689626519969086083e+00
8.921078010975787009e+00
7.659102145768825309e+00
8.028099894898913291e+00
8.541973211142513733e+00
9.350624065548306163e+00
7.438777440666729746e+00
8.932285543241592407e+00
1.026203750650376989e+01
9.778827244515170491e+00
1.025475865666455100e+01
1.240156173593648958e+01
1.254054733823307721e+01
1.318456643465549405e+01
1.194903807716931254e+01
1.289334581667904445e+01
1.180630757234461292e+01
1.282102378887194050e+01
1.299820439874529399e+01
1.356066647516076351e+01
1.342479384988523528e+01
1.296749755043443031e+01
1.364302277733804658e+01
1.373797092987335411e+01
1.409470830008837972e+01
1.589114998912915411e+01
1.528639471952031492e+01
1.618261022644604807e+01
1.463773997158731177e+01
1.189027664231856818e+01
6.452173442542957105e+00
1.116037861403186504e+00
-5.358221586084614962e+00
-7.637741498069236634e+00
-8.000012383466287957e+00
-1.057257162793880845e+01
-7.311088876938736547e+00
-7.812464461362212731e+00
-1.059091378169964237e+01
-1.071454626857058656e+01
-9.098671875622567740e+00
-8.865669695158622687e+00
-6.504697959396613882e+00
-4.199894607510411326e+00
-4.412858996118834476e+00
-5.198363087143257566e+00
-4.372754929265429524e+00
-6.510056019679293371e+00
-7.272807578407906703e+00
-7.137286991072395281e+00
-7.237908227639013425e+00
-9.416254812281106723e+00
-8.538223076536480605e+00
-8.217871519949756731e+00
-7.415650684051334984e+00
-7.554039714697229790e+00
-7.969227111650477369e+00
-6.555744400842770325e+00
-9.131965131790977352e+00
-8.468338397958714125e+00
-7.552786232202114647e+00
-7.349453651335172921e+00
-8.419773395027251084e+00
-8.231867964971549156e+00
-6.892042250080471888e+00
-8.542630224406723372e+00
-9.584529515847185266e+00
-6.773218191447011094e+00
-3.155115427198110556e+00
-7.802367815483530755e-01
3.916723254179362623e+00
6.936233908849182228e+00
9.507089615537175575e+00
9.636551876095778013e+00
1.096946871742069796e+01
1.302447569987987031e+01
1.356002180580867744e+01
1.283219705343658568e+01
1.429908525863398339e+01
1.377580374989531897e+01
1.183237991054908100e+01
1.091340442843634939e+01
1.057009730259333402e+01
1.144028549006048223e+01
1.051829323910145142e+01
1.259754015384909209e+01
1.343834783155665669e+01
1.253603017880039161e+01
1.349386199158100652e+01
1.117193229987936753e+01
8.469545875286616621e+00
8.877439638067459171e+00
8.155420692302497443e+00
8.653009311503911505e+00
1.108458908084250893e+01
1.195793441443633576e+01
1.086535058724693137e+01
1.017159418298220608e+01
7.364039122488616584e+00
2.420549436321826953e+00
1.233502622771630808e+00
-2.020905984204660832e+00
-3.550380972871328034e+00
-6.297285066524969110e+00
-6.079791893189577578e+00
-8.609385911105983169e+00
-7.919767496589086520e+00
-5.307904002806850485e+00
-4.521888770150254366e+00
-5.191050270262516975e+00
-5.947399524864905196e+00
-8.774723846894865176e+00
-1.097332013444743026e+01
-1.271611666310927191e+01
-1.236875676122419598e+01
-9.880446626159859136e+00
-7.850928465515819354e+00
-9.752889096724949525e+00
-6.821015910646497815e+00
-6.791924624131222998e+00
-7.195563828334018197e+00
-6.186307591945745088e+00
-5.823948705278493954e+00
-7.170559192271516835e+00
-8.847105074712963813e+00
-8.493501453983766325e+00
-8.075531229448730031e+00
-7.228512787928943695e+00
-7.807949136757507347e+00
-5.665305852940823783e+00
-5.513185113662638415e+00
-9.318418237931002324e+00
-1.274057790518548394e+01
-1.106145490960022570e+01
-9.206509140040166628e+00
-3.944917470466935860e+00
3.579710284315611446e-01
6.300991284814398519e+00
6.021671526982911082e+00
2.303193608719826813e-01
-3.490389233510378553e+00
-7.387505271356010539e+00
-1.153032377801969943e+01
-7.251244110176823021e+00
-2.992110934201511974e+00
1.210146292728355277e+00
5.416739953244791295e+00
5.446589401403399755e+00
6.085872048756984398e+00
7.787350816015580435e+00
1.086586714931973319e+01
1.212127123493619862e+01
1.299609753793768441e+01
1.438839738171107285e+01
1.325397388477511917e+01
1.303474550630619788e+01
1.190442631077540447e+01
1.303158044044333685e+01
1.481214353401214723e+01
1.607541938168016671e+01
1.693303055948302926e+01
1.503928736518543730e+01
1.450732701795670287e+01
1.465244827122345583e+01
1.530813812228778303e+01
1.570820643253880355e+01
1.527071060459673824e+01
1.272676335464073816e+01
8.793678116568777625e+00
4.719315429563507358e+00
-5.867946177601464086e-01
-4.245081892002105839e+00
-6.375684099101066593e+00
-6.063311218872106778e+00
-5.362331225718293126e+00
-4.548161933254238676e+00
-6.750289481513060963e+00
-6.287990323314717855e+00
-7.347934408990440147e+00
-6.389623992640503403e+00
-7.130393407037046494e+00
