-1.196772516389784613e+01
-1.196772516389784613e+01
-1.196772516389784613e+01
-1.196772516389784613e+01
-1.196772516389784613e+01
-1.239080729882696907e+01
-1.242400296162357343e+01
-1.084762330547994047e+01
-8.932444849251639951e+00
-8.607332076279851307e+00
-8.685494522825711883e+00
-8.613204103133325518e+00
-8.727554998858398250e+00
-9.530700538784218523e+00
-8.975264182160154647e+00
-7.547555168464008979e+00
-7.099992161247636879e+00
-7.640402710789862439e+00
-8.997929872407290475e+00
-1.116299806043013731e+01
-1.265248700819972960e+01
-1.336365619587341946e+01
-1.317537866941557034e+01
-1.237177927517840104e+01
-1.086455811702975005e+01
-9.788894951716752502e+00
-1.006452970131586788e+01
-1.036018668460875070e+01
-1.047621848852931592e+01
-1.159614078864790621e+01
-1.345591880760428971e+01
-1.587856978112152717e+01
-1.752576689771466434e+01
-1.812939953811014959e+01
-1.727898940010214091e+01
-1.410247501547916826e+01
-1.135530311898846811e+01
-8.168302695255780677e+00
-6.497927345612541039e+00
-7.679956597066752266e+00
-1.001637976097270766e+01
-1.201598514643415250e+01
-1.165116199245295725e+01
-9.620968504048473591e+00
-7.070837915146604757e+00
-5.529667874133721739e+00
-5.729035082363288289e+00
-8.149848142959353225e+00
-1.129553407232586970e+01
-1.338168479326931148e+01
-1.360776100386660126e+01
-1.177894658947559492e+01
-8.808531870467797731e+00
-6.802694684660576918e+00
-5.961644372401080361e+00
-6.376838582172958958e+00
-8.014026532286358417e+00
-8.595920447301523382e+00
-7.656152850578656910e+00
-6.704067829509547494e+00
-5.266370830349269561e+00
-2.551741366681692380e+00
4.428158470240453060e-01
2.220097860587201932e+00
4.079718186508450195e+00
6.024645925287149595e+00
7.374867667849046349e+00
9.118774522146576800e+00
1.097628216709091120e+01
1.226077316661758054e+01
1.365430342172397005e+01
1.473720861340051869e+01
1.458705231693143389e+01
1.442050395451058797e+01
1.370512035015839203e+01
1.302449051443081629e+01
1.238544254812648227e+01
1.299580996498942831e+01
1.373900429970388970e+01
1.336113574381592706e+01
1.292310183870398888e+01
1.352050925086900079e+01
1.360728490068705199e+01
1.290711635703894089e+01
1.345228787540144211e+01
1.439147424469899406e+01
1.400384832608320806e+01
1.319214505800182557e+01
1.343520900569968468e+01
1.362828982562014701e+01
1.372984275535884180e+01
1.380370008313328789e+01
1.326384006133570281e+01
1.266908393612962946e+01
1.173203664077405861e+01
1.070267503322381764e+01
9.396713140285653409e+00
8.137360995003685815e+00
7.106586114657610587e+00
5.727390471461025534e+00
3.653780397023037807e+00
1.503628157390144882e+00
-7.874525418640354602e-02
-1.351319874573990054e+00
-3.261038882937136840e+00
-5.946038747166777050e+00
-7.788601533218324491e+00
-7.674480304094368321e+00
-7.684949993226391385e+00
-7.676996577238962338e+00
-7.096372180662235962e+00
-8.013145966371526541e+00
-9.711936093089008182e+00
-1.074627741051251206e+01
-1.044211652783308253e+01
-9.866475687135846329e+00
-9.525292020812287319e+00
-8.082749640168586325e+00
-8.144234395047707409e+00
-9.167593675391993102e+00
-9.175173032528739725e+00
-9.903003668253933967e+00
-1.091857422696845781e+01
-1.030787390762209910e+01
-9.003595858058490720e+00
-9.057790962895257536e+00
-9.438697282884239925e+00
-9.798755071241707526e+00
-1.129271239173002783e+01
-1.281357967010043808e+01
-1.286467891608070602e+01
-1.149475836614233870e+01
-9.740305686584296296e+00
-8.692798448763610963e+00
-7.802060766015265436e+00
-7.246215572125310089e+00
-7.185471717418365323e+00
-6.571041074943273941e+00
-5.187146319010421891e+00
-3.350230787345025441e+00
-1.012794468555783478e+00
1.332534951492668540e+00
3.122766483934398707e+00
4.734828830372183717e+00
6.065357389204145910e+00
7.124599265756248911e+00
9.301492989102037257e+00
1.065036698352839295e+01
1.111520686230497468e+01
1.276107050813551780e+01
1.433229292978899672e+01
1.469594747402373613e+01
1.411596597061700642e+01
1.403975607631610423e+01
1.409257440625688140e+01
1.415181252080074259e+01
1.479186785479494048e+01
1.563610938104983994e+01
1.608788360367202230e+01
1.584343497718860050e+01
1.603209316952256813e+01
1.638432983908029428e+01
1.731324873571023559e+01
1.772586847368155105e+01
1.729723766226862480e+01
1.682822841617138820e+01
1.648397077350779938e+01
1.645764925861724493e+01
1.662602586791037140e+01
1.621569014508509099e+01
1.576190857761744724e+01
1.610736016371440726e+01
1.667774309855457560e+01
1.680358219842494094e+01
1.732629400998570546e+01
1.811009440405919690e+01
1.753623072504250402e+01
1.588021238667539414e+01
1.434111230783585000e+01
1.281991504183668695e+01
1.062846881435680757e+01
7.794440958599309077e+00
5.036701867488286410e+00
2.116003288059842724e+00
-1.019423782866140549e+00
-3.727643803944914680e+00
-6.098770875398195734e+00
-7.568696082412894377e+00
-7.706489541538260823e+00
-6.187068234373820808e+00
-5.222692048394144138e+00
-4.848214886572593585e+00
-4.924985337826167431e+00
-5.347569671208898257e+00
-6.619453753320727607e+00
-9.420841269029065046e+00
-1.047649080219699513e+01
-1.062276764330555778e+01
-1.083171671454834595e+01
-9.598378770382471004e+00
-7.845719385983049854e+00
-7.655036971922408284e+00
-8.117229402133846250e+00
-8.835071116050988493e+00
-9.683002859145496188e+00
-8.828589754011336055e+00
-8.210682615283367625e+00
-6.616315285468617802e+00
-4.153056691635533149e+00
-4.259308030756526975e+00
-5.062702873261573977e+00
-6.680735878388799343e+00
-7.984195632148383126e+00
-7.103726291278132265e+00
-3.768657325237139588e+00
3.747757928709167796e-01
3.279139600611672201e+00
6.123748775581031367e+00
8.708410231171107796e+00
9.763009456034499323e+00
1.036224253996923395e+01
1.159576136399942037e+01
1.286625662429021943e+01
1.364923893979221958e+01
1.370989670762076784e+01
1.409417432829359562e+01
1.497963178168529552e+01
1.613512046672352795e+01
1.713571514671339102e+01
1.710046522428545046e+01
1.712908078955068802e+01
1.722714734154449445e+01
1.729051386055021666e+01
1.740859954216399430e+01
1.828561649235930275e+01
1.912896212447978428e+01
1.880250230576917758e+01
1.834410222039310412e+01
1.855431256744917690e+01
1.899198932159166731e+01
1.939800928723973072e+01
1.946554125203723018e+01
1.934717527106965917e+01
1.956350681695148097e+01
1.992987547470704968e+01
1.946557285389695124e+01
1.931596303593381947e+01
1.966960929760952226e+01
1.934134832494504863e+01
1.917138188936257492e+01
1.876751469912642278e+01
1.873948500116090443e+01
1.900347075876031511e+01
1.902064272734305561e+01
1.867377560206437082e+01
1.819983306754037500e+01
1.772112335660077775e+01
1.710701984514145124e+01
1.608299707939000456e+01
1.428799382719645905e+01
1.303998592588867389e+01
1.026529558207338155e+01
6.601987806528725855e+00
4.429080560802557187e+00
2.276779206791473165e+00
7.965915350232852798e-01
5.098909517741205821e-01
7.679613401793956573e-01
9.532161924758686400e-02
-7.839894175377885022e-01
-4.140596102890602426e-01
-1.836395508229700990e+00
-3.369818117690383641e+00
-3.665989531929463752e+00
-4.959821197901367995e+00
-5.849842233995925511e+00
-6.682020687288392935e+00
-7.078122082111198310e+00
-7.165637321463992571e+00
-7.274100433589619996e+00
-7.049471300589530642e+00
-7.092230915347708553e+00
-7.173801058974639488e+00
-7.423839419148647423e+00
-7.602008860999744044e+00
-6.821474029812902629e+00
-6.383788466227350078e+00
-6.465702114513623755e+00
-5.381235048392273512e+00
-4.094762800738232400e+00
-3.537812665282286773e+00
-3.166665970482728021e+00
-1.893566701475978498e+00
-2.253695628766176462e+00
-4.469514455479943749e+00
-5.317882165862450883e+00
-5.779459790148749221e+00
-6.821618551443190626e+00
-6.860424351267332632e+00
-6.044701896856198076e+00
-5.762267714666066354e+00
-5.783503556416330404e+00
-5.387408326031810191e+00
-5.869241563321521582e+00
-6.096460323079123000e+00
-6.009794163165596892e+00
-6.554161142334617551e+00
-6.539487692449845291e+00
-6.330562354434685624e+00
-6.191758077832585805e+00
-5.453048638784738777e+00
-5.146495121047596655e+00
-4.717151791410800321e+00
-4.167131625227905367e+00
-4.277924955023938658e+00
-4.688448521175933692e+00
-4.684812274044274361e+00
