-1.628627153048593357e+01
-1.628627153048593357e+01
-1.628627153048593357e+01
-1.628627153048593357e+01
-1.628627153048593357e+01
-1.628627153048593357e+01
-1.628627153048593357e+01
-1.628627153048593357e+01
-1.628627153048593357e+01
-1.628627153048593357e+01
-1.628627153048593357e+01
-1.628627153048593357e+01
-1.628627153048593357e+01
-1.628627153048593357e+01
-1.628627153048593357e+01
-1.639473982334543933e+01
-1.650488155105082555e+01
-1.641764611440870425e+01
-1.627996166092798092e+01
-1.630666855011408956e+01
-1.648981272112555629e+01
-1.670260715638603344e+01
-1.659582019744579284e+01
-1.636950415074826992e+01
-1.632712567235297385e+01
-1.645584622218872539e+01
-1.665247304209407631e+01
-1.674390987578143353e+01
-1.683145942360626535e+01
-1.672186828656727542e+01
-1.639122424288990842e+01
-1.617685834874657758e+01
-1.610596964288389188e+01
-1.614411960730595652e+01
-1.611487331828495684e+01
-1.600730377718807063e+01
-1.601493863377107374e+01
-1.610121668292942942e+01
-1.626372197828827026e+01
-1.646394202576486165e+01
-1.657977932994808867e+01
-1.641141474439021053e+01
-1.600984746600279962e+01
-1.555587152463298395e+01
-1.528000996499735109e+01
-1.530339196509660304e+01
-1.549705724362960524e+01
-1.582127245078703837e+01
-1.611822774510395817e+01
-1.628843382530596529e+01
-1.641526623325446010e+01
-1.647572984723306178e+01
-1.646568918211508858e+01
-1.641145918180575691e+01
-1.624208917496455840e+01
-1.609345317286611632e+01
-1.616910888489694287e+01
-1.645970058936146430e+01
-1.679025299080658584e+01
-1.691976314580313456e+01
-1.674338573084049031e+01
-1.621411312962252183e+01
-1.559971865722236828e+01
-1.543615798752561830e+01
-1.583006921149521595e+01
-1.654522687159046157e+01
-1.712403013327794454e+01
-1.713690270582598529e+01
-1.661247032096849807e+01
-1.586652660833691897e+01
-1.533954588640339800e+01
-1.546247446411614668e+01
-1.605674019629253380e+01
-1.650801299968190250e+01
-1.643454244254873586e+01
-1.588453978932258615e+01
-1.528468379104355535e+01
-1.514514970764280832e+01
-1.572081086927498284e+01
-1.674408152850856268e+01
-1.748119361894198676e+01
-1.717815551123428719e+01
-1.565315727004783852e+01
-1.345206586157689088e+01
-1.139140670790970411e+01
-9.877221858834575485e+00
-8.934891870968401761e+00
-8.127138216192445697e+00
-6.785026165130980225e+00
-4.740694990651105556e+00
-2.267818125927427708e+00
-4.494843298308878188e-01
7.503895938169266033e-01
1.794208864345660182e+00
2.804407066854695874e+00
5.485964889669009636e+00
9.678769403483073575e+00
1.444296326997743662e+01
1.947288517568413013e+01
2.273168104120376398e+01
2.417864369267658731e+01
2.419677292466692009e+01
2.416058169091743579e+01
2.499917326326702494e+01
2.682983527912929134e+01
2.943544522549138875e+01
3.197850305130801019e+01
3.378465987407323468e+01
3.356194226947400239e+01
3.214879131796582357e+01
3.066992639332406512e+01
2.911779243539766426e+01
2.855310707482129473e+01
2.916352796610360087e+01
3.063255225270597748e+01
3.249504626888426628e+01
3.387856750177486020e+01
3.474153399861526736e+01
3.532771157716555166e+01
3.434940000678260930e+01
3.314360847074055982e+01
3.294296307175411442e+01
3.250077893399864593e+01
3.288184424852735788e+01
3.410640482069548796e+01
3.546166804104558423e+01
3.595201824147310532e+01
3.575836851088700286e+01
3.458977049954587812e+01
3.360532902703840108e+01
3.283546316657996300e+01
3.223101424771211754e+01
3.336619025513066816e+01
3.490549064972016424e+01
3.527243228751080295e+01
3.479257934224371951e+01
3.434140117221250676e+01
3.280799154887746738e+01
3.192050878716123918e+01
3.355650128684866473e+01
3.597986467546912337e+01
3.829760857230812121e+01
3.950975862918842552e+01
3.916653485249513977e+01
3.641404709482639390e+01
3.301366422874309592e+01
3.101912470506096398e+01
3.140410829321081820e+01
3.329244352117584071e+01
3.539670084200873390e+01
3.752125133563368564e+01
3.689555551337731032e+01
3.417242413588675731e+01
3.170560531433323703e+01
3.053491024626269379e+01
3.106184346627997783e+01
3.242654915088833434e+01
3.451352781380459334e+01
3.582445535754463606e+01
3.485452093429721288e+01
3.306113306866163271e+01
3.207179079762408946e+01
3.231857643933179247e+01
3.326896428156577201e+01
3.538618232623741733e+01
3.766051617200761825e+01
3.796360513097323519e+01
3.673985909101623548e+01
3.455492297215176478e+01
3.067345394259278279e+01
2.552891672737492712e+01
2.018871969390815835e+01
1.477645792620537790e+01
9.118103848410084922e+00
4.461017346395143690e+00
1.107310422967796582e+00
-1.308684666904156302e+00
-2.973627762313574951e+00
-4.338830469665658995e+00
-5.610927443214252186e+00
-6.866883893849402121e+00
-7.891849887541366293e+00
-8.613353111719021626e+00
-9.055611991482205525e+00
-9.546713297440323487e+00
-1.036843186066778522e+01
-1.149195412712445830e+01
-1.261081105265991198e+01
-1.336710710112289036e+01
-1.368496390817104569e+01
-1.371475571253373360e+01
-1.374124128206539730e+01
-1.401484660097111856e+01
-1.450874085921051915e+01
-1.496884030535814603e+01
-1.509320744877351927e+01
-1.491322534903568275e+01
-1.464432619526249013e+01
-1.448475668811890671e+01
-1.460855341866579415e+01
-1.493960995485917564e+01
-1.526869108530505059e+01
-1.540655410656363422e+01
-1.527432207969749989e+01
-1.506194360980103930e+01
-1.504811690876044672e+01
-1.520054491770133787e+01
-1.537602897665069790e+01
-1.546359473170211984e+01
-1.530307705339747493e+01
-1.505907735107692247e+01
-1.491638440668027599e+01
-1.501842232404104749e+01
-1.529861767725335753e+01
-1.553108819593666645e+01
-1.558619363839096827e+01
-1.533830462656374394e+01
-1.503693120228638413e+01
-1.501199558273752288e+01
-1.533226162965307360e+01
-1.574785127430500076e+01
-1.605280102348459081e+01
-1.601939376933328418e+01
-1.557074695121781005e+01
-1.509941949119104621e+01
-1.491079039179294874e+01
-1.512998540343767573e+01
-1.558748668574681240e+01
-1.597220983941882899e+01
-1.592399769824341327e+01
-1.550514959345626131e+01
-1.503867742188396761e+01
-1.475247720255673300e+01
-1.484368306688350536e+01
-1.518744881295709703e+01
-1.545257386681176826e+01
-1.543021589175328678e+01
-1.517230699956957984e+01
-1.492573041395370836e+01
-1.483853058673823888e+01
-1.498934349478123806e+01
-1.529492234885825930e+01
-1.550253405395496742e+01
-1.544612021456968165e+01
-1.517516556488151380e+01
-1.496704517420940128e+01
-1.497452767134963025e+01
-1.521426432296231468e+01
-1.549998073456689873e+01
-1.570116839383592477e+01
-1.580577506321476911e+01
-1.573609682599435189e+01
-1.566555262717829677e+01
-1.568765296479670290e+01
-1.577421408373327338e+01
-1.579692822238737548e+01
-1.575505321142898651e+01
-1.572349770815833736e+01
-1.567618506450009086e+01
-1.568360696020519995e+01
-1.575008676677673236e+01
-1.573615404571268428e+01
-1.562821285237997415e+01
-1.545465770535024852e+01
-1.529885797121922586e+01
-1.533357098696740550e+01
-1.553862209726199772e+01
-1.580317599884897817e+01
-1.602920223629305596e+01
-1.614826650818265108e+01
-1.618486707136933234e+01
-1.610341915984072259e+01
-1.611741423670804707e+01
-1.623942595695775637e+01
-1.623842494096509625e+01
-1.613265458341228964e+01
-1.593032220132312382e+01
-1.577502368927593501e+01
-1.574206547645041887e+01
-1.586774647916841019e+01
-1.617247041102318406e+01
-1.633586131995739521e+01
-1.623827095119893471e+01
-1.600241291110247488e+01
-1.570641439953437768e+01
-1.557509687763156592e+01
-1.567086227509865282e+01
-1.577361912893991480e+01
-1.575769368227525113e+01
-1.559388871950245203e+01
-1.533364923106210043e+01
-1.514520120620034582e+01
-1.514752226240577215e+01
-1.541551394868628755e+01
-1.571787498264751370e+01
-1.574148898696801346e+01
-1.553135419954872987e+01
-1.527988658617140594e+01
-1.507271822683573781e+01
-1.499550413971538454e+01
-1.499261019103296988e+01
-1.460598660468801135e+01
-1.352346113733542055e+01
-1.161905923769117877e+01
-8.864010619118056766e+00
-5.818442641081754019e+00
-2.892087740040798050e+00
4.229661988537676276e-01
3.428334078170467425e+00
6.000966968715403915e+00
8.634473973916765743e+00
1.101363285450857532e+01
1.288047499963360032e+01
1.479350341879979958e+01
1.657919416345680474e+01
1.866031866024836106e+01
2.082452204616193825e+01
