6.346750053023964888e+00
6.635107864719401505e+00
7.678496386474419566e+00
7.961612391595789262e+00
7.034807373826613031e+00
4.954559758632113287e+00
3.690099977551850596e+00
4.990894336074338078e+00
9.093107917087886349e+00
1.372648320803184596e+01
1.606310558692533874e+01
1.448316127694657318e+01
9.214391118107464251e+00
2.606047274028520988e+00
-1.543743734812636159e+00
-1.897253437799082398e+00
3.839338817572243157e-01
2.653352722689384713e+00
2.957931930769107431e+00
-1.971129082188460835e-01
-5.360342822014372288e+00
-9.909218500100324789e+00
-1.140735765082909836e+01
-9.631534342897952072e+00
-5.801562030060039454e+00
-2.863302157124413938e+00
-2.211704670061670264e+00
-3.492871999351011780e+00
-5.652768750187592062e+00
-7.247549667730077694e+00
-7.483103672874078072e+00
-6.592224638352178978e+00
-6.391499351694446496e+00
-6.864023851885022509e+00
-7.203839749926131297e+00
-6.807532116408511413e+00
-5.833505960786230737e+00
-4.719040816614640477e+00
-4.023433355908406561e+00
-4.544008386205376837e+00
-6.549003585958242724e+00
-8.100942576738459522e+00
-7.809685738149140022e+00
-5.870425087224747429e+00
-3.536959732062656681e+00
-1.473175003137597194e+00
-2.011349989715649933e+00
-5.587882250298631170e+00
-1.007668005808350742e+01
-1.304291322479823734e+01
-1.286758644373275118e+01
-8.699281927920253565e+00
-2.352680562027905431e+00
2.665589772558377035e+00
4.656238246503350275e+00
3.063959416977803052e+00
-5.354475627508095137e-01
-3.827538330111612375e+00
-4.521953905580621935e+00
-2.723771899315976075e+00
1.060723651814672319e+00
4.865700781819985110e+00
6.963587590441913555e+00
6.855488375246657107e+00
5.723917698706457280e+00
4.625301080435088252e+00
4.504384187933356820e+00
5.336785522585500985e+00
6.651778128925512235e+00
7.293039176570943027e+00
7.118322846594844933e+00
6.141784093401092548e+00
5.279652215254588832e+00
5.120720757787267097e+00
5.756292665212727755e+00
6.429140359806331695e+00
6.734585833588560888e+00
6.274814374492574842e+00
5.003180776813603181e+00
3.750071541597054914e+00
3.655089992871711768e+00
4.389331634105268165e+00
5.393367074800746508e+00
6.179174565523978480e+00
6.120996647408643021e+00
4.844162226166723428e+00
3.327878011369918454e+00
2.906803681267684070e+00
4.136245062267226658e+00
6.433593057650208280e+00
8.516384817426835951e+00
9.009018979047302977e+00
7.457957208044105002e+00
4.175941939682944692e+00
5.070435949660305752e-01
-1.895011497899341313e+00
-2.549292000576502737e+00
-2.443612410229096810e+00
-2.499496983204365641e+00
-3.028368178581779535e+00
-3.913365794331160163e+00
-5.065525861894500714e+00
-5.532252311432042546e+00
-4.601086754711875670e+00
-2.639503139873693449e+00
-7.435236970527617784e-01
3.743116078834943239e-03
-5.639357973349035102e-01
-1.705053627679617989e+00
-2.709734825310126993e+00
-2.930714548152997700e+00
-2.172049496897486165e+00
-1.580458102352082506e+00
-2.267710333755184049e+00
-3.210243310792598503e+00
-3.446151683933321497e+00
-3.432672291040136159e+00
-2.586449985499479354e+00
-9.405650832199287104e-01
3.755142491736667143e-01
-6.857731367781527698e-02
-1.728484867424291416e+00
-4.288735003442054605e+00
-6.269613627342865314e+00
-6.677819529057350323e+00
-5.692768242497018960e+00
-4.040716211294516746e+00
-2.468226061302541297e+00
-2.074704862183989196e+00
-3.059030055416234184e+00
-3.790264802184558413e+00
-3.336107423355902490e+00
-1.969108323281075545e+00
-1.626705744886731697e-01
1.475513219121176611e+00
2.378928035676648456e+00
2.440361217914473357e+00
2.501246035999771244e+00
3.155295821551151292e+00
4.280907530927865245e+00
5.150418159995908240e+00
5.676433489776093744e+00
6.052830250814857926e+00
6.008652191231549367e+00
5.662241663115582746e+00
5.460813841927543599e+00
5.703532395096332586e+00
6.213890118611047342e+00
6.427015561991187731e+00
6.324343204717946421e+00
6.225117721856331165e+00
6.420918093032583762e+00
6.943578514483044195e+00
7.662352923114954528e+00
8.317889692074555086e+00
8.276783039359308702e+00
7.361518946137106667e+00
6.721197982640136459e+00
7.082548215790381185e+00
7.963989626909629749e+00
8.209864985560187733e+00
7.539186329954637777e+00
5.557224144126803544e+00
2.793918432034854682e+00
8.674303383859685024e-01
8.975230699288592184e-01
2.915830089416821647e+00
5.721882144063517472e+00
7.210047688278808486e+00
5.451092504310865117e+00
1.054184152895990323e+00
-4.546711761234815796e+00
-9.068431979015093347e+00
-1.071441192612481608e+01
-8.810031662470819924e+00
-4.893721595880443864e+00
-1.781832961334046228e+00
-1.161039590616682604e+00
-2.786190755013868703e+00
-4.941171171177883181e+00
-6.673148682215593652e+00
-6.943467297031021168e+00
-5.689574860358427522e+00
-4.405358909637469011e+00
-4.091935523622006521e+00
-4.295490808049559739e+00
-4.301986740803372733e+00
-3.940222908719409389e+00
-3.117735878009137096e+00
-2.233549371201650313e+00
-2.962057042641577986e+00
-5.589970732187414804e+00
-8.791247856640474367e+00
-1.031125677470140189e+01
-9.231755260904771276e+00
-5.826058304727276038e+00
-1.606849676629569679e+00
7.641662388750261048e-01
-1.615241599106218562e-01
-3.958019811855405301e+00
-8.210217914781019033e+00
-1.037156684129144679e+01
-9.279790808194324114e+00
-6.012835079674373695e+00
-2.579065650424039458e+00
-3.310866623352836657e-01
-4.506674671326543757e-02
-9.000709573909753125e-01
-7.853593930792774902e-01
1.494182590519037568e+00
4.620741261479317963e+00
6.932229793123429573e+00
7.770934907720450369e+00
6.813847628537509138e+00
4.677454068353432248e+00
3.122826946204955600e+00
3.585408004924839798e+00
4.976920717407195660e+00
6.068841270696123225e+00
6.169748967328463785e+00
4.854533598475925693e+00
3.069340713837668488e+00
2.513444923698014311e+00
3.874423655285502033e+00
5.732391871117228810e+00
7.099837687330989411e+00
6.665572196632471247e+00
4.958767933937961558e+00
3.561620581901600247e+00
3.954765249979278252e+00
5.514541487837639089e+00
6.944153254087429339e+00
6.368390314470042668e+00
2.815547085595796695e+00
-2.643477686993961573e+00
-6.653981380391418732e+00
-7.168843829907548759e+00
-3.751418836008888036e+00
1.904660050997333265e+00
6.849262402086217172e+00
8.088099143818631376e+00
5.541401636738446435e+00
1.307402792693722837e+00
-1.996008882735609502e+00
-2.518927711101438760e+00
-4.652320299168943851e-01
1.791169928947509593e+00
2.105559800842295104e+00
-2.054516359398188552e-01
-4.217077260735596411e+00
-7.528049446258571642e+00
-7.018993676058906672e+00
-7.018993676058906672e+00
-7.018993676058906672e+00
-7.018993676058906672e+00
-7.018993676058906672e+00
-7.018993676058906672e+00
-7.018993676058906672e+00
-7.018993676058906672e+00
-7.018993676058906672e+00
-7.018993676058906672e+00
-7.018993676058906672e+00
-7.018993676058906672e+00
-7.018993676058906672e+00
-7.018993676058906672e+00
-7.018993676058906672e+00
-7.018993676058906672e+00
-7.018993676058906672e+00
-7.018993676058906672e+00
-7.018993676058906672e+00
-7.018993676058906672e+00
-7.018993676058906672e+00
-7.018993676058906672e+00
-7.018993676058906672e+00
-7.018993676058906672e+00
-7.018993676058906672e+00
-7.018993676058906672e+00
-7.018993676058906672e+00
-7.018993676058906672e+00
-7.018993676058906672e+00
-7.018993676058906672e+00
-7.018993676058906672e+00
-7.018993676058906672e+00
-7.018993676058906672e+00
-7.018993676058906672e+00
-7.018993676058906672e+00
-7.018993676058906672e+00
-7.018993676058906672e+00
-7.018993676058906672e+00
-7.018993676058906672e+00
-7.018993676058906672e+00
-7.018993676058906672e+00
-7.018993676058906672e+00
-7.018993676058906672e+00
-7.018993676058906672e+00
-7.018993676058906672e+00
-7.018993676058906672e+00
-7.018993676058906672e+00
-7.018993676058906672e+00
-7.018993676058906672e+00
-7.018993676058906672e+00
-7.018993676058906672e+00
-7.018993676058906672e+00
-7.018993676058906672e+00
-7.018993676058906672e+00
-7.018993676058906672e+00
-7.018993676058906672e+00
-7.018993676058906672e+00
-7.018993676058906672e+00
-7.018993676058906672e+00
-7.018993676058906672e+00
-7.018993676058906672e+00
-7.018993676058906672e+00
-7.018993676058906672e+00
-7.018993676058906672e+00
-7.018993676058906672e+00
-7.018993676058906672e+00
