-2.280838820324025917e+01
-2.280838820324025917e+01
-2.280838820324025917e+01
-2.280838820324025917e+01
-2.280838820324025917e+01
-2.280838820324025917e+01
-2.285583573236764110e+01
-2.278169896810610595e+01
-2.236509314510039559e+01
-2.148868933072373721e+01
-2.126929390160477595e+01
-2.197241644587183984e+01
-2.302855088456010790e+01
-2.374688822373046548e+01
-2.373944401335296916e+01
-2.305686901356929042e+01
-2.209612405224207876e+01
-2.141668440770157034e+01
-2.135118442537238437e+01
-2.194329497282387464e+01
-2.284607850806908047e+01
-2.351071046298093847e+01
-2.360015093401131026e+01
-2.316825206254028657e+01
-2.257388472630232457e+01
-2.219015877886395671e+01
-2.220047994213384968e+01
-2.248409619251693314e+01
-2.275239136042335630e+01
-2.279431687326719569e+01
-2.258900031323939572e+01
-2.228830512416262977e+01
-2.216805820401485150e+01
-2.241581091964124184e+01
-2.290398587271577924e+01
-2.327082863963182646e+01
-2.324220246244712484e+01
-2.289415906631792907e+01
-2.247307151666044334e+01
-2.227516862042965684e+01
-2.248749451987591286e+01
-2.302158879936001767e+01
-2.347797637256541137e+01
-2.351660574707452156e+01
-2.313121245600797238e+01
-2.261566910537453623e+01
-2.232668134956812622e+01
-2.257697220758160839e+01
-2.327056750285477449e+01
-2.396787223539981682e+01
-2.414121564284595678e+01
-2.363092088966144289e+01
-2.271165387816537518e+01
-2.196989426603719409e+01
-2.195944455716872667e+01
-2.283820504358345715e+01
-2.418324499766035629e+01
-2.523122499348916392e+01
-2.544075411318907243e+01
-2.473498542115058996e+01
-2.361053364804031673e+01
-2.270371496994615512e+01
-2.235243577352828481e+01
-2.243750851074746677e+01
-2.261482081997252536e+01
-2.237431471299263563e+01
-2.136716463894613582e+01
-1.971550622488623006e+01
-1.783391118906765271e+01
-1.603670186206035808e+01
-1.412420929176838769e+01
-1.175859582488745225e+01
-8.785460315909459084e+00
-5.330567062623995156e+00
-1.536467984363098394e+00
2.492484276009053534e+00
6.549599388206462258e+00
1.075957255675570856e+01
1.535340618595216533e+01
1.996380427536660562e+01
2.305581245535644541e+01
2.355942994550515479e+01
2.123036997786083546e+01
1.685576073405837860e+01
1.217651230253774486e+01
9.926760245285940698e+00
1.187121402714148033e+01
1.742371811315791419e+01
2.423348351772415654e+01
2.979643117639125194e+01
3.222746064029038848e+01
3.126875852671648914e+01
2.868931543158268127e+01
2.729006860596081552e+01
2.834141236305038092e+01
3.117994065328237241e+01
3.409804172494501273e+01
3.551404960093292829e+01
3.471824781352217570e+01
3.245432820443735977e+01
3.038455882450703527e+01
2.991631996896903445e+01
3.119241772111406164e+01
3.306248072281573513e+01
3.419553159146840215e+01
3.401261962119767901e+01
3.303946248313780387e+01
3.199012661229767929e+01
3.175889305878925484e+01
3.249138929474553095e+01
3.346877372759234248e+01
3.373765683115644975e+01
3.313967184645292008e+01
3.233343773963006385e+01
3.203615963146204848e+01
3.253719873192508061e+01
3.354315934157669687e+01
3.425430037783088721e+01
3.393350351341289439e+01
3.267391067668241078e+01
3.158380466165812805e+01
3.162934405442656072e+01
3.302936266028549994e+01
3.506894946445701322e+01
3.632534042835726495e+01
3.582175508650359319e+01
3.363479610556595389e+01
3.092715575269174977e+01
2.920269628315352151e+01
2.954836917071633451e+01
3.154598917143357539e+01
3.392689599359624708e+01
3.549422274021385704e+01
3.575920859395810680e+01
3.502158406332529239e+01
3.432989840808854609e+01
3.434389339552289044e+01
3.504433132408406948e+01
3.590570247263661940e+01
3.637480091630016688e+01
3.618003570249491929e+01
3.583357061993014980e+01
3.596510319734694150e+01
3.672567051602860744e+01
3.783298759352789631e+01
3.877041880367654869e+01
3.884060651243316187e+01
3.769062180001249374e+01
3.557904608741437613e+01
3.272589592015808790e+01
2.898661694931367094e+01
2.401176835359256856e+01
1.808335907240302376e+01
1.189993300662306730e+01
6.051338264170682990e+00
1.593075018389645603e+00
-8.897765589211705795e-01
-2.081298685155446915e+00
-3.266942280396411213e+00
-5.216322432038683843e+00
-7.939622404199296213e+00
-1.072882631723519786e+01
-1.232026168766423524e+01
-1.226029309575262083e+01
-1.103474457748879622e+01
-9.742543666438679750e+00
-9.742439671469552920e+00
-1.137957542646698172e+01
-1.406205899752153421e+01
-1.655572614253441799e+01
-1.808753393686790645e+01
-1.840324373692100224e+01
-1.814653571346165606e+01
-1.814094850617395593e+01
-1.883257865181070301e+01
-1.994940414301034082e+01
-2.081592429520491550e+01
-2.106730191990294188e+01
-2.076566576645188178e+01
-2.043642417797992294e+01
-2.054314896022429338e+01
-2.117601067004260074e+01
-2.198278763951473280e+01
-2.250083232006562639e+01
-2.250853023596915037e+01
-2.224204521862587569e+01
-2.219689797713084189e+01
-2.262945808461528685e+01
-2.337665149797146213e+01
-2.397700022938450104e+01
-2.407953768133643990e+01
-2.377419232004781335e+01
-2.350341672214458910e+01
-2.361921577972523423e+01
-2.418770185676864060e+01
-2.494183797767504274e+01
-2.538409209847405279e+01
-2.516980775747376953e+01
-2.456614898255071111e+01
-2.421186497942430194e+01
-2.453514760906683634e+01
-2.536793718850134027e+01
-2.617220996122149401e+01
-2.643248826931529649e+01
-2.594288166623164216e+01
-2.506667344093390426e+01
-2.454502135761323345e+01
-2.493581769156095618e+01
-2.597549487303054860e+01
-2.684453281843255823e+01
-2.682496398344355626e+01
-2.597154508481214208e+01
-2.486321970219401578e+01
-2.430530109091426283e+01
-2.486491466123670691e+01
-2.636688961214212057e+01
-2.754184379458770238e+01
-2.704483718728858932e+01
-2.443887208217115870e+01
-2.008333321541757854e+01
-1.484131133980285355e+01
-9.774513232224087744e+00
-5.458455457166536462e+00
-1.817733915163642244e+00
1.702283707206260654e+00
5.170269209472282412e+00
8.380304409313229286e+00
1.077738875659760609e+01
1.219550860496671874e+01
1.307546616457055144e+01
1.407727484076975344e+01
1.529949010333473858e+01
1.701736498349153592e+01
1.922737962834458258e+01
2.131547307228798616e+01
2.280083711740105201e+01
2.418092627386985782e+01
2.539992820769530368e+01
2.595244104236835980e+01
2.593259827580805066e+01
2.501569218728701927e+01
2.295931020180251991e+01
2.052747831439411641e+01
1.928410932571749825e+01
1.991193647250246812e+01
2.240262202517737222e+01
2.566473730384177543e+01
2.826978674146699433e+01
2.900093198852827925e+01
2.789902815161904570e+01
2.607429800001620634e+01
2.486105986382894528e+01
2.493285695107472932e+01
2.609342242202512807e+01
2.758848349550326873e+01
2.843651490724544928e+01
2.832092084455316439e+01
2.773656682487196434e+01
2.721497136358683022e+01
2.720979217778384651e+01
2.758322540825517066e+01
2.779386402796765410e+01
2.743310459050126227e+01
2.684127712283429190e+01
2.673897429021230110e+01
2.744272510540587362e+01
2.877273733721120763e+01
3.003682560525728107e+01
3.039748771971973440e+01
2.943543532214079050e+01
2.769314985814176566e+01
2.628016259849241010e+01
2.598820717438328387e+01
2.704058453307914789e+01
2.871520160190430104e+01
2.993507680580676578e+01
3.010690360325680004e+01
2.951975680445063333e+01
2.881071802247578972e+01
2.870441583521269990e+01
2.958491706828674239e+01
3.100898431059491500e+01
3.201373822686046822e+01
3.220179599790711933e+01
3.187961360204871042e+01
3.137756018320432716e+01
3.071999360437909843e+01
2.974368552326307125e+01
2.764342474456384480e+01
2.361829734745164799e+01
1.750191050528330194e+01
1.032203475588793040e+01
3.716669575397198777e+00
-1.265422919448824679e+00
-4.349049642977710128e+00
-6.014346028239018871e+00
-7.216171924964216444e+00
-8.880153798095470563e+00
-1.119529173944224532e+01
-1.342774648319615416e+01
-1.519237516294077217e+01
-1.591876251783330432e+01
-1.604679952311917646e+01
-1.602313992368666362e+01
-1.659174092017290647e+01
-1.768006030726109401e+01
-1.922805330041613558e+01
-2.067272002374340545e+01
-2.173635485894909536e+01
-2.240869608372630850e+01
-2.290164978270659191e+01
-2.314353958218586271e+01
-2.312815652350782258e+01
-2.294447843125551145e+01
-2.268561673303595327e+01
-2.250878875457340911e+01
-2.282826358606081385e+01
