-4.060031847365353386e+00
-4.060031847365353386e+00
-4.060031847365353386e+00
-4.060031847365353386e+00
-4.060031847365353386e+00
-4.060031847365353386e+00
-4.060031847365353386e+00
-4.060031847365353386e+00
-5.768962711849924929e+00
-8.635588597845393011e+00
-8.353066592827811832e+00
-8.574076336105655116e+00
-1.170846706725479436e+01
-1.091946255570270452e+01
-7.298058247659479747e+00
-6.534004041537037288e+00
-3.916338440036164492e+00
-4.687739354719281160e+00
-6.450830483409310645e+00
-8.631108809419986372e+00
-8.196162203831462989e+00
-8.939143580976573134e+00
-7.645824344006072693e+00
-4.663928379246769396e+00
-7.543526103205310918e+00
-6.324326514033225877e+00
-8.785348046516364917e+00
-1.154196607265888730e+01
-9.664137900119508018e+00
-7.984064932490925415e+00
-4.500776217635135801e+00
-4.223324818778245948e+00
-5.085166942532061363e+00
-7.210749952190870005e+00
-9.415213789448451109e+00
-7.883049210215351543e+00
-6.397223454809335408e+00
-5.574737527032695539e+00
-3.001460459931373670e+00
-4.253138679628990282e+00
-7.050863592089781307e+00
-1.029937569787205476e+01
-8.429187814170482795e+00
-9.295276802413466655e+00
-6.800790996921449505e+00
-3.428987954193496002e+00
-1.075484642764782173e+00
1.710328819856820282e+00
4.769012315163421611e+00
6.777978016508242831e+00
7.861946269227463979e+00
8.221785296283822930e+00
8.966537079735457993e+00
9.111409779156954158e+00
8.073107971458677312e+00
8.110815990669362208e+00
8.533878425019128855e+00
1.031385561038182175e+01
1.220786499208420040e+01
1.090700965901477559e+01
1.012651043446711618e+01
8.772165406939645749e+00
8.612702006862335224e+00
8.608714999198811668e+00
9.577013252937492283e+00
1.156342557405221960e+01
1.172662480832408249e+01
1.094201089442745456e+01
1.142575692018464295e+01
1.172893008542288129e+01
1.003199598777695201e+01
1.055488177030066765e+01
9.998597663849013273e+00
1.111741133891997002e+01
1.014473610629463529e+01
9.573170861165193557e+00
9.834194544690005202e+00
8.155873891152563004e+00
1.010870732635244273e+01
9.558412907450115625e+00
1.059623348385894559e+01
1.000529707646086308e+01
7.844451377087064081e+00
5.354165816980440695e+00
2.268791483810675302e+00
1.667563264515412591e-01
-2.589195440611859134e+00
-5.317778855171928498e+00
-7.245211717108569260e+00
-6.210271714035673796e+00
-1.034158893808280766e+01
-7.508055156348459214e+00
-7.272904655624723880e+00
-1.040017716608211273e+01
-1.134597020474082107e+01
-9.469091586758922929e+00
-8.742200845292966704e+00
-7.668022948028169417e+00
-5.898873553082012222e+00
-6.386296981895759117e+00
-6.202410556890342264e+00
-8.721811396940323036e+00
-8.444864117750105592e+00
-9.794525877881547160e+00
-9.531927755435736671e+00
-6.350112838506536406e+00
-5.807255330743323896e+00
-4.492275437259398707e+00
-6.943337042572617079e+00
-7.805115310070198653e+00
-1.078083014308463738e+01
-1.026588849250821589e+01
-6.428885224020316258e+00
-6.508528409654553037e+00
-5.770099364001861630e+00
-3.474591917548595976e+00
-5.295439249912764268e+00
-9.132828652149159510e+00
-9.230911840931579349e+00
-1.080190191954821799e+01
-9.933342178958630697e+00
-7.134224118535688497e+00
-7.757912974615852164e+00
-4.864621562140950317e+00
-5.225395390945747565e+00
-5.099078203001476517e+00
-4.161395346249499916e+00
-2.939375790442091407e-01
2.938920593563359773e+00
5.894182791626006335e+00
6.633579599528303561e+00
8.651810827064373655e+00
7.740122388754701710e+00
7.314796389383465325e+00
9.119137492868166106e+00
9.124777319964785249e+00
1.168015417801583311e+01
1.059812492223019120e+01
1.109537721330082860e+01
1.063544048690733135e+01
9.027804190963140130e+00
1.013527895832211456e+01
1.043833279195587949e+01
1.044682611193309008e+01
1.090805455411469183e+01
1.032580643828429423e+01
8.413965248366732652e+00
9.101220937601445016e+00
9.696025104578072984e+00
1.046125020263340488e+01
1.082071229600304108e+01
1.071709777900985827e+01
1.084396498122257313e+01
1.062874539846641753e+01
1.026666559138126189e+01
9.870828432762614568e+00
9.871146878109344769e+00
1.061563382898738261e+01
1.138518720066227807e+01
1.050648859545572122e+01
1.213972006143237081e+01
1.241060272007460163e+01
8.748100695707162089e+00
7.239009266709111046e+00
3.507399116371960890e+00
-1.196830334178473620e-01
-1.925543495289404383e+00
-3.494458364959170282e+00
-7.443632997242088933e+00
-5.785441347353541985e+00
-4.762893820015627888e+00
-6.625285769991175577e+00
-7.117661779150967760e+00
-7.975775404824111625e+00
-9.083600730583469840e+00
-5.792821333761900782e+00
-6.157587856251527825e+00
-7.211006695710639569e+00
-5.602473086929362189e+00
-5.408855348711457012e+00
-5.599549558476965672e+00
-6.705488990130470839e+00
-4.840940776875509499e+00
-4.873925532340525280e+00
-6.501419270403760997e+00
-5.330199162610446351e+00
-5.336017975346815767e+00
-7.116131027526232167e+00
-7.677060738734149403e+00
-5.356259597118782523e+00
-6.136216567343897310e+00
-3.371301905834442891e+00
-5.048622124238995923e+00
-7.803877264170685280e+00
-8.495772968857897567e+00
-8.874219153911310443e+00
-1.096382686860464162e+01
-8.357453373024039678e+00
-4.463188192929724352e+00
-5.733416604725571908e+00
-6.553120344201866843e+00
-4.093790137148545227e+00
-1.685981395256922699e+00
-6.337727086065017001e-01
1.267061065901594841e+00
4.870642038746954228e+00
7.153606707576660284e+00
7.878979672868304363e+00
8.827190099697785897e+00
9.841707439314236083e+00
9.852134455989119743e+00
1.081897895345006333e+01
1.102023200492451416e+01
1.216929297392689513e+01
1.174296718847747911e+01
1.109889334283783491e+01
1.175910225317740654e+01
1.357291600367163831e+01
1.201961719817827223e+01
1.336867559493354385e+01
1.266150645106877981e+01
1.111444857588933921e+01
1.121837949019221981e+01
1.230877318792179054e+01
1.338725510039315658e+01
1.388340331065520061e+01
1.301929406151942104e+01
1.222133287479484665e+01
1.114654612487761476e+01
1.161531594242533139e+01
1.204456463344770434e+01
9.087745601507222659e+00
7.645109789072821016e+00
2.416327901351889906e+00
-4.177704131508470198e+00
-9.126059405305770866e+00
-8.729395154164595994e+00
-8.259403546212817915e+00
-6.312761326400649686e+00
-3.922479815008125037e+00
-3.186203931889799890e+00
-4.807057421800578823e+00
-8.108231307499746521e+00
-9.054143332459975824e+00
-8.427040479188507405e+00
-8.245683885513674483e+00
-5.379729038030133914e+00
-7.229959723481456990e+00
-7.482241298892807535e+00
-8.473668331990520386e+00
-1.014739347132426772e+01
-8.229561874385673548e+00
-8.134949080576243219e+00
-7.525595685195460405e+00
-5.903545778498679120e+00
-7.102497555792247397e+00
-5.506420926414802963e+00
-5.862018891189012315e+00
-5.299259189115602453e+00
-7.042512841020489134e+00
-7.272330857954459660e+00
-9.829929863827839398e+00
-8.676271430022818976e+00
-1.010123150283651050e+01
-9.546745113910414915e+00
-7.644189117182017768e+00
-6.761233753962010873e+00
-6.158347195080585479e+00
-6.618362150561906354e+00
-8.998569423269422884e+00
-8.260997536210696879e+00
-3.774716703456964417e+00
-1.206309342772988735e+00
3.991321003884960028e+00
7.103020198462107970e+00
8.353782532056138521e+00
7.573365517329406771e+00
8.257186028556382951e+00
8.935659670915368835e+00
9.734667716873145693e+00
1.272827383747249286e+01
1.187816436992513225e+01
1.030495689595660203e+01
9.984403298035953611e+00
1.095498891608284886e+01
8.664986254076879391e+00
9.436330450624765831e+00
1.019565189228766044e+01
1.091317986716855160e+01
1.015768312729590406e+01
9.249106201777411940e+00
8.796055191394081874e+00
1.047734879520734985e+01
1.166366578608290361e+01
1.270975504341536322e+01
1.122820846487014634e+01
1.093213924939508530e+01
9.886258188614277742e+00
1.095493327297593567e+01
1.150325022350039816e+01
1.213726990395231553e+01
1.261192303664526015e+01
9.106877036146389770e+00
6.325842639023438352e+00
1.562182942511646466e+00
-2.916410689348148289e+00
-5.054088322780724951e+00
-6.027069395683350095e+00
-6.553217325477584509e+00
-4.433895306945391468e+00
-5.368610369218814959e+00
-5.761310826827457987e+00
-7.211993196966058228e+00
-8.313028547952789893e+00
-9.206390492747313914e+00
-7.559724864732018546e+00
-6.441250637446976235e+00
