-2.716993627998164840e+01
-2.716993627998164840e+01
-2.716993627998164840e+01
-2.716993627998164840e+01
-2.716993627998164840e+01
-2.683627172979902653e+01
-2.642516831102516761e+01
-2.639571999643719380e+01
-2.657323847122791705e+01
-2.686039373090078541e+01
-2.681834950591997924e+01
-2.656335797288255662e+01
-2.631256763544531907e+01
-2.607606524199959708e+01
-2.620068718239502914e+01
-2.674570873947552485e+01
-2.738319987889066098e+01
-2.751193824539675248e+01
-2.724954243308113178e+01
-2.655459926928154246e+01
-2.610807277664232373e+01
-2.618418980676337071e+01
-2.676335368739968246e+01
-2.740815088344732331e+01
-2.766548209777613820e+01
-2.725878846122840926e+01
-2.634027654355413972e+01
-2.568145441058795342e+01
-2.589506971742658337e+01
-2.677970373339886478e+01
-2.760846444927442178e+01
-2.804132132114749609e+01
-2.747818101165606919e+01
-2.653336510823423566e+01
-2.587638111868749391e+01
-2.620109969150462703e+01
-2.719147164418887996e+01
-2.834830483536449108e+01
-2.856554871801992945e+01
-2.771889103396025789e+01
-2.649713490042062958e+01
-2.568495720191791776e+01
-2.587543829291153585e+01
-2.716298846349507556e+01
-2.825592705514052128e+01
-2.844960640398596041e+01
-2.752789215033710235e+01
-2.620455773020006873e+01
-2.591571756488261613e+01
-2.682199592361704887e+01
-2.842214862098970940e+01
-2.951727927252697725e+01
-2.906208352136099293e+01
-2.686267978117211186e+01
-2.454323914847714505e+01
-2.415888836895697978e+01
-2.637143996623461817e+01
-2.974589998952766123e+01
-3.129545175786698152e+01
-2.929601216869706448e+01
-2.227239660786624498e+01
-1.127852663657283649e+01
-1.211663270577741258e+00
5.993605169024534440e+00
8.387865225870276831e+00
8.615258920919266927e+00
7.921550016889900903e+00
8.440125962474565924e+00
1.280086678688174118e+01
1.768319294609117520e+01
2.110285499177119917e+01
2.338179518569461379e+01
2.396450774602378075e+01
2.446242424423148165e+01
2.561491200575941818e+01
2.827105894041761758e+01
3.107547280941171408e+01
3.240278842334578258e+01
3.212769218872218602e+01
3.058356144553879474e+01
2.991668958917443888e+01
3.008929087585113393e+01
3.131978440802055985e+01
3.261850067170485090e+01
3.299382126174137397e+01
3.179182499247156812e+01
2.931842661996762445e+01
2.793954969164523305e+01
2.804083155104033409e+01
2.932291443297436828e+01
3.074373356025300552e+01
3.171218743987530786e+01
3.169578940232470643e+01
3.031420423157852539e+01
2.944570088678004538e+01
2.980483943999908902e+01
3.058482116127681039e+01
3.127500816169456854e+01
3.160894184519872852e+01
3.109602279953097792e+01
3.033080231124702664e+01
2.989672387772163731e+01
3.043857086277192892e+01
3.141068034128618081e+01
3.215049793401301770e+01
3.192344823801760612e+01
3.100651366862521385e+01
3.025095530182436931e+01
3.000120800722861958e+01
3.063670461094357123e+01
3.175303691506068660e+01
3.257053666567796313e+01
3.238388010650454873e+01
3.112407095169792370e+01
2.994420989305414693e+01
2.970608367486392609e+01
3.038040326830120819e+01
3.142001799219794123e+01
3.228915990840918226e+01
3.230801485725435640e+01
3.129891127692227926e+01
3.026250344673813331e+01
2.970460522692831518e+01
3.040808826004347409e+01
3.168929393341209533e+01
3.277700392800248608e+01
3.342294985592310042e+01
3.360136773764443774e+01
3.326381508785708263e+01
3.329735071306139815e+01
3.410680482257492230e+01
3.558095300190673527e+01
3.667166869461095757e+01
3.695889381325569190e+01
3.698039769643093422e+01
3.609200956633464585e+01
3.538566561475599315e+01
3.565484870674373497e+01
3.692174260790096696e+01
3.868860305313862114e+01
3.926243766953579239e+01
3.819995356493770089e+01
3.461093731276707075e+01
2.825652564579032244e+01
1.978437278281420220e+01
1.139030303165499980e+01
5.103003541262092213e+00
3.644999882885713305e-01
-1.222111580186958646e+00
-1.801436604509696782e+00
-2.678889223974441958e+00
-3.919575338179020374e+00
-7.052013748629883949e+00
-9.769580872541249406e+00
-1.289829401388565522e+01
-1.376874364950979412e+01
-1.457366040206778912e+01
-1.383582203215689077e+01
-1.355211310812312675e+01
-1.455737763008808550e+01
-1.663055143690288773e+01
-1.798934953839658135e+01
-1.928923844948653255e+01
-2.024357582927268595e+01
-2.010461436390599843e+01
-1.998020354268443199e+01
-2.054657123672662422e+01
-2.126764887095808731e+01
-2.178294180579536743e+01
-2.235860850247254206e+01
-2.257222141389104664e+01
-2.288632985903403849e+01
-2.322258580820613005e+01
-2.365761450252759701e+01
-2.429850593896381383e+01
-2.474411748912649145e+01
-2.479432701948315554e+01
-2.471491544385769856e+01
-2.454646118343393013e+01
-2.486260439945267819e+01
-2.529620692668373039e+01
-2.586113900128637866e+01
-2.613403442625578421e+01
-2.600748555245497684e+01
-2.577048549461440530e+01
-2.570153243879726901e+01
-2.606151306128246858e+01
-2.659551898755573163e+01
-2.711698511029567271e+01
-2.730580747251896767e+01
-2.711011301685221042e+01
-2.678341097446176633e+01
-2.670759184160937849e+01
-2.703604340760393754e+01
-2.766306950023165356e+01
-2.806659956451685289e+01
-2.813900698664015465e+01
-2.771536787569247906e+01
-2.733113840365241032e+01
-2.732274123373668928e+01
-2.778656899159014770e+01
-2.847703438939172571e+01
-2.888980173275481533e+01
-2.883424426627961523e+01
-2.806627601177942211e+01
-2.729284581039321722e+01
-2.705149377090436857e+01
-2.700641818727816457e+01
-2.676525026044212296e+01
-2.546193402343440937e+01
-2.245687374981976347e+01
-1.798784736153872643e+01
-1.142563275724619842e+01
-5.447389872098206354e+00
-3.130292907606087027e-01
3.490296287143109133e+00
6.376173405805831251e+00
8.439665860078809700e+00
1.032839247623311607e+01
1.454020449354659661e+01
1.680926013592946333e+01
1.881792014268489055e+01
2.106659841366334263e+01
2.172117026798774475e+01
2.130984483905778504e+01
2.308167564814458572e+01
2.457477030934882478e+01
2.564728448768022417e+01
2.727663813223723110e+01
2.763771641791510447e+01
2.785893042442627987e+01
2.642220502979766650e+01
2.627031546688325037e+01
2.669860056242190183e+01
2.730852141251299514e+01
2.806553026853874755e+01
2.865953112908982803e+01
2.829198904968532702e+01
2.729483033674032555e+01
2.641826579742699366e+01
2.635284238825898484e+01
2.704862951006155569e+01
2.802688800023329208e+01
2.894906627246185238e+01
2.930112724307005223e+01
2.868798249251756971e+01
2.803101153299537174e+01
2.765568537846348818e+01
2.810089889110765782e+01
2.877123675072749975e+01
2.936609391768038080e+01
2.958459058376909923e+01
2.913989131942152966e+01
2.832023598571401735e+01
2.807393197000839891e+01
2.821790019634351410e+01
2.883611163735394811e+01
2.955951283425572029e+01
2.962691599481453153e+01
2.933200933979519931e+01
2.876943284205359674e+01
2.857085662298887030e+01
2.899634260984823797e+01
2.972570230320267726e+01
3.003133856129885260e+01
2.987015903917615134e+01
2.912855539606712796e+01
2.845619757730066013e+01
2.855649484556333562e+01
2.925679421411005876e+01
3.063734287915301735e+01
3.174649177101256470e+01
3.228994486188071988e+01
3.230072636381576956e+01
3.251549855130485156e+01
3.340620600584883704e+01
3.545143994607359872e+01
3.720951815236606564e+01
3.829242631084098747e+01
3.707226736499474384e+01
3.295586993100124573e+01
2.738771400364782593e+01
2.089608544569793835e+01
1.425567220469052465e+01
8.476126550159804651e+00
3.571743835604311634e+00
-1.416894182474080388e+00
-6.082105902935106556e+00
-9.407407517235142791e+00
-1.201883590146865188e+01
-1.436652427307106450e+01
-1.340739725994671616e+01
-1.363330288123903777e+01
-1.403058890748565446e+01
-1.443425576245295971e+01
-1.541327493347892741e+01
-1.613312541023657332e+01
-1.709993722989855769e+01
-1.743473802648131610e+01
-1.768757243201264373e+01
-1.892560405518386801e+01
-2.024641096354895353e+01
-2.130643018707714731e+01
-2.245954942423462697e+01
-2.337638561803583670e+01
-2.349735060190403857e+01
-2.402951448106689725e+01
-2.421536235000759163e+01
-2.493870577419751200e+01
-2.547754959668226959e+01
-2.571568491438771886e+01
-2.578714054346892581e+01
-2.584137368419185776e+01
-2.612253092778927765e+01
-2.644384682381598140e+01
-2.702800569784562157e+01
-2.741194121734404021e+01
