-6.231194118087618250e+00
-6.231194118087618250e+00
-6.231194118087618250e+00
-6.231194118087618250e+00
-6.231194118087618250e+00
-6.231194118087618250e+00
-6.231194118087618250e+00
-6.231194118087618250e+00
-6.231194118087618250e+00
-6.231194118087618250e+00
-6.231194118087618250e+00
-6.231194118087618250e+00
-6.231194118087618250e+00
-4.210349986030282210e+00
-4.059602293129959349e+00
-4.839218206853498572e+00
-6.274010577813103673e+00
-6.544532766125506384e+00
-8.312202539731751827e+00
-5.707296941192755213e+00
-5.399235883240776523e+00
-4.252911296334410451e+00
-4.997585010768254676e+00
-4.379757309011006683e+00
-4.895924947396122384e+00
-4.209028122900736690e+00
-4.475387965545106539e+00
-6.248567424161854511e+00
-5.598373981719451997e+00
-7.256955862509146371e+00
-9.307155430253127193e+00
-9.062780602971415078e+00
-7.640087054326951232e+00
-6.869273123584290985e+00
-5.829043832875790976e+00
-5.371603785838431122e+00
-5.647558853568749981e+00
-7.745477234227243102e+00
-7.670416176568574329e+00
-8.028258743774712158e+00
-7.607167686987389210e+00
-6.795606970389164836e+00
-6.667951793923942994e+00
-7.079832461874442373e+00
-7.083341190363747764e+00
-8.211768425790513248e+00
-7.422569202218522122e+00
-6.686514230637344625e+00
-5.678564078292436257e+00
-4.628762187711656928e+00
-3.311875345157544892e+00
-3.258924936204588008e+00
-3.239985716571347485e+00
-1.658625761650512453e+00
-8.776191893440969949e-01
1.736733804089966693e+00
4.077990769406254934e+00
5.479560768879363053e+00
8.217791725158859251e+00
7.421183700178089815e+00
8.774082571091053495e+00
8.262491404580318388e+00
7.593005939609759558e+00
7.505993768290164070e+00
7.989864405009252657e+00
7.449065862742743960e+00
8.860803227333196475e+00
8.041087266711224757e+00
8.224516596889898778e+00
7.877467609686378047e+00
8.358118417563501268e+00
8.815149360979471993e+00
8.558388300134433635e+00
8.110709911570504360e+00
8.338952311449810750e+00
7.637757079751287925e+00
7.796611192881672814e+00
7.494042268640040305e+00
7.801190755600269533e+00
7.996682415071582284e+00
7.163441582009082431e+00
7.328427603381782340e+00
7.456389717378229420e+00
6.019863845777988942e+00
6.371963322669966345e+00
6.143048012118354606e+00
6.759621228191874387e+00
6.958567444562689275e+00
6.654893297456830226e+00
6.771362213155638798e+00
6.988693671534488061e+00
6.620509876681016870e+00
7.441204340564577357e+00
6.245966711728147658e+00
5.395243089510500134e+00
5.104385849125924857e+00
3.596940556508892328e+00
2.269385571724544359e+00
-2.108817387751327210e-01
-1.613171435102152884e+00
-3.927640668898723320e+00
-5.159428183304244797e+00
-5.893266225777349376e+00
-6.049851592111822107e+00
-5.472277614403703971e+00
-5.858233653186087686e+00
-4.402796097966017008e+00
-3.985415948740294478e+00
-6.162636319203651958e+00
-5.202472741282530677e+00
-6.010817165296233888e+00
-6.332377386850873258e+00
-6.954169479478638394e+00
-7.408883684897779709e+00
-6.800828979052312206e+00
-6.924894752689183086e+00
-6.538239561081784501e+00
-7.725591993236932353e+00
-5.909340256920394552e+00
-7.732629458066810457e+00
-6.980957453720889383e+00
-8.434749473495376293e+00
-7.592800066833540917e+00
-6.482949474599462469e+00
-8.071773773877676916e+00
-7.742850384875156422e+00
-7.278171087118068705e+00
-8.406059761894226767e+00
-1.022139301063954875e+01
-8.314687564546243692e+00
-8.931563160852912020e+00
-6.228753309416719119e+00
-4.615622013196837514e+00
-2.530071601156289596e+00
-8.256955750968544283e-01
6.516812054475318305e-02
2.159025482672578988e+00
3.575260548964990903e+00
5.835217339662726488e+00
7.432554134305008553e+00
7.397692685632548226e+00
7.361694185379000110e+00
6.205803371675855828e+00
6.180826268055681361e+00
6.792016332456059402e+00
7.402224922355127745e+00
6.934717178204063970e+00
6.895708432450678771e+00
6.242574494052907319e+00
5.557522744933817371e+00
5.235715826662326045e+00
5.378369282159533249e+00
6.549748596004605794e+00
7.231536407422883173e+00
8.401887783641242891e+00
8.089149995550771521e+00
7.795440004363658915e+00
7.791569452917879168e+00
8.502928060956325140e+00
8.290311030062460063e+00
7.055434386661444179e+00
8.034381617237686513e+00
8.023827166440497649e+00
7.931634483472177699e+00
9.317140355638183991e+00
9.200707726475080506e+00
9.028960504697549183e+00
8.257598506328438503e+00
8.120244204457007342e+00
7.335527898477462116e+00
9.131539147751176699e+00
9.257208280168294223e+00
1.037145298241595093e+01
8.903325471550662229e+00
7.547258691134495656e+00
4.768872457388978248e+00
2.321943198551995380e+00
4.636798889752902220e-01
4.497856071176351556e-01
-2.121119430734022426e+00
-2.816670373575859365e+00
-4.360250546780253700e+00
-6.835139315507969826e+00
-6.859073814272488079e+00
-5.746986061846491189e+00
-5.868673968156134180e+00
-3.587960476944802579e+00
-4.730830659982756536e+00
-5.094719086324273505e+00
-5.931868137405642116e+00
-6.542943283967666446e+00
-3.156984436949111128e+00
4.403512190536904569e-01
2.551530230485127504e+00
2.625061944870783925e+00
3.488652710260118361e-01
-4.760440107697323064e+00
-8.138016244657022114e+00
-1.049320100352292151e+01
-1.001797463457946691e+01
-8.092040971072011146e+00
-5.215443319379861720e+00
-6.538509378480910073e+00
-4.771648181929636579e+00
-7.335983088619497217e+00
-7.448056274351025685e+00
-8.534967831542946470e+00
-7.294930377300065771e+00
-7.266223248027554149e+00
-5.105066864390460424e+00
-5.591635313627107529e+00
-5.067915905345262928e+00
-2.972189567903710028e+00
-1.376658613631954520e+00
-1.151834619317482211e+00
1.597721690983972431e+00
3.389128128725148237e+00
4.368678974236348544e+00
5.148156965715767974e+00
6.650753260049779847e+00
7.316345993137559844e+00
7.621784444016826754e+00
8.775924792959337140e+00
9.900220740960889998e+00
1.013136404658034095e+01
9.726397022544841064e+00
9.904866874294691925e+00
9.511175994440034032e+00
8.538554568468923023e+00
8.448077222413193255e+00
7.812025791629672256e+00
7.974856258985118629e+00
8.087237717023803896e+00
8.426966403393146621e+00
8.626265632521038285e+00
7.847643906480959330e+00
7.811168717155510421e+00
7.505035420287322623e+00
7.458936453391372012e+00
7.246931610929580714e+00
7.509065093191384932e+00
7.154591996403377507e+00
8.218208745529096859e+00
7.523713099169242469e+00
8.190579191233954504e+00
8.003490480381730166e+00
8.261540259119783514e+00
8.105628117996468873e+00
7.644470670719614169e+00
7.086270702877910388e+00
8.055604726239641522e+00
6.407515069718273892e+00
5.024451168918488086e+00
4.224863767605347320e+00
1.792941405345224837e+00
-1.288580726444094271e+00
-2.849245169512881759e+00
-4.944421218203791213e+00
-6.272589126178682584e+00
-7.460165840693464112e+00
-7.323494438108840043e+00
-7.386018335697225545e+00
-6.769964637085490899e+00
-6.207290033658743766e+00
-7.111417977426707004e+00
-5.964703857027471301e+00
-5.720865203505633545e+00
-7.559040795158840531e+00
-7.896752608988763633e+00
-6.107482424473071880e+00
-6.545118699629606240e+00
-6.300809393331068264e+00
-5.956879921778485354e+00
-5.075630637579122251e+00
-7.314121378984465238e+00
-7.267843215826943037e+00
-7.359051293862123089e+00
-6.408913409154981977e+00
-5.734789002340327180e+00
-6.574684486206401779e+00
-7.868175784267624095e+00
-8.848572947174037751e+00
-9.172047278469790399e+00
-8.924974575821289946e+00
-6.871553365369562627e+00
-5.001861763653275617e+00
-4.322907566360747467e+00
-4.815707816977690570e+00
-6.220266249754311971e+00
-6.072783027495010977e+00
-7.772471412344365227e+00
-7.531161650199074131e+00
-5.222793887215722464e+00
-2.351862402211968295e+00
-8.071910727599536095e-01
1.405224347134432117e+00
2.905164644377337346e+00
2.535383103178469266e+00
3.613128315393377754e+00
4.187158115820722948e+00
5.228071029985676077e+00
5.227457981352226390e+00
5.238420532403710084e+00
5.646393094654667877e+00
4.878812566686413277e+00
5.327856316859741703e+00
6.084057874729950299e+00
6.144470731623643545e+00
5.825714750888235649e+00
6.444253124237109276e+00
5.824424629729308300e+00
5.368986445214306791e+00
6.338593801609357037e+00
5.811592254854608619e+00
5.309932572509185711e+00
6.591820340568538938e+00
7.344048698369479489e+00
