-1.731110084291441709e+01
-1.731110084291441709e+01
-1.731110084291441709e+01
-1.731110084291441709e+01
-1.731110084291441709e+01
-1.731110084291441709e+01
-1.731110084291441709e+01
-1.731110084291441709e+01
-1.731110084291441709e+01
-1.731110084291441709e+01
-1.766573999288056029e+01
-1.805816564094685717e+01
-1.833915231806800605e+01
-1.851454307629395046e+01
-1.858220980878360606e+01
-1.852546993104786566e+01
-1.819731674477869987e+01
-1.787949049101382570e+01
-1.790387057881325461e+01
-1.811556933653054813e+01
-1.847448892422177025e+01
-1.847702977156676241e+01
-1.842196548770068532e+01
-1.823526418938725158e+01
-1.809962871771742599e+01
-1.813752140751805086e+01
-1.828114418777209238e+01
-1.843206392501278046e+01
-1.807028376203330922e+01
-1.757856468117242699e+01
-1.731934704665715685e+01
-1.731212233969157666e+01
-1.763726672652931171e+01
-1.809296345615430468e+01
-1.841457426955431487e+01
-1.832039898611176909e+01
-1.797685601354725904e+01
-1.760245644647700658e+01
-1.749091445706214998e+01
-1.772572595213235402e+01
-1.788305117079275419e+01
-1.786247349506681203e+01
-1.776691580902466683e+01
-1.754935342087111394e+01
-1.723246626079549060e+01
-1.735480315980559141e+01
-1.753882254169409194e+01
-1.778166230814909810e+01
-1.791879527564962160e+01
-1.795176791908582103e+01
-1.797984196336156515e+01
-1.805503963764807196e+01
-1.822418715933173061e+01
-1.814796806686581121e+01
-1.824401367593956635e+01
-1.797124842804323919e+01
-1.766884608212272667e+01
-1.771424637068432872e+01
-1.776555254242214232e+01
-1.819604848476777192e+01
-1.811600527190609711e+01
-1.786354682661024640e+01
-1.735211824780000001e+01
-1.687591814630905063e+01
-1.675602065191666412e+01
-1.708633324088322070e+01
-1.780658372261100197e+01
-1.817396721481434341e+01
-1.760863426716963431e+01
-1.648263935658428991e+01
-1.414174165402342354e+01
-1.088090602178531441e+01
-6.523480688140129935e+00
-2.293461498892850781e+00
3.479181799090946825e+00
8.994187676796300934e+00
1.291110832295423982e+01
1.726289932625552126e+01
1.962455643752400292e+01
2.146530016957220965e+01
2.338430679432456927e+01
2.516854399876723036e+01
2.892222802007866989e+01
3.208954643338588397e+01
3.527740424214964321e+01
3.620003043701777301e+01
3.645565488496190909e+01
3.585857820176315158e+01
3.429880829840787015e+01
3.426560853120291483e+01
3.466885165238817024e+01
3.468817568827736864e+01
3.582110470061168428e+01
3.481561509859916015e+01
3.357162148735032758e+01
3.200735619897348982e+01
2.984304304383346107e+01
2.840623140254819035e+01
2.748690877875875671e+01
2.676245785483696338e+01
2.650249991151998330e+01
2.574671884594936699e+01
2.680720975414975626e+01
2.520893462226319670e+01
2.521927916777819334e+01
2.464725666092203937e+01
2.372833542149975017e+01
2.426656508957876568e+01
2.345565772533010573e+01
2.502355379627707777e+01
2.627311286521206313e+01
2.650990221982454287e+01
2.765395849147957108e+01
2.777984954742852963e+01
2.721968980189591392e+01
2.722523297971997636e+01
2.702211731948534634e+01
2.779920399846401224e+01
2.896563406429950049e+01
2.961052500342164251e+01
2.974295635185090703e+01
2.959790987618792002e+01
2.797345487539961439e+01
2.755521657038261552e+01
2.673652828882394061e+01
2.699763738408805125e+01
2.823040145197343875e+01
2.844236278283868202e+01
2.904152133442317307e+01
2.907748927739181966e+01
2.938757068335599243e+01
2.904059926309173179e+01
3.031698925008421597e+01
3.160385326539865858e+01
3.186176648235096209e+01
3.190473479112866784e+01
3.104018995962075422e+01
3.058624239274243450e+01
2.986369910837759889e+01
3.019507945166010998e+01
3.114471924669474490e+01
3.318091850529857822e+01
3.251650822070231328e+01
3.163020147833712414e+01
3.222466947787823699e+01
3.116367692989322791e+01
3.162871472599144340e+01
3.450192749424899574e+01
3.708206125929486063e+01
3.881443661406456158e+01
3.837854615156844318e+01
3.641643249711817987e+01
3.291370061560858318e+01
2.758644153896889151e+01
2.391356493331653255e+01
2.009980170885004114e+01
1.685730521732895326e+01
1.226565859727653596e+01
8.949511949765444285e+00
5.320430061457878779e+00
1.469727858355837746e+00
-1.172818222062723903e+00
-3.606757584935381011e+00
-5.593588244165614398e+00
-7.881293055349805954e+00
-1.004226340833482922e+01
-1.157747268861787582e+01
-1.241674988322015771e+01
-1.294849225026731077e+01
-1.311282990536315474e+01
-1.314618100095778530e+01
-1.346710746466693109e+01
-1.406903645744265319e+01
-1.453569937524700073e+01
-1.457555717586411070e+01
-1.446092829906309518e+01
-1.442813218892167271e+01
-1.460550686593946246e+01
-1.498229496390912807e+01
-1.530739609413124036e+01
-1.553443679701935132e+01
-1.550373154408005938e+01
-1.519357123044132152e+01
-1.512765262910649255e+01
-1.527077105132394941e+01
-1.576725264325736120e+01
-1.599502107709400711e+01
-1.584494043209764058e+01
-1.572361323095512020e+01
-1.558201537204334031e+01
-1.563769993298839722e+01
-1.595974055769864641e+01
-1.663469638593919697e+01
-1.706829277223401675e+01
-1.695030834464889224e+01
-1.640240786034342690e+01
-1.578406490010232588e+01
-1.535571953240354404e+01
-1.524973950433194325e+01
-1.554807101373894795e+01
-1.591203657138417782e+01
-1.616278494211567462e+01
-1.610564570405210816e+01
-1.580284253619143442e+01
-1.574815657841162952e+01
-1.572094597154273643e+01
-1.579696299321284059e+01
-1.588712715644630613e+01
-1.606704188074223083e+01
-1.605840705324532180e+01
-1.619304975371619904e+01
-1.637128536636193132e+01
-1.641953555761544692e+01
-1.633171286537761802e+01
-1.620409724085033076e+01
-1.594667760705033288e+01
-1.573330319662101218e+01
-1.568995678884758682e+01
-1.566711802881621196e+01
-1.571749952678682405e+01
-1.577769340622131367e+01
-1.589999765262788678e+01
-1.599155771704557694e+01
-1.622583987656395976e+01
-1.659681752127330867e+01
-1.682505914512262279e+01
-1.673674164109933926e+01
-1.630635202391204785e+01
-1.575397059241027797e+01
-1.528485214958239702e+01
-1.520395164401783816e+01
-1.548040227738682262e+01
-1.590042362170100354e+01
-1.603213977490916520e+01
-1.589088671118883944e+01
-1.540449049188063846e+01
-1.511180393812091971e+01
-1.509491994833295792e+01
-1.527666624783151050e+01
-1.548624958361776471e+01
-1.548124971140755690e+01
-1.525191520377432575e+01
-1.504907205105086376e+01
-1.492858748514229461e+01
-1.521500109869715267e+01
-1.556543383082193621e+01
-1.566798510027345159e+01
-1.559816459205701911e+01
-1.526083289322048131e+01
-1.481737852168102876e+01
-1.477308374164874749e+01
-1.494186699238060001e+01
-1.546816599718255247e+01
-1.557025246427972753e+01
-1.547016623155148984e+01
-1.547863164990887874e+01
-1.541238290052291937e+01
-1.541948415565844677e+01
-1.555439190727171272e+01
-1.579728298616620208e+01
-1.572645866723113706e+01
-1.546751386092431879e+01
-1.520068551251505440e+01
-1.520239196648530466e+01
-1.556593141357853938e+01
-1.582652726960494860e+01
-1.594546962012002211e+01
-1.592450468386265072e+01
-1.568009157992028868e+01
-1.539529622322134372e+01
-1.552284069254259080e+01
-1.588463369810697934e+01
-1.620691805529737550e+01
-1.612294755449945072e+01
-1.573757588182585820e+01
-1.536003296119192285e+01
-1.519078865592447691e+01
-1.534479132076922347e+01
-1.566347241158304548e+01
-1.595313863574101809e+01
-1.570792045843946383e+01
-1.520020639049481126e+01
-1.464036373357099841e+01
-1.477515978720843570e+01
-1.526401344634623669e+01
-1.614211961910489634e+01
-1.678287698666296279e+01
-1.663912252848567519e+01
-1.519726370450640829e+01
-1.269297536280200411e+01
-9.669365429116181687e+00
-5.998082567234950702e+00
-1.797801057407895531e+00
2.948311904548163387e+00
8.083206457310982529e+00
1.192118270007277303e+01
1.649088430541447181e+01
1.866563200751460272e+01
2.144112099055911003e+01
2.270338498016650064e+01
2.623055029983669328e+01
2.856937919377629953e+01
3.050483865152471097e+01
3.258694519436331660e+01
3.230130284115507067e+01
3.164338298028120633e+01
3.109045247561918401e+01
3.093552898908938786e+01
3.205270876822390846e+01
3.277842012028322216e+01
3.326873915001213788e+01
3.451459322316983958e+01
3.388300374791960934e+01
3.302761510298861225e+01
3.388667913770790108e+01
3.181006622024828090e+01
3.038663133520163484e+01
