7.690163072969897762e-01
7.690163072969897762e-01
7.690163072969897762e-01
7.690163072969897762e-01
7.690163072969897762e-01
7.690163072969897762e-01
7.690163072969897762e-01
7.690163072969897762e-01
7.690163072969897762e-01
7.690163072969897762e-01
-1.959108308955490152e+00
-4.786721827178100241e+00
-8.742197934584464036e+00
-1.035716357900899354e+01
-8.132458704819418571e+00
-6.413109411497173618e+00
-6.823783872677225304e+00
-6.946684841049235892e+00
-8.357084941519961063e+00
-8.641827100144800156e+00
-9.758638399314142120e+00
-7.875822306936745676e+00
-6.657789847410243489e+00
-8.460335896404734157e+00
-7.597237033300689113e+00
-6.589745476530227464e+00
-7.455615700227743226e+00
-8.524911430193549577e+00
-7.191859590901208854e+00
-7.603076093797033863e+00
-8.712199480668727958e+00
-7.359359360508891612e+00
-7.791655239649458942e+00
-7.192681954317396986e+00
-6.417191918393934991e+00
-5.189031406485363540e+00
-5.799985452543853448e+00
-6.812760500080701220e+00
-5.536571630744368200e+00
-7.359403096800321009e+00
-8.591260712766603191e+00
-6.677482612261876227e+00
-5.899242653852534879e+00
-6.163960363555206712e+00
-7.526554088229156392e+00
-7.100968557390278768e+00
-5.303832954834565072e+00
-5.707549899719545294e+00
-2.610395386548321817e+00
2.243318605069908322e+00
4.566354688097236547e+00
5.665197797803600999e+00
9.279793416465999201e+00
1.037374311695165119e+01
8.537757837846569942e+00
8.525062866892227476e+00
9.172575469715923191e+00
7.615849210186588891e+00
7.917250485774438573e+00
9.149722076565325324e+00
1.126776626380147306e+01
1.060726971285356512e+01
9.283759994267869686e+00
1.024833480486734594e+01
8.789447441669354433e+00
8.438160497008793115e+00
9.240020669324318092e+00
9.671970977868200592e+00
1.096451598217749712e+01
1.160135788782011623e+01
9.817807772559291379e+00
9.142997639506535990e+00
8.149467178268537282e+00
7.799966403079418242e+00
7.661534668787199465e+00
8.971307166965694080e+00
1.036418788500182409e+01
9.437526659254638517e+00
9.409939121301585274e+00
9.060089268755582737e+00
8.821001990731870634e+00
8.964485983533798219e+00
9.582864414431927713e+00
9.135740902229246174e+00
7.909929316786340259e+00
5.795884074142808373e+00
3.253540593487974419e+00
1.994733520874679478e+00
-1.840081401026288921e+00
-3.794241517873441882e+00
-6.055478832403437650e+00
-8.125683592976097103e+00
-7.056142826820384073e+00
-7.507839246161147173e+00
-6.147382583586713523e+00
-5.083232256043013209e+00
-5.185634474608335154e+00
-4.877297098023781530e+00
-5.872539354298131009e+00
-9.020583726143158287e+00
-8.923772910885229948e+00
-7.065024181457975061e+00
-7.288240762847399523e+00
-4.956468278148642881e+00
-5.722044066246049887e+00
-6.316331606312981961e+00
-7.333828399530220921e+00
-8.062431562288301379e+00
-7.472608718339348144e+00
-6.851429450785365027e+00
-5.439738002350709145e+00
-7.014517561431377501e+00
-7.768145929258635007e+00
-7.160984315262892252e+00
-6.133252852551781764e+00
-7.466495999181583798e+00
-7.758354895909750581e+00
-4.831642326053112058e+00
-6.952308887209600385e+00
-7.383001599096850498e+00
-7.611198058253489052e+00
-7.283685105407192495e+00
-8.672302633385539750e+00
-7.369782931935531245e+00
-5.853439682152620449e+00
-5.284513634934189241e+00
-3.552248037816253756e+00
-1.297503125429544379e+00
1.659727846088760783e+00
3.847694385132900408e+00
6.170406086549419022e+00
7.302976932966021018e+00
7.573457852458847839e+00
7.468110973671187480e+00
6.965238356107165352e+00
6.631823030392826723e+00
8.047426956677632859e+00
8.678562771228664374e+00
7.916299816199945383e+00
8.486548688718144717e+00
9.132297355076641310e+00
8.872797546282038539e+00
8.656636219133025278e+00
9.847048559590273697e+00
1.070451908439096655e+01
9.737633916592477235e+00
1.043107302595350916e+01
9.719350926341302710e+00
8.088889718630348113e+00
8.022720018712153234e+00
8.902679125566125506e+00
9.301480089463776579e+00
9.110383109740151752e+00
9.488184643112525407e+00
1.023083015941944751e+01
8.468012367758989356e+00
8.292742168554037008e+00
9.157852714577266795e+00
9.785387450583403535e+00
8.755918843905224236e+00
8.839129419129992726e+00
1.068377859988245859e+01
9.887225972180576861e+00
9.056302436194460626e+00
9.465150657594417538e+00
7.100519692684297723e+00
4.911267356399679151e+00
2.195997546478560380e+00
9.322415289811512018e-01
-2.451365943491609745e+00
-5.488084784953824347e+00
-6.283969917663783100e+00
-6.829470893670785081e+00
-7.296942012309848735e+00
-6.594899700564081257e+00
-4.938953439857147742e+00
-5.842524012454035187e+00
-6.471186000567525909e+00
-7.097425541620705047e+00
-6.325804911236792449e+00
-8.679792639679060784e+00
-8.584842133333053127e+00
-5.461751342372744844e+00
-4.615555486167433941e+00
-3.754200642625658002e+00
-2.732576510929752622e+00
-5.107273012144616153e+00
-6.182599255190748266e+00
-6.888626677220234917e+00
-6.493565880942351320e+00
-6.305574667619568530e+00
-5.438180403981964339e+00
-5.103338574564505237e+00
-5.094171605747582987e+00
-5.507423433437647731e+00
-7.088024615044955290e+00
-6.450536107478407111e+00
-7.753492211355153430e+00
-6.672962502292238085e+00
-4.674134427643833689e+00
-4.867054687086615594e+00
-4.708444432210074915e+00
-5.849594865318684889e+00
-4.538690193817995322e+00
-1.745684284744903447e+00
1.533760807158092154e-01
1.663577546186229217e+00
4.627994627613426282e+00
6.419502006873244682e+00
7.360678954513860006e+00
9.372336634915482634e+00
1.020747633891431505e+01
9.401507128201055608e+00
1.049942020828806299e+01
1.097229938185236797e+01
9.758571759144114566e+00
9.078438731260558114e+00
1.002743365511811646e+01
8.451118620785134539e+00
9.083672961327113882e+00
1.046137068534650183e+01
9.155479021980942989e+00
9.586821325705994212e+00
1.031676741689595289e+01
9.085750210626803991e+00
1.013599845669428490e+01
9.216121374477957318e+00
9.604218319538087911e+00
1.030618860703448370e+01
9.490370463942053192e+00
9.653344576963377222e+00
1.160113821500760878e+01
9.620512528061500035e+00
8.903651418601590706e+00
8.008403695059795879e+00
2.652809144938325758e+00
1.234194650354948353e-01
-1.402727862471364606e+00
-5.743169205978299274e+00
-6.032700052241337652e+00
-6.085474581469567212e+00
-6.785648113076560684e+00
-7.714586972813345156e+00
-4.955324518827731950e+00
-4.970827348548477076e+00
-7.718886256046816108e+00
-6.173447118355309016e+00
-6.422518802720748710e+00
-8.545621078897154277e+00
-7.283674561376329848e+00
-5.710533839472675233e+00
-6.207758552664719431e+00
-6.486466733737566770e+00
-6.220003907101629537e+00
-6.619510988698960041e+00
-6.489025885993817688e+00
-8.209866670433193292e+00
-7.939974306604058008e+00
-8.815739572499499133e+00
-8.295278521946359618e+00
-8.415291512493835668e+00
-6.517697750097434017e+00
-5.665968200842998570e+00
-7.367077541145409469e+00
-6.955050259437996374e+00
-7.961297050899813321e+00
-7.691366543594037708e+00
-6.296748863487908743e+00
-6.493236621927450436e+00
-6.637577917152282403e+00
-7.038005813842493907e+00
-6.766543755508155122e+00
-6.847626239881860144e+00
-7.428060725394713515e+00
-6.928857396218693232e+00
-4.241567013051716017e+00
-3.109425154179410455e-01
3.029143145501464573e+00
4.641268150973352213e+00
5.861471789526929932e+00
7.061999852085562246e+00
7.738884302201890719e+00
9.251065204709265188e+00
1.166076034717678667e+01
1.159055967629391048e+01
1.162122760837985247e+01
1.085425911212703198e+01
9.003342351350768880e+00
8.163529286318624401e+00
8.029480348363128073e+00
8.449073927398265127e+00
1.029243535421167266e+01
1.078351417860149652e+01
1.113789612694466236e+01
1.175789421493219322e+01
1.052844361137065654e+01
9.042226888659850914e+00
9.888306228897262073e+00
1.070869937604174105e+01
1.060105468485223845e+01
1.065835153837520721e+01
1.001908035192777824e+01
8.807221605472319581e+00
9.544697106440143131e+00
8.782040844715385930e+00
7.343533382352291916e+00
4.835669581696518726e+00
4.490796305363078389e-01
-7.087835855714368360e-01
-3.462645444485876745e+00
-5.866069001129616822e+00
-4.578963393256431758e+00
-4.357273535663809483e+00
-5.647099923216242878e+00
-4.045757987145849555e+00
-6.270443502482388354e+00
-4.240088492332173331e+00
