-2.834328171636429872e+01
-2.834328171636429872e+01
-2.834328171636429872e+01
-2.834328171636429872e+01
-2.834328171636429872e+01
-2.834328171636429872e+01
-2.760249406567481145e+01
-2.707538262601916301e+01
-2.709739106660929409e+01
-2.747882158971596667e+01
-2.779023784600342495e+01
-2.804502609047067807e+01
-2.802770782669332661e+01
-2.764251197937471005e+01
-2.738172835189701004e+01
-2.743615609925097942e+01
-2.751197034231971372e+01
-2.768083470473271035e+01
-2.781702860162424429e+01
-2.789909984740063464e+01
-2.770250063420802178e+01
-2.755428490810903597e+01
-2.755154777318631787e+01
-2.778620285328103279e+01
-2.795426966646311229e+01
-2.797839103771837443e+01
-2.791939058593074563e+01
-2.775446480292925955e+01
-2.756686797626894503e+01
-2.751426757808021506e+01
-2.767745150541592025e+01
-2.798466744783770110e+01
-2.820791287271153891e+01
-2.808465151694088036e+01
-2.800627101462177748e+01
-2.800947545488730483e+01
-2.783958123071901625e+01
-2.774369636812197726e+01
-2.804982502166885894e+01
-2.817776602306434341e+01
-2.800279295576672922e+01
-2.788247902628668839e+01
-2.785273397160892372e+01
-2.789648021922296905e+01
-2.780205068279401459e+01
-2.791897388165519089e+01
-2.798661365462522355e+01
-2.764861886296641202e+01
-2.734036414337937870e+01
-2.752947919356186901e+01
-2.780976222125779174e+01
-2.822621944023017448e+01
-2.838331330414164810e+01
-2.832495912157874685e+01
-2.775160374506446104e+01
-2.707551331850182308e+01
-2.704785548746787427e+01
-2.755507790644937671e+01
-2.833275756457526029e+01
-2.859265052458149015e+01
-2.743341211761831744e+01
-2.436449930927927454e+01
-1.926883266282217022e+01
-1.325010995868110442e+01
-7.066473672116179827e+00
-1.968040366210694003e+00
2.223527199697683532e+00
6.415397037976829253e+00
9.724884025196690374e+00
1.412560376000186935e+01
1.841319362080683675e+01
2.234870650024218364e+01
2.484750452600143689e+01
2.631855138228756630e+01
2.657368770211176212e+01
2.610676391855375655e+01
2.622054055878959389e+01
2.689866628250755554e+01
2.789783423347013169e+01
2.936640898907718977e+01
3.020062934359357953e+01
3.092731022040777233e+01
3.137629940256924499e+01
3.166184714737027761e+01
3.174860742899111798e+01
3.198431586649363112e+01
3.220917409502321505e+01
3.185532814585821981e+01
3.168691384725192250e+01
3.174310263208104033e+01
3.162483226801361980e+01
3.186101126959102459e+01
3.188504654416141548e+01
3.203404461517670399e+01
3.175779053182573364e+01
3.154876007800544002e+01
3.178639498821768328e+01
3.202231782494583712e+01
3.254309934502512647e+01
3.274927723923048717e+01
3.275355194415580229e+01
3.249177283616459277e+01
3.243241638734584598e+01
3.236941135971203920e+01
3.249348657659405859e+01
3.303796810015369800e+01
3.325775478675043928e+01
3.321667507527732965e+01
3.314701883289649231e+01
3.316420731766170604e+01
3.294031071720537795e+01
3.308328367026407335e+01
3.343557581590432193e+01
3.380438440611634121e+01
3.363171463782902748e+01
3.347404889064683431e+01
3.348045625811238324e+01
3.331838480142535275e+01
3.344738536086806846e+01
3.368358870495895019e+01
3.395566427373621821e+01
3.396349791986962430e+01
3.387193968116029907e+01
3.389781860189243901e+01
3.403001928338972704e+01
3.449622301325794638e+01
3.494226794688346160e+01
3.560038077604801998e+01
3.616149339016112663e+01
3.663304943174001949e+01
3.669086634028476368e+01
3.693549113775863901e+01
3.713484666769055309e+01
3.729414535132502806e+01
3.744483890650137425e+01
3.760434214698109656e+01
3.776899616008252281e+01
3.760263033778269914e+01
3.740514071243190841e+01
3.728835721048581320e+01
3.764788678018464907e+01
3.795535485548433741e+01
3.810606578721781545e+01
3.732553850201779255e+01
3.492572634715526902e+01
3.016094283467091941e+01
2.284791263312406073e+01
1.510982583205454333e+01
7.065825852655716943e+00
-3.642582669091076752e-01
-5.277340143398746797e+00
-7.176286258401403551e+00
-9.490114271873800078e+00
-1.153830137628803598e+01
-1.197269868942980864e+01
-1.393954933797746953e+01
-1.636805838360887222e+01
-1.671900900444352089e+01
-1.677267092685787375e+01
-1.756558026623860158e+01
-1.825086443566550898e+01
-1.850236450761154927e+01
-1.949616049091553549e+01
-2.101457625230601778e+01
-2.104728227731866141e+01
-2.077150581039845179e+01
-2.117046502398913077e+01
-2.145026525648588134e+01
-2.195366328111615317e+01
-2.299194891744268787e+01
-2.408902645367796680e+01
-2.448522022902360007e+01
-2.444977000347297746e+01
-2.424220668699992842e+01
-2.432048319768588485e+01
-2.476129960754811421e+01
-2.536080520019269002e+01
-2.576807021581835500e+01
-2.611180667145398004e+01
-2.603310416451512310e+01
-2.574725775182375642e+01
-2.577697389721267029e+01
-2.617315056255522521e+01
-2.663733423576272941e+01
-2.691540226781325984e+01
-2.694745855162872061e+01
-2.694895270229910622e+01
-2.696535069637699777e+01
-2.716785937381229488e+01
-2.757189289964479073e+01
-2.799193958644766411e+01
-2.814133096716545168e+01
-2.789924230869046795e+01
-2.767106303325896732e+01
-2.777154048486554316e+01
-2.816571788722992764e+01
-2.854100809041590026e+01
-2.884497221511879772e+01
-2.888618065248632050e+01
-2.859620419376640044e+01
-2.824300632073143547e+01
-2.837680461691682510e+01
-2.899492466420825565e+01
-2.959656990700551660e+01
-2.953724452203843498e+01
-2.905089889831069883e+01
-2.841928530279084697e+01
-2.820181244255316599e+01
-2.860977616275487634e+01
-2.962994259648166562e+01
-3.034529976713520938e+01
-2.898457506075591539e+01
-2.407339447290073409e+01
-1.701193697617528144e+01
-8.519761538580162608e+00
3.933534133549674294e-01
7.553096628170132831e+00
1.081471401487859296e+01
1.368857122761136758e+01
1.572080141782798535e+01
1.666110360658149858e+01
2.006014668634870546e+01
2.198898403148929148e+01
2.386167139480679467e+01
2.582361373945868976e+01
2.507013564804545780e+01
2.515499953186933624e+01
2.587166702214339509e+01
2.583613856650322305e+01
2.704386704263087893e+01
2.825033829512066674e+01
2.813047194375229410e+01
2.895481943264097779e+01
2.899015516715834551e+01
2.851845548257928442e+01
2.897628634814885373e+01
2.909913686089694806e+01
2.869147761354838622e+01
2.891110487867589285e+01
2.912185469453570263e+01
2.897741971564051511e+01
2.892207942207619098e+01
2.943432094035426161e+01
2.946927202832072368e+01
2.929164160916473847e+01
2.982278331858771381e+01
2.993822675022846624e+01
3.009671720131355954e+01
3.052611960345895881e+01
3.049557810475836561e+01
3.030658741741502382e+01
3.011270568268999170e+01
3.012047259480161188e+01
3.029286777154650423e+01
3.082344958290074999e+01
3.128639600606355486e+01
3.161526296436345618e+01
3.148111290533742945e+01
3.113299137641934422e+01
3.086184753754090337e+01
3.098222071939540356e+01
3.107685297533247848e+01
3.133577611411270070e+01
3.170105513688459098e+01
3.153779422752260331e+01
3.104400215384522710e+01
3.097310636303906861e+01
3.112201213771755803e+01
3.146741315301672159e+01
3.152463593457238744e+01
3.159656085819051441e+01
3.156387945021111818e+01
3.149573686358305125e+01
3.160118357397188049e+01
3.220165539520033349e+01
3.299587273501342111e+01
3.384635703752086044e+01
3.415992616399782378e+01
3.443716350161896855e+01
3.494389949695502651e+01
3.507790968029000567e+01
3.489317358051845019e+01
3.389698403429824936e+01
3.068985367970464750e+01
2.519711450944038589e+01
1.701848401729487748e+01
8.922940324383166200e+00
7.894489973133849148e-01
-4.974896902063099091e+00
-9.167018112974352206e+00
-1.015218752280351566e+01
-1.076641166470742661e+01
-1.268128773546369814e+01
-1.391633734270341449e+01
-1.527832035131707933e+01
-1.780367239526622569e+01
-1.944874330499300186e+01
-1.978923258761777149e+01
-1.999873177457071094e+01
-2.123999339234252304e+01
-2.157945096187184575e+01
-2.169284724812482423e+01
-2.294318463860164670e+01
-2.326709981343513789e+01
-2.339286687029443712e+01
-2.354992402292782216e+01
-2.401357375269683203e+01
-2.503776994094600639e+01
-2.551447575250562494e+01
-2.614516931340133965e+01
-2.689874807922801736e+01
-2.689536903924842903e+01
-2.699495529537455596e+01
-2.707447914147039825e+01
-2.728379878308642859e+01
-2.772402000941625744e+01
-2.806808608173385977e+01
