-6.860592457343572370e+00
-6.860592457343572370e+00
-6.860592457343572370e+00
-6.860592457343572370e+00
-9.471207441684162731e+00
-7.229776869418509833e+00
-5.686225058172608371e+00
-8.144386509838540178e+00
-6.920363913480720441e+00
-2.738739704675297482e+00
-6.380832393789202861e+00
-6.230805190539024707e+00
-6.959670365848664275e+00
-8.257876898824655143e+00
-6.149677974258480617e+00
-5.956244167597505523e+00
-4.958293185128257896e+00
-4.086783431153935275e+00
-7.226489157354276216e+00
-8.301318375131538474e+00
-1.275988215359311795e+01
-1.263548096182756453e+01
-1.131650258462936165e+01
-6.959358446363220096e+00
-2.310272598394997434e+00
6.018956224599625315e-01
-1.281535390012522591e-02
2.054374635217700584e-01
-2.475880477164219773e+00
-5.029524699659098985e+00
-4.959600275219676391e+00
-5.612239768221124692e+00
-5.336390587583135670e+00
-5.972020139698607899e+00
-6.337630757383571733e+00
-6.662552466533471218e+00
-6.882289020172727589e+00
-6.803055633508056310e+00
-3.928230712174845429e+00
-2.076422689600855076e+00
-3.037270357572120272e+00
-4.796926206205736953e+00
-1.989906918039155759e+00
-5.081733799389190898e-01
1.770991363719497169e+00
6.091435744197174706e+00
8.631579459600494886e+00
9.721733851366426649e+00
9.388174793923269590e+00
8.750827812589244914e+00
6.183154019921262901e+00
6.226483318205625395e+00
6.391438918893144638e+00
7.745907154470892841e+00
9.378272888071535363e+00
9.630791607131504506e+00
1.078083281933156812e+01
1.118924540031158443e+01
1.259976158525929790e+01
1.387040259120343855e+01
1.318999838269368219e+01
1.187897324925469711e+01
1.086151053630494268e+01
9.313711151549940226e+00
9.440549471141840954e+00
8.846666974539903805e+00
9.099991008895800704e+00
1.068456551065171212e+01
1.106468884926968599e+01
1.161323135789077909e+01
1.167879257356009504e+01
1.272903233726023409e+01
1.322554775394429250e+01
1.402669267848731494e+01
1.354985301198447978e+01
1.311166483408918815e+01
1.211034377588665301e+01
1.142079316706437098e+01
1.012621588782165105e+01
8.769220442592374098e+00
5.653479622485049205e+00
1.907816359563417219e+00
-1.439188707844463178e+00
-4.606153518099408650e+00
-3.829429632171442499e+00
-3.870969950292622919e+00
-2.452727390705515820e+00
-2.818338512245419203e+00
-3.317471188991144349e+00
-6.804680570965725650e+00
-7.703508537580685989e+00
-7.822557958664197564e+00
-6.955151652824189235e+00
-6.373303139622314539e+00
-5.272591792671681432e+00
-5.943719039758413203e+00
-7.009338808451897052e+00
-7.132521944786462953e+00
-7.263286038458784510e+00
-5.983281096693231049e+00
-6.152044201033159965e+00
-7.673152755794856006e+00
-9.287777855440152663e+00
-9.657734110694839558e+00
-1.240482503816737925e+01
-1.120914940326149178e+01
-8.850923609210905596e+00
-6.366123799693987451e+00
-7.017351565813607195e+00
-7.748773157704508030e+00
-7.032061624073807415e+00
-7.666524986116771245e+00
-7.067656160464201420e+00
-4.133116685543548385e+00
-3.421085253122086112e+00
-3.484449777072853305e+00
-5.384174929267802057e+00
-8.869953812683048611e+00
-8.457931965009644060e+00
-7.728872512471976819e+00
-8.649836292270443039e+00
-5.207429766536186833e+00
-3.066890612519074022e+00
-4.265499345931972108e+00
-3.531257518902452652e+00
-2.217336704013215698e+00
8.387394077087504396e-01
3.606678809151253606e+00
6.912573324490100646e+00
1.002788181856857364e+01
9.237481499363520143e+00
9.208023526542831405e+00
8.657687873718863614e+00
8.819636145036289676e+00
1.004514745239503704e+01
9.967051865562620350e+00
1.018671127484789807e+01
1.044728949985840849e+01
9.818832742675711600e+00
9.269202271316206776e+00
1.090341881220128073e+01
1.016960689448378474e+01
1.016175168410341456e+01
9.693225964110549597e+00
1.001705650925794266e+01
9.031851770299059723e+00
9.519887625527800878e+00
1.086608084440347355e+01
1.131192849413766588e+01
1.142828857991193914e+01
1.150427924148430670e+01
1.111741600179365719e+01
9.606324176855018493e+00
1.136987170474029440e+01
1.106935213631194159e+01
1.099750457863716768e+01
8.496621177488794530e+00
7.433486723680648112e+00
3.643847180399311991e+00
8.934574174869247543e-02
-2.694935877544272884e+00
-5.591078243078730026e+00
-6.157387678594197666e+00
-8.016786129556143337e+00
-7.805389174994521007e+00
-9.360679659884310055e+00
-8.051905945459280289e+00
-6.476570146724593080e+00
-6.771213152505696442e+00
-6.012735306172388938e+00
-4.756703051848017338e+00
-6.755889608722625894e+00
-4.767559558333342551e+00
-4.410924396281169280e+00
-4.302099128546241324e+00
-4.007339788869507480e+00
-4.352300618062228565e+00
-5.343845673557336085e+00
-5.718677039859761280e+00
-8.518546701591130699e+00
-6.906801060007302873e+00
-4.600351809874972275e+00
-7.179221884881640037e+00
-7.643801102163529926e+00
-4.979699633256129410e+00
-7.711587236132745993e+00
-7.379158656536256800e+00
-6.584726594080573037e+00
-7.404891982905244419e+00
-5.608774710076653847e+00
-7.702350009976628442e+00
-8.087275729166242044e+00
-8.745089283037639660e+00
-7.975569398433716373e+00
-5.645241665107691986e+00
-3.576992173337650627e+00
-3.248938895752238487e+00
-3.326238977335722158e+00
-6.518561799298783654e+00
-5.539417335637565110e+00
-5.015673845736456471e+00
-3.138332530772553142e+00
1.936086896638511856e+00
5.059190393780687245e+00
6.509169482275420471e+00
7.844844361053261217e+00
9.115929473793114468e+00
8.627729076721237789e+00
9.669609248269651403e+00
1.184728185439969650e+01
1.197717341419234849e+01
1.165619357991795368e+01
1.086890736580890149e+01
9.530672290294500471e+00
9.320662847014752117e+00
8.721992199838014770e+00
9.098471455998865309e+00
1.096748990816776903e+01
1.152147511141062530e+01
1.049589693437291693e+01
1.004984488093436745e+01
1.050379791255505779e+01
1.055621121704788301e+01
1.117477588613195927e+01
1.184673551713465045e+01
9.803084654013497712e+00
1.077670428430888450e+01
9.373144567026020724e+00
7.082996568800857595e+00
7.466729369226337454e+00
6.943228266300486951e+00
5.001536625874002162e+00
6.382685878221363573e-01
-2.243381164487565638e-01
-3.883663152812895536e+00
-7.623085135052022565e+00
-6.991817575526853901e+00
-8.046440828173746951e+00
-8.528979215858528917e+00
-7.554606660160630760e+00
-6.686508427707429369e+00
-5.722546177098380760e+00
-8.344396116459748214e+00
-7.468993561850155949e+00
-1.001930404131683261e+01
-9.980508673005763498e+00
-8.736444731921979567e+00
-8.785702551631178636e+00
-8.964305166310358786e+00
-6.639795494005591436e+00
-6.883524365744255746e+00
-8.859143293119688067e+00
-1.070213162660787987e+01
-9.649644015107270434e+00
-9.306859812537169319e+00
-7.273959496002428082e+00
-5.772595813194583592e+00
-5.743759891902113779e+00
-6.185072263365941403e+00
-8.735326117059139861e+00
-8.971065658254447683e+00
-1.012587384847568117e+01
-9.413567121678367400e+00
-7.434695988224667929e+00
-6.737564068035299059e+00
-6.013562792005991753e+00
-7.433284922537753303e+00
-8.547160469077269340e+00
-7.280973584964620215e+00
-5.715063905284987200e+00
-1.908283510095179825e+00
1.543413806208332240e+00
3.038843113786942496e+00
5.606710591916417741e+00
6.749777557139549522e+00
6.164254662852373556e+00
7.155738307039087864e+00
7.791967627473341373e+00
8.795361436181540427e+00
9.818223546120403711e+00
1.007663450663579852e+01
9.246078015740808453e+00
9.121548625560786050e+00
8.466567466066365455e+00
8.199829349203699991e+00
8.762675613330118907e+00
9.629384538076264377e+00
8.955344249088579289e+00
9.968098729028435301e+00
9.382866830602321073e+00
9.987283770650959625e+00
8.881293472995224647e+00
8.836709678335111562e+00
9.923501705879917978e+00
1.064836813780572911e+01
1.045600166469962744e+01
9.778585214988074981e+00
7.107049429958455455e+00
4.270460125420073361e+00
7.069186124250106396e-01
-1.478604625600517641e+00
-4.616541619588776513e+00
-5.390129460349487367e+00
-4.277161685325245877e+00
-4.311589974329974595e+00
-5.285482955404332550e+00
-3.538279453049324452e+00
-8.096509020063111350e+00
-8.822284411879978805e+00
-5.984055509346450918e+00
-7.511639267746112125e+00
-7.166566968831912021e+00
-6.003341798196435875e+00
-8.798051540470336107e+00
-7.079306224418533411e+00
-8.789842222818021966e+00
-6.909981266123878640e+00
