8.614221935628016524e+00
9.433650483190524128e+00
9.912618850742777710e+00
9.511538552986008810e+00
1.008456494961635386e+01
1.070654024290824502e+01
9.845905489257194887e+00
7.974264816056412464e+00
5.764959342584458746e+00
2.186696395588710651e+00
-1.486907749683449742e+00
-4.327575661403397334e+00
-6.061224313373124950e+00
-5.771796553787429396e+00
-5.827748404492318457e+00
-5.939810472459727819e+00
-5.502674269211586200e+00
-6.274151668913379609e+00
-7.632204317771375202e+00
-7.435189225137937896e+00
-6.131326445670471692e+00
-6.171276147982124982e+00
-6.466315306740509250e+00
-6.414803207537667085e+00
-8.472431203359663598e+00
-1.079304655964726756e+01
-1.099453507252621343e+01
-1.051703458450719886e+01
-9.470434478517331556e+00
-8.400128405862037795e+00
-7.041809562363178898e+00
-6.578583487167809274e+00
-8.909786635339603578e+00
-8.929516408414809092e+00
-7.699259990641097673e+00
-8.814375137026274842e+00
-8.068073749211535528e+00
-7.320224251467378096e+00
-8.568064593132831419e+00
-8.900299374649273787e+00
-8.789067489359647212e+00
-8.409782218633884199e+00
-7.909801461406600787e+00
-7.996338024768642860e+00
-7.731955617443926343e+00
-7.882295767917533169e+00
-7.478934556552855994e+00
-5.673461839277146979e+00
-3.738296690864324034e+00
-8.438613748251595492e-01
2.060266291297678798e+00
4.021177517935131007e+00
5.112156511750414190e+00
5.965870731267577831e+00
6.150591818949059153e+00
6.430856877386370130e+00
7.260059501214354505e+00
7.903101401353376687e+00
7.943187676966012134e+00
7.775979149573593929e+00
7.294279355259063458e+00
6.087604180763825923e+00
5.680759996283871516e+00
6.348978859677058217e+00
6.730593144766396918e+00
7.271919679083428179e+00
8.034335095772387803e+00
7.666767393705153921e+00
6.548289253469480542e+00
6.193382668269745039e+00
6.455965278471252233e+00
6.408246764963005937e+00
6.669563866624994120e+00
7.168239065836263357e+00
6.280757893195253239e+00
5.300146428469370896e+00
5.005217595974428946e+00
4.919857330490424729e+00
5.833273729038839228e+00
7.103875248245707041e+00
8.286159390949709547e+00
8.581886299774538429e+00
7.290714523907126043e+00
5.338096454913856093e+00
2.717437397394689924e+00
9.109228042625121535e-01
-1.620715091664578722e+00
-3.821461961884147662e+00
-6.140272480405505995e+00
-9.089159281368418775e+00
-1.018902921049491184e+01
-1.153634877436980943e+01
-1.166597187998696583e+01
-1.081354398637333425e+01
-9.589061927909956040e+00
-8.846565640427602517e+00
-9.115426394495466766e+00
-9.503254240486580073e+00
-1.028157699008495740e+01
-9.627325449379465994e+00
-7.792033631624239121e+00
-5.166419840532070928e+00
-1.759987755195035364e+00
1.159082717592999412e+00
3.251090891416868800e+00
4.526992951283099309e+00
5.033194878447178944e+00
4.798357789415405250e+00
4.643318485808703322e+00
5.197628740604248954e+00
5.591652293101055271e+00
5.984484177435335006e+00
6.711016718381161539e+00
6.888612236201511863e+00
5.604160677223844367e+00
2.583767971903331961e+00
-1.072267233124623687e+00
-4.640867322511095239e+00
-8.302230553088902454e+00
-9.644313314170986473e+00
-7.947579139764146205e+00
-4.696014782225741868e+00
-8.458799157640279898e-01
2.577739791009981296e+00
4.848611715885596141e+00
4.642463375672022607e+00
4.226429407632049440e+00
4.917098701278734829e+00
5.433568865559299077e+00
6.708767303358696310e+00
8.652163507506436702e+00
1.061391012896883623e+01
1.172495999085837326e+01
1.221940429366481595e+01
1.225545295087020392e+01
1.149499177916749382e+01
1.052134570621834442e+01
9.488828474884620334e+00
9.026189944468693938e+00
8.629219457481919875e+00
7.540797559103160630e+00
5.467370596909935543e+00
3.746323348251809904e+00
2.125189210770145110e+00
9.542499507241886114e-02
4.178539304249691000e-01
2.583348698517346609e+00
5.639814520652069341e+00
9.372193403532651956e+00
1.210199991150478915e+01
1.306530614491936859e+01
1.216594490704629727e+01
1.009503001340927497e+01
7.870993448107756585e+00
6.598224086532904487e+00
6.416928764462465296e+00
7.175072023954009559e+00
8.375098723845566084e+00
9.096568863010526584e+00
8.874816873758170743e+00
7.826051779681984399e+00
5.999690575120991909e+00
3.537268036106988145e+00
1.567043004262009376e+00
-8.710725159888972335e-01
-3.427792444732412402e+00
-5.146466720337785183e+00
-5.805720812677624743e+00
-5.943870342048185762e+00
-4.660486100489851680e+00
-2.215997358637035397e+00
-1.256346263702450727e+00
-1.297510807083849915e+00
-2.129992946535776976e+00
-3.889709094663676314e+00
-5.947234517703032353e+00
-5.924795823085515778e+00
-5.094864232847017504e+00
-4.522374327998579524e+00
-4.413206730641102915e+00
-5.170356124977343093e+00
-6.417232530313446759e+00
-7.846883093017404498e+00
-7.088699162447368529e+00
-4.952693410560339515e+00
-3.264405175895778388e+00
-2.642079240986558997e+00
-3.608165414522312098e+00
-6.551980830277413403e+00
-8.297569155167760613e+00
-8.031477007600148710e+00
-6.807094328510832071e+00
-3.822995667527385955e+00
-1.445011345795031321e+00
-2.431883115025507802e+00
-5.351272370089278141e+00
-7.908094687778064014e+00
-9.103143939218419689e+00
-7.082245581320845140e+00
-2.031795389412027308e+00
2.819395665664352180e+00
5.541171407161034956e+00
5.888288893485016828e+00
4.218036629322730491e+00
2.662350138544022027e+00
3.535545854778692210e+00
5.854115944395498872e+00
8.299955073301530817e+00
9.421171394958721024e+00
8.036794276927274439e+00
4.852758214990045893e+00
1.932559356608037238e+00
1.401174613894046406e+00
2.956870163103364924e+00
-1.430553374707812431e+01
-1.430553374707812431e+01
-1.430553374707812431e+01
-1.430553374707812431e+01
-1.430553374707812431e+01
-1.430553374707812431e+01
-1.430553374707812431e+01
-1.430553374707812431e+01
-1.430553374707812431e+01
-1.430553374707812431e+01
-1.430553374707812431e+01
-1.430553374707812431e+01
-1.430553374707812431e+01
-1.430553374707812431e+01
-1.430553374707812431e+01
-1.430553374707812431e+01
-1.430553374707812431e+01
-1.430553374707812431e+01
-1.430553374707812431e+01
-1.430553374707812431e+01
-1.430553374707812431e+01
-1.430553374707812431e+01
-1.430553374707812431e+01
-1.430553374707812431e+01
-1.430553374707812431e+01
-1.430553374707812431e+01
-1.430553374707812431e+01
-1.430553374707812431e+01
-1.430553374707812431e+01
-1.430553374707812431e+01
-1.430553374707812431e+01
-1.430553374707812431e+01
-1.430553374707812431e+01
-1.430553374707812431e+01
-1.430553374707812431e+01
-1.430553374707812431e+01
-1.430553374707812431e+01
-1.430553374707812431e+01
-1.430553374707812431e+01
-1.430553374707812431e+01
-1.430553374707812431e+01
-1.430553374707812431e+01
-1.430553374707812431e+01
-1.430553374707812431e+01
-1.430553374707812431e+01
-1.430553374707812431e+01
-1.430553374707812431e+01
-1.430553374707812431e+01
-1.430553374707812431e+01
-1.430553374707812431e+01
-1.430553374707812431e+01
-1.430553374707812431e+01
-1.430553374707812431e+01
-1.430553374707812431e+01
-1.430553374707812431e+01
-1.430553374707812431e+01
-1.430553374707812431e+01
-1.430553374707812431e+01
-1.430553374707812431e+01
-1.430553374707812431e+01
-1.430553374707812431e+01
-1.430553374707812431e+01
-1.430553374707812431e+01
-1.430553374707812431e+01
-1.430553374707812431e+01
-1.430553374707812431e+01
-1.430553374707812431e+01
-1.430553374707812431e+01
-1.430553374707812431e+01
-1.430553374707812431e+01
-1.430553374707812431e+01
-1.430553374707812431e+01
-1.430553374707812431e+01
-1.430553374707812431e+01
-1.430553374707812431e+01
-1.430553374707812431e+01
-1.430553374707812431e+01
-1.430553374707812431e+01
-1.430553374707812431e+01
-1.430553374707812431e+01
-1.430553374707812431e+01
-1.430553374707812431e+01
-1.430553374707812431e+01
-1.430553374707812431e+01
-1.430553374707812431e+01
-1.430553374707812431e+01
-1.430553374707812431e+01
-1.430553374707812431e+01
-1.430553374707812431e+01
-1.430553374707812431e+01
-1.430553374707812431e+01
-1.430553374707812431e+01
-1.430553374707812431e+01
-1.430553374707812431e+01
-1.430553374707812431e+01
-1.430553374707812431e+01
-1.430553374707812431e+01
-1.430553374707812431e+01
-1.430553374707812431e+01
-1.430553374707812431e+01
-1.430553374707812431e+01
-1.430553374707812431e+01
-1.430553374707812431e+01
