-1.882301088504590680e+01
-1.917722101574798543e+01
-1.933859310231689577e+01
-1.934362346291677426e+01
-1.922857221422715313e+01
-1.910621997239579883e+01
-1.910170298444237602e+01
-1.919818424692525483e+01
-1.945107460002685684e+01
-1.955174366554842180e+01
-1.949525676210559055e+01
-1.949096298472350952e+01
-1.937147159132600649e+01
-1.930004537524934705e+01
-1.941279571038875673e+01
-1.956755864087856267e+01
-1.985448603081944441e+01
-1.996117444204941904e+01
-1.995975966811980840e+01
-1.998343679480464630e+01
-1.994114978115890580e+01
-1.997286153171581091e+01
-2.012347948494561933e+01
-2.022337188540100072e+01
-2.028553055515674330e+01
-2.029600350717387514e+01
-2.019151064463227030e+01
-2.003779125969607122e+01
-1.992687374235417508e+01
-1.991806798193456629e+01
-2.001399971146810230e+01
-2.023007876049593534e+01
-2.048408444208578061e+01
-2.063426415618856780e+01
-2.055665515367904561e+01
-2.031013789246227574e+01
-2.007504482458431383e+01
-1.994908334232831848e+01
-1.994368715074995180e+01
-1.999822866349511941e+01
-2.017727452874332172e+01
-2.037494747439684417e+01
-2.026825902754623598e+01
-1.999536070468791493e+01
-1.988702276595379459e+01
-1.989448081824627934e+01
-1.978986590554233516e+01
-1.982890845157863069e+01
-1.983407910862852930e+01
-1.977018208958456924e+01
-1.984653506063875739e+01
-1.988767206720216407e+01
-2.002205913112144842e+01
-2.015316862711237533e+01
-2.008572170167815685e+01
-1.982735068595758676e+01
-1.974079831787273420e+01
-1.987702011415649039e+01
-2.014495287357333098e+01
-2.052453364078646203e+01
-2.046583981137835195e+01
-1.874178850863637180e+01
-1.483671927046352934e+01
-8.995613597641344938e+00
-1.579477016166002112e+00
6.232230939211730103e+00
1.320386947776059117e+01
1.851929976756278506e+01
2.258555629041382318e+01
2.612367504001380780e+01
2.882632094631965813e+01
3.125994625400758764e+01
3.413718769118907659e+01
3.630546962580292814e+01
3.762523741622838713e+01
3.828773997846518284e+01
3.854600172014394843e+01
3.897606065569549827e+01
3.912355529339901494e+01
3.970867390512978545e+01
4.057213614178028394e+01
4.018234555719794088e+01
3.903204805451341031e+01
3.800892108482947407e+01
3.655974498129920391e+01
3.539970354031348876e+01
3.572539263796065256e+01
3.633481999559134579e+01
3.688389653395114465e+01
3.740173210789394176e+01
3.723177329144402847e+01
3.694630738756298882e+01
3.677707285982649665e+01
3.685902490066803949e+01
3.739301112039607489e+01
3.825147710665165590e+01
3.871482480646875501e+01
3.876697816997845081e+01
3.875603472170744368e+01
3.865194412321542217e+01
3.863520152039580324e+01
3.910966844687293786e+01
3.976898771448917813e+01
4.016305820750223177e+01
4.028151824492724842e+01
4.006501122092348766e+01
3.975571099770204597e+01
3.950722069259236235e+01
3.949731240797817122e+01
3.985096703526168227e+01
3.995962238780494857e+01
3.993548128698579802e+01
4.002000090010596267e+01
3.987438576842076543e+01
3.981302874440407180e+01
4.006939079587272801e+01
4.026261004866193360e+01
4.022906075404009130e+01
4.010156478386718959e+01
3.985637198385469304e+01
3.963208576689034146e+01
3.960799830155934131e+01
3.985191527914602716e+01
4.015652629841368793e+01
4.048046146436612958e+01
4.085709143968215784e+01
4.126940972065225566e+01
4.180241834201076756e+01
4.249769864395052821e+01
4.315623141614419467e+01
4.358867608733134347e+01
4.373605005926690836e+01
4.355534823172685321e+01
4.345294731002081079e+01
4.366784258861105883e+01
4.409150400958824179e+01
4.442770854700357575e+01
4.453972518623071863e+01
4.450740534185084130e+01
4.421990263892043060e+01
4.410699758673387549e+01
4.443896382112899346e+01
4.453371947289901556e+01
4.339117082262909975e+01
3.996688608019194078e+01
3.376550616337686961e+01
2.552949800853145135e+01
1.662412561789488308e+01
8.042428718264460485e+00
1.843603708627628901e+00
-2.208075938976064911e+00
-5.646661461922056979e+00
-7.766308249313950363e+00
-9.948825931266895850e+00
-1.257151322451817599e+01
-1.388402400360284616e+01
-1.421149197422070465e+01
-1.405680633786984401e+01
-1.381747924403066463e+01
-1.420705211657248057e+01
-1.526561412211646562e+01
-1.693884820126203650e+01
-1.825004506438833118e+01
-1.881449530941346637e+01
-1.877868383593141743e+01
-1.856162747486798281e+01
-1.876825259686552982e+01
-1.946709029987366790e+01
-2.052744108154921676e+01
-2.127436832117084720e+01
-2.148511098359395177e+01
-2.116205028564882440e+01
-2.078927450224629681e+01
-2.083674404344997555e+01
-2.142327645175504358e+01
-2.209606337108865759e+01
-2.240876602099332615e+01
-2.227967586757822360e+01
-2.174862378998714618e+01
-2.129714475588606959e+01
-2.123349504887811179e+01
-2.166989466611061133e+01
-2.231455025621278665e+01
-2.269562750942181495e+01
-2.266778562292073218e+01
-2.248455622559758638e+01
-2.250379829934466969e+01
-2.294455085631952684e+01
-2.364841049819658281e+01
-2.422694193968343512e+01
-2.435115875405619690e+01
-2.400322921640740859e+01
-2.352590735878097306e+01
-2.333226975983205520e+01
-2.352377911657807630e+01
-2.394021865184864239e+01
-2.428078653607656179e+01
-2.428651481822216596e+01
-2.406355063125908700e+01
-2.404152221705216874e+01
-2.435480964629493528e+01
-2.503768462519035509e+01
-2.580237993114493378e+01
-2.615926388657203816e+01
-2.593017823198495719e+01
-2.543085344826019778e+01
-2.520619155104313336e+01
-2.548196264428546698e+01
-2.621441246612404186e+01
-2.696105217797981268e+01
-2.722133667815237246e+01
-2.685701615529179165e+01
-2.622645014662579754e+01
-2.584670430942479769e+01
-2.609905606612639417e+01
-2.677451944804926498e+01
-2.721921033206877283e+01
-2.710270429294899230e+01
-2.640771968509288925e+01
-2.552903678396288356e+01
-2.496600904040493774e+01
-2.506858056604777474e+01
-2.556384296551575019e+01
-2.575211697202555072e+01
-2.546094944440206476e+01
-2.485955089445512911e+01
-2.451709892759571474e+01
-2.505308018734189446e+01
-2.628027700524862453e+01
-2.727146618598278138e+01
-2.644660875655552346e+01
-2.266589177661540688e+01
-1.587115653863151010e+01
-7.509702729748428673e+00
5.692849690267252072e-01
6.825395706584541422e+00
1.084436490235557748e+01
1.297467823679796872e+01
1.433981644768448582e+01
1.657694566852728357e+01
1.907236911570032944e+01
2.210026142704873919e+01
2.505177856012378612e+01
2.649213043011917534e+01
2.670080785736225693e+01
2.646471560447853122e+01
2.599976238871289880e+01
2.556438231511540238e+01
2.567770612353672988e+01
2.607013131273560091e+01
2.660989097498776346e+01
2.697980623793564448e+01
2.725451430416568144e+01
2.725526198136357436e+01
2.731534280963642303e+01
2.722963313677792385e+01
2.732915789718979482e+01
2.793000944652596118e+01
2.861520090758985901e+01
2.937227438146022251e+01
2.975437385396887535e+01
2.959726228683796734e+01
2.893208741051927291e+01
2.812735207592004372e+01
2.781832095809024707e+01
2.828188933809086336e+01
2.883840850378669529e+01
2.922668517207483063e+01
2.927863360476183630e+01
2.843794746490200964e+01
2.741761155481466972e+01
2.720250565504282392e+01
2.798244047645682642e+01
2.948529537950697943e+01
3.156440313878523796e+01
3.295089025063013821e+01
3.328253231716002603e+01
3.351178773276771494e+01
3.326669286091768640e+01
3.322633272419112416e+01
3.417682140244325240e+01
3.533112983747714964e+01
3.555568868275582162e+01
3.466601740587400116e+01
3.271499277824519680e+01
2.904103904511257284e+01
2.354824004485913491e+01
1.763892380658282732e+01
1.153543359349345820e+01
-2.557967448232582797e+01
-2.557967448232582797e+01
-2.557967448232582797e+01
-2.557967448232582797e+01
-2.557967448232582797e+01
-2.557967448232582797e+01
-2.557967448232582797e+01
-2.557967448232582797e+01
-2.557967448232582797e+01
-2.557967448232582797e+01
-2.557967448232582797e+01
-2.557967448232582797e+01
-2.557967448232582797e+01
-2.557967448232582797e+01
-2.557967448232582797e+01
-2.557967448232582797e+01
-2.557967448232582797e+01
-2.557967448232582797e+01
-2.557967448232582797e+01
-2.557967448232582797e+01
-2.557967448232582797e+01
-2.557967448232582797e+01
-2.557967448232582797e+01
-2.557967448232582797e+01
-2.557967448232582797e+01
-2.557967448232582797e+01
-2.557967448232582797e+01
-2.557967448232582797e+01
