-6.734371967204877407e+00
-6.734371967204877407e+00
-6.734371967204877407e+00
-6.734371967204877407e+00
-6.734371967204877407e+00
-6.734371967204877407e+00
-9.730282154026472341e+00
-8.138098321759864362e+00
-4.772247924357876592e+00
-8.283974327474243893e+00
-8.504777161529450069e+00
-3.777852303247020593e+00
-6.447427297514199296e+00
-7.991278633687445065e+00
-8.230881168852908658e+00
-7.688746781083168891e+00
-7.062948645517035828e+00
-6.658332689568285723e+00
-5.438559688831849925e+00
-4.493449050821051394e+00
-7.356660655589688957e+00
-1.009341145782074278e+01
-1.327480770414012667e+01
-1.418571918235003970e+01
-1.069279597270491067e+01
-7.954556840287680508e+00
-3.099970111631861869e+00
-2.087775432963159261e-01
-1.245923595149703855e+00
-8.930056531475387693e-01
-2.709512721876527142e+00
-4.643173783184677106e+00
-6.759528829756956902e+00
-5.649630359435622751e+00
-4.236001220249251631e+00
-7.004055562029340543e+00
-7.584064103689374114e+00
-7.433721281596466390e+00
-8.192428430475867884e+00
-6.173220421124543833e+00
-5.057510204363785178e+00
-3.436511722843023087e+00
-4.176644510626324802e+00
-4.415381513038445505e+00
-2.726712292183267827e+00
-3.537865896408796118e-01
4.674727718777946794e-01
4.868719168027856981e+00
9.246617464305918688e+00
9.127627574441687486e+00
8.466609773825341634e+00
7.530608108586209326e+00
5.786111471040087828e+00
6.001359639109713484e+00
6.378481334830989447e+00
7.420261926275224518e+00
9.554222363730717760e+00
9.296547409155589747e+00
1.000439596071136705e+01
1.048840724701327787e+01
1.252164442340649764e+01
1.310361432269632154e+01
1.304990411674390494e+01
1.158770970793374033e+01
1.142505304378573960e+01
9.685265857622415098e+00
8.187150979315692467e+00
8.169129880432301150e+00
9.848226188949764648e+00
9.900255938862500216e+00
1.007291123605712890e+01
1.086333280651472322e+01
1.150036644922758633e+01
1.319263957231398265e+01
1.226061013193697313e+01
1.364232864653441624e+01
1.344300219090518844e+01
1.304805071113816517e+01
1.202239865391366003e+01
1.148748378927864167e+01
1.158071441465633278e+01
8.242635389244616917e+00
4.365471907093594339e+00
1.216690823726909620e+00
-1.400663078574370779e+00
-4.925341774220529878e+00
-3.707257182540613094e+00
-3.924657633623650277e+00
-2.895054217775676619e+00
-3.366363904176060462e+00
-2.640807119076892917e+00
-6.600487124349095680e+00
-6.601379333034790520e+00
-7.473619932886354178e+00
-7.264232049357949528e+00
-4.782334325518816875e+00
-6.328010077336725381e+00
-6.389087400150030405e+00
-6.589190597423618456e+00
-6.606003555783680703e+00
-7.638405391122743637e+00
-6.350320573565483961e+00
-4.104406756314316951e+00
-8.231027805429908639e+00
-1.050876771080380045e+01
-9.411691011677019603e+00
-1.259341299972154005e+01
-1.152686556866958334e+01
-8.285021329247479471e+00
-7.908918123900850361e+00
-5.276751920945823571e+00
-7.987550768001829837e+00
-7.202569860710648975e+00
-7.633714878634206613e+00
-6.980744177810522366e+00
-3.580770873845068980e+00
-3.684705307558550746e+00
-3.731260448153307596e+00
-6.020218375669763589e+00
-8.075132929420734129e+00
-9.764101378699884037e+00
-8.349156461351030956e+00
-7.577456312241934278e+00
-6.065102340491580257e+00
-2.961376783019959102e+00
-2.389714649999928220e+00
-4.003494331094888281e+00
-1.624626804896479371e+00
2.064531660616050424e+00
3.474106876784054609e+00
6.231374702205227933e+00
8.398248115658702773e+00
9.098296036301315226e+00
9.206652753921249044e+00
9.446662020967972140e+00
8.531865376240668652e+00
8.789912272247876857e+00
1.094764381471899206e+01
1.024451820395096924e+01
1.061713660936999304e+01
1.007211678318611980e+01
9.509364070628176790e+00
9.212952497045359124e+00
1.037255007929632811e+01
1.142124261588856982e+01
1.015250831368909346e+01
9.561422413536178055e+00
9.651857747382765140e+00
9.083376161169990581e+00
1.114407474273239451e+01
1.221869709662242443e+01
1.144621877312194691e+01
1.227528406810283812e+01
1.225813938911812606e+01
1.095614592252336905e+01
1.067721016014625945e+01
1.053997841623113985e+01
9.801226572194872588e+00
8.702637973243435354e+00
7.190108204495579969e+00
3.475577039940532131e+00
3.077766419876493131e-02
-2.280009237138127531e+00
-4.877470026489529431e+00
-5.628296286483291055e+00
-8.196483498953083924e+00
-7.818071529508034523e+00
-9.727742225680131583e+00
-9.189752362449040035e+00
-6.050817750607341949e+00
-6.799585562159330188e+00
-7.263409994609532738e+00
-5.026368863377246754e+00
-6.755502919247280857e+00
-5.558815158547165680e+00
-3.920860156588339418e+00
-4.792467723432269011e+00
-3.283610647760973222e+00
-3.407694256210407335e+00
-6.219890781900990540e+00
-4.866658184713765323e+00
-5.987450718443190212e+00
-7.917415924735621502e+00
-3.856324698215131797e+00
-6.529053351617699619e+00
-7.084883491723981130e+00
-4.742683733950175728e+00
-7.035107176402682683e+00
-8.370402208164605895e+00
-5.886886348363387533e+00
-6.210527865940457026e+00
-5.359093129753324192e+00
-8.260852299931681131e+00
-8.163606781173852411e+00
-8.986246812428815289e+00
-5.634517857426986964e+00
-5.934893941975024845e+00
-3.861819462380942092e+00
-2.613481304297891938e+00
-2.616043298266967465e+00
-5.318862266478262768e+00
-5.136333058689813491e+00
-4.074103873596880199e+00
-3.569976281025931897e+00
2.007320420784508119e+00
6.270887980412863882e+00
8.139607320209668373e+00
8.229767630201390460e+00
9.240115047179561003e+00
9.211031268779239056e+00
1.066558919905176772e+01
1.185929623417826306e+01
1.290695521589914918e+01
1.350339845767721769e+01
1.242059690902469171e+01
9.723028610528000826e+00
9.523676023488491182e+00
9.235733866126899727e+00
9.467098507486509718e+00
1.153931538777017707e+01
1.249054622965688033e+01
1.136463307815363777e+01
9.862791480758925644e+00
1.202570090820288762e+01
1.167873636935501835e+01
1.170536000202267068e+01
1.193244826383091173e+01
1.046257252228139123e+01
1.011149797782631410e+01
1.063252837540093765e+01
9.156159882021688290e+00
9.221992471236632127e+00
8.312927877134631771e+00
6.540160472517419166e+00
1.406199556425655750e+00
-4.519404246730672758e-01
-1.508179618546264589e+00
-6.494962438201966393e+00
-7.324628176988190020e+00
-7.180572962161265060e+00
-6.317203381797008355e+00
-6.883070083314899001e+00
-6.928236387302548316e+00
-5.593702725107790208e+00
-8.065902141798293457e+00
-6.178552022093628970e+00
-6.843069865719758837e+00
-9.374183190088587025e+00
-7.800929241363345312e+00
-6.444303876381738405e+00
-6.983363702082086455e+00
-5.167412174617037834e+00
-7.694832864173823062e+00
-7.727215635458295928e+00
-9.406791216654628585e+00
-1.003397958016150504e+01
-8.060507760248411202e+00
-7.323510289830974074e+00
-5.693903105056052460e+00
-3.577211785970612290e+00
-4.293369897219847964e+00
-6.762442382037423094e+00
-7.526286120043938155e+00
-8.452061284531797725e+00
-8.772050342208517648e+00
-6.377006723964877111e+00
-5.697608038612758108e+00
-5.593131400547336263e+00
-6.687267387996733703e+00
-7.693601032607229939e+00
-6.387468752989349241e+00
-4.511535034181954451e+00
-2.124311397944579127e+00
2.859388968878572967e+00
3.977751788126465460e+00
6.571986967476004082e+00
8.533434592869193480e+00
6.775467317886997520e+00
7.352361844697544946e+00
1.026724750991942692e+01
1.057735506169611384e+01
1.012731731706510985e+01
1.060879124608380408e+01
9.926208073132876564e+00
1.006492195077137985e+01
9.013339620655210993e+00
8.717387371244834426e+00
9.719145300163214429e+00
1.073535294664796425e+01
1.060350531589756606e+01
1.091437156169362055e+01
1.049011756005508111e+01
1.051322957464201302e+01
9.607134170177239696e+00
1.010585303690238845e+01
1.217860626946180069e+01
1.207992501483539982e+01
1.049842524720253500e+01
9.939794393251464300e+00
8.375952700871060586e+00
4.920114016354705910e+00
2.479812271332411555e+00
-1.381009871406648770e+00
-1.779913686966916098e+00
-3.859575959236699383e+00
-1.766914014317142900e+00
-1.974313099193427679e+00
-4.091330462853536076e+00
-3.804133087113702238e+00
-5.073858116115472328e+00
-7.810358167923578065e+00
-5.921740755781002008e+00
-4.720890186723847748e+00
-8.121522955182538084e+00
-4.819107391811556340e+00
-6.245479342142110646e+00
-5.124526720783700640e+00
