-2.509509748997935574e+01
-2.509509748997935574e+01
-2.509509748997935574e+01
-2.509509748997935574e+01
-2.509509748997935574e+01
-2.365430893828762748e+01
-2.256225945177030567e+01
-2.216676215214775780e+01
-2.293354447193836165e+01
-2.346238453056536599e+01
-2.366038624255407541e+01
-2.380129213005866973e+01
-2.345403582662970976e+01
-2.304374098611374677e+01
-2.317820208937188298e+01
-2.323057238246246925e+01
-2.347016091983262598e+01
-2.383220070226303733e+01
-2.354147785262953718e+01
-2.332487838436752625e+01
-2.332458543772965598e+01
-2.326671515685504588e+01
-2.334192035443391333e+01
-2.312689815959871353e+01
-2.299740743734815496e+01
-2.267273127882497263e+01
-2.283489570056869411e+01
-2.319697530120878071e+01
-2.390375028709244276e+01
-2.470623842550290306e+01
-2.491806183254196583e+01
-2.446054502533301189e+01
-2.382146932691171060e+01
-2.348129826180333524e+01
-2.337856325256998602e+01
-2.366597486035262676e+01
-2.414246482086393897e+01
-2.430729607027516082e+01
-2.388856669189175008e+01
-2.333557763004714758e+01
-2.315860724173732166e+01
-2.378961958380747532e+01
-2.428553225086983147e+01
-2.468737807300298570e+01
-2.476866032966464459e+01
-2.423506800747809820e+01
-2.312639416399962045e+01
-2.278443142458709403e+01
-2.336680751028028880e+01
-2.403902661622899473e+01
-2.448865281643950453e+01
-2.438622064647981347e+01
-2.333126311785888518e+01
-2.247113900049842528e+01
-2.187483452447722243e+01
-2.202874270875010509e+01
-2.315771316464877572e+01
-2.389305753361951190e+01
-2.390109767152055298e+01
-2.326389751414597029e+01
-2.273640316828157637e+01
-2.245290199700416878e+01
-2.158551362233101756e+01
-1.992460072618240829e+01
-1.605256184290426802e+01
-9.342405676338904286e+00
-5.752184802509168193e-01
8.232771046385755298e+00
1.527507751661995172e+01
1.812059281481182538e+01
1.985287968359988398e+01
1.797097074102820713e+01
1.622373167675912597e+01
1.590887040847488265e+01
1.715831041075755081e+01
1.796157480451961419e+01
1.848648689928128519e+01
1.947665776798203652e+01
1.970181710586069457e+01
2.118275796316297033e+01
2.297219240458244016e+01
2.583279314117392289e+01
2.833263915896273133e+01
2.933531223920138586e+01
2.903432189848327383e+01
2.872501632652310732e+01
2.798158716538998192e+01
2.660936741522344562e+01
2.729681070653962038e+01
2.765726746505084321e+01
2.798636191872223478e+01
2.777964426984860324e+01
2.834832603876489898e+01
2.866110336015829674e+01
2.955375102587973046e+01
2.994918270175804054e+01
3.060471179217411830e+01
3.079844838496706672e+01
3.055705156718612869e+01
3.009052061638765352e+01
3.030639283033479003e+01
3.069557720087370356e+01
3.074935724072691912e+01
3.114931652509536875e+01
3.167442189251939411e+01
3.163606096266214252e+01
3.179896671657436968e+01
3.226036730655866336e+01
3.212786497914418504e+01
3.212222715798462502e+01
3.182858415157401666e+01
3.146997321157744665e+01
3.130676982296124322e+01
3.115431179184012223e+01
3.146900864854790214e+01
3.134431275362714686e+01
3.109260963441057868e+01
3.092350427317780515e+01
3.069179619930853420e+01
3.086211578056445504e+01
3.129202388954811198e+01
3.166349220087893102e+01
3.190268712695984021e+01
3.217891397123715080e+01
3.188866050662175056e+01
3.220039185232941037e+01
3.331507448973032126e+01
3.430144025361554583e+01
3.540779639933212053e+01
3.630164941215510055e+01
3.677980478808511577e+01
3.622735056501123552e+01
3.625769248088152352e+01
3.694190252536482433e+01
3.676553303433277620e+01
3.750994509200439353e+01
3.823812060867941653e+01
3.800396193549563151e+01
3.821664934295043992e+01
3.845322184849225522e+01
3.874040083949380175e+01
3.845595508097764537e+01
3.631556540942532507e+01
3.138434216208591110e+01
2.442868683961635057e+01
1.640207572116221257e+01
7.759772220252445507e+00
2.004261728036854429e+00
-3.294305509083274686e+00
-5.407497897909157913e+00
-5.526953536454265681e+00
-6.929399486071764258e+00
-7.243816068950804876e+00
-7.411800078160590388e+00
-9.822092880149130067e+00
-1.173190906961000834e+01
-1.277588744400507181e+01
-1.514036788999142757e+01
-1.617567978996642353e+01
-1.730166481304447501e+01
-1.741584702374986904e+01
-1.800399062836939734e+01
-1.797949088437853860e+01
-1.825717836801808502e+01
-1.925170048098254583e+01
-1.993078826869628628e+01
-2.068717217788987739e+01
-2.124854938408506300e+01
-2.136899334651621274e+01
-2.138010860422159709e+01
-2.158959370475989559e+01
-2.194806115340720254e+01
-2.234854254308280375e+01
-2.263751481178148239e+01
-2.277194369475770941e+01
-2.259944404865803591e+01
-2.276834091336088051e+01
-2.293773421973799742e+01
-2.335640401456927506e+01
-2.382445268872128707e+01
-2.398244630906477681e+01
-2.402472787496798645e+01
-2.393120239016509032e+01
-2.404709955253597542e+01
-2.437027761875842202e+01
-2.475958698852836903e+01
-2.495308941318925022e+01
-2.502084398181634484e+01
-2.499147780550610776e+01
-2.485666050483022360e+01
-2.499135064627347091e+01
-2.526772029507529282e+01
-2.561906577585813594e+01
-2.565665248501344564e+01
-2.561693672252179610e+01
-2.544466656583422548e+01
-2.541507786646238287e+01
-2.570105624365354302e+01
-2.608250189266268748e+01
-2.647898439134644377e+01
-2.657429379541555647e+01
-2.624099959346089150e+01
-2.596376576533560865e+01
-2.594340297250457539e+01
-2.624564376981429703e+01
-2.674952158503288402e+01
-2.693403156118550257e+01
-2.685138920387342765e+01
-2.637589893023544363e+01
-2.561973560891646429e+01
-2.512435422231348170e+01
-2.467333299394571000e+01
-2.308020822051238241e+01
-2.036191357415746239e+01
-1.554799956201020628e+01
-9.444445100055679276e+00
-2.011820095463431990e+00
3.544483840799206753e+00
9.465866708956038877e+00
1.176524446318420658e+01
1.314997020623740909e+01
1.527653626769377837e+01
1.758349042845879140e+01
1.856180566154591460e+01
2.085360104903043421e+01
2.341332123923803010e+01
2.308257312959323926e+01
2.459456020206103943e+01
2.688768381331239254e+01
2.700092138611956827e+01
2.852479709183956658e+01
2.957275914182456944e+01
2.871994753945909196e+01
2.820323502286104400e+01
2.653372730356520037e+01
2.557668088069322110e+01
2.462022946445327420e+01
2.520779018895173351e+01
2.609304955994322839e+01
2.677210936209858971e+01
2.785364743965799761e+01
2.805322545221050490e+01
2.763366362837030010e+01
2.725269207466839916e+01
2.730968680111566016e+01
2.753280386723617923e+01
2.747400847967430693e+01
2.822318298502943179e+01
2.854983448363299203e+01
2.852143987551940896e+01
2.830940140112089409e+01
2.809111120703990139e+01
2.795219286169418282e+01
2.810776648020992852e+01
2.839174222736756903e+01
2.872982974192696304e+01
2.880720724065747262e+01
2.892186743149975925e+01
2.859945702183424032e+01
2.832755546206780650e+01
2.824908598834780449e+01
2.841734026965130155e+01
2.857812143620445156e+01
2.872766580570957728e+01
2.915840694026324442e+01
2.914199871401260111e+01
2.894439036331836945e+01
2.885735977772892724e+01
2.867969088212593931e+01
2.874590167247895423e+01
2.866844301259503425e+01
2.859699811160822236e+01
2.901361468789454179e+01
2.923316669963449854e+01
2.974178734297112925e+01
3.058683546248473206e+01
3.138278753083895012e+01
3.283719509907974299e+01
3.480371869333731638e+01
3.568082905970219798e+01
3.622156233761760546e+01
3.488151223439993487e+01
3.007748131514219025e+01
2.278668215456990609e+01
1.439935320746478276e+01
5.047320170288640995e+00
-3.317477281118929255e+00
-7.750347920918546407e+00
-1.068876249967215131e+01
-1.065399691635109392e+01
-1.160619711326593517e+01
-1.113444102807146940e+01
-1.323269730250108545e+01
-1.468435135032623862e+01
-1.705363778715442180e+01
-1.727294702131789350e+01
-1.761004142195755762e+01
-1.782092279066831964e+01
-1.796528676773775501e+01
-1.864553281057289880e+01
-1.990404161212094536e+01
-2.117823690913714429e+01
-2.130792850243747694e+01
-2.173335303182722456e+01
-2.219290152514101777e+01
-2.211058852147748155e+01
-2.280910339944541221e+01
-2.374771110557781029e+01
-2.425302209745383664e+01
-2.455419196566107232e+01
-2.499541071067871911e+01
-2.506634227589086805e+01
-2.537122215527210756e+01
-2.608222431591344659e+01
-2.629322598015691881e+01
-2.666090956056925165e+01
-2.671856811361419304e+01
