2.617492755860730824e+00
2.617492755860730824e+00
2.617492755860730824e+00
2.617492755860730824e+00
2.617492755860730824e+00
2.617492755860730824e+00
2.617492755860730824e+00
2.617492755860730824e+00
2.617492755860730824e+00
2.617492755860730824e+00
2.617492755860730824e+00
-4.619795074301271676e+00
-6.869987164573080562e+00
-9.054795044517783609e+00
-9.392718745470370223e+00
-7.439968083251389253e+00
-6.197152398636706749e+00
-7.941003279468418441e+00
-6.899448170741933062e+00
-6.797558896975596454e+00
-8.612131681525186266e+00
-9.203671388906633055e+00
-6.348397345744378306e+00
-5.284881472010237502e+00
-5.299567311253073676e+00
-6.854641241829561693e+00
-8.248821300606506313e+00
-7.600670563310486294e+00
-8.230608645080316421e+00
-6.435321831816803950e+00
-7.111559217399689103e+00
-8.365662761378597878e+00
-7.438943566973410526e+00
-6.974992334210649680e+00
-7.372714093748781394e+00
-5.699290616299964363e+00
-4.201208039785530701e+00
-6.583679145485330508e+00
-6.945913377287003421e+00
-5.872408333816782289e+00
-8.522002345842224713e+00
-8.235247066427721307e+00
-6.197836395884689153e+00
-6.056615230453175514e+00
-5.559082390828081088e+00
-8.714293161113680242e+00
-6.271692915164340576e+00
-3.790613256980156276e+00
-4.238241627745411577e+00
1.263647161780603767e+00
6.070132004133366621e+00
7.115408141187445246e+00
8.397822793055812696e+00
8.687055986392238083e+00
9.107431891602441709e+00
8.495828297818263763e+00
8.324748390972544598e+00
1.039031338688161732e+01
9.137355160043599156e+00
8.775032203528969177e+00
9.332346011341485337e+00
1.080188633472902993e+01
8.896648478610842403e+00
8.768770350470216357e+00
8.584703825261097876e+00
8.704792927888934884e+00
7.906493165156311065e+00
1.023492694433606509e+01
1.107061512544717985e+01
1.231618620740703562e+01
1.078768608694187314e+01
9.732730075638786005e+00
7.721949901528283533e+00
7.488374089340187112e+00
7.615759429607372510e+00
8.657960847498920032e+00
8.994760896362116398e+00
1.006302369795157503e+01
1.039256268495072533e+01
9.088199408626632447e+00
8.318786324014972422e+00
9.353061060355511103e+00
8.977679401138814796e+00
9.365759507826950880e+00
8.413366208076443087e+00
6.705807646808606748e+00
3.405246611508407462e+00
4.906924017915579306e-01
-4.656823569469337176e-03
-4.267202699193834547e+00
-5.270794391087370911e+00
-6.387091429810427101e+00
-8.838442344960906638e+00
-6.733830627658557333e+00
-9.254500829586596922e+00
-4.620177262033735133e+00
-5.723878511004201641e+00
-4.710164285005394191e+00
-7.182572350155342455e+00
-7.354691057161502954e+00
-7.550919525769076657e+00
-7.682993701999745184e+00
-6.034486852792654510e+00
-7.478390433059009190e+00
-4.609616436741810652e+00
-6.115501901812570473e+00
-7.811597321380670422e+00
-8.064462016789567755e+00
-7.973259028675935056e+00
-6.990898343874032861e+00
-7.092695223253464576e+00
-5.190740382368516315e+00
-6.993309066760826198e+00
-8.776926856639223118e+00
-9.248746617277918247e+00
-7.879074495186866756e+00
-6.986854958006734506e+00
-6.880087880687561608e+00
-4.504634773662227865e+00
-7.638097584043801014e+00
-7.962596979917369922e+00
-8.402045427239427156e+00
-6.473478719567188122e+00
-8.114556727744666631e+00
-6.368231905798745984e+00
-5.614932868897759555e+00
-3.717286415120627296e+00
-1.262389402300617469e+00
9.442120305804160285e-01
3.539620991151130269e+00
6.199428847434766965e+00
7.261030343530951114e+00
7.624660639006522800e+00
7.355241540955256951e+00
6.260425935923660923e+00
7.230380747153262178e+00
6.851793338938674260e+00
8.858225067463409985e+00
9.479663274134292550e+00
8.224778384008176957e+00
8.485709773921971788e+00
8.662423347489822234e+00
9.155021505855792441e+00
9.321658213711792484e+00
1.084952666098285867e+01
1.124795012736562505e+01
9.104946319507741137e+00
8.672097652588389494e+00
8.248876505661993264e+00
7.497588392753749886e+00
8.555557974333554583e+00
8.557122511340050863e+00
1.008331127049571307e+01
9.455451104533509010e+00
9.906858514566643237e+00
1.049957472931564162e+01
7.357202259998119942e+00
9.115414606520147345e+00
1.120789851726098441e+01
1.009223765349342550e+01
8.999427838291868653e+00
9.570904538291612695e+00
1.007372481443292322e+01
9.075987163257806856e+00
7.366459293033887690e+00
9.106035127933225226e+00
7.435297659920824920e+00
3.603799885733979025e+00
-1.427769997527241763e-01
-1.228535531930861069e+00
-4.696918796687434394e+00
-7.328353727746575785e+00
-6.855592286718670714e+00
-7.820974902653711425e+00
-5.461270168250667467e+00
-6.732817338417405928e+00
-4.846058321224785637e+00
-5.357713722505232923e+00
-6.719718520749721868e+00
-8.680817103383464683e+00
-7.175468702917892294e+00
-7.330708968785330626e+00
-6.098301636106376655e+00
-3.999624180884845170e+00
-2.850165131754973658e+00
-5.477268557156428130e+00
-4.265089366565122830e+00
-5.506331595067817553e+00
-7.507577574564427536e+00
-8.805888638875032370e+00
-5.137943331910089562e+00
-4.798123851621857838e+00
-5.807453992232065154e+00
-4.427478405228811198e+00
-5.484903259827778044e+00
-7.422693452336623920e+00
-8.488168645461048101e+00
-6.472871795798640804e+00
-5.425385092343932847e+00
-5.309624673906339964e+00
-6.538711122598391157e+00
-5.320913019032001756e+00
-3.703654169712673472e+00
-5.126455138642066700e+00
-2.515341562170528622e+00
-1.065595232097277245e+00
2.447532994975402332e+00
4.423214815099663966e+00
5.796439465646771261e+00
8.574020407931749688e+00
9.393961159497445479e+00
1.095155876647024229e+01
1.122793118671198620e+01
9.237505708304912133e+00
1.068663367784164997e+01
1.068868743775446539e+01
1.022887761259929817e+01
8.262319306271288966e+00
1.050701650058545411e+01
9.099873003512168879e+00
9.931999727655583143e+00
1.075065940680696031e+01
9.084961406537518158e+00
1.061437355791171377e+01
8.820157527741830705e+00
8.885884612798149007e+00
1.039240897088246385e+01
8.252886866954288081e+00
9.360833760217536437e+00
9.991818411102528330e+00
9.276890200059575875e+00
1.038647285368015893e+01
1.123403943655802628e+01
6.439156321395849147e+00
7.116262534878869950e+00
5.120806390821956100e+00
-4.343645615726146048e-01
-2.088995372782601390e+00
-3.984581846412688755e+00
-8.547058686459134691e+00
-6.491252386759824411e+00
-5.481434819581975759e+00
-5.388889734601937320e+00
-6.377830140735099462e+00
-4.005367196841135069e+00
-4.917339599829997354e+00
-8.427199441808763680e+00
-5.206875111379743792e+00
-6.999675782397153156e+00
-8.920797993424738337e+00
-6.799648668631697035e+00
-6.903641498696194034e+00
-5.910144541342456925e+00
-5.428525611422119646e+00
-4.805444856460923120e+00
-6.959265099298908908e+00
-7.099211340919647562e+00
-9.321752679639338623e+00
-8.471035277483995429e+00
-7.980146105563677317e+00
-7.091304280605973176e+00
-7.716601352622426191e+00
-6.092255522778867949e+00
-6.898022961954081822e+00
-9.064468726135414656e+00
-7.612784623960252794e+00
-8.758860716838226423e+00
-8.462960388219459062e+00
-7.766253702329112940e+00
-5.715661467786103955e+00
-5.263043759447043612e+00
-7.203110851497460665e+00
-8.478945924409707402e+00
-7.136787997743969214e+00
-6.169341619392984200e+00
-3.318536090541434280e+00
-1.144300616678592952e-01
2.106980277933026890e+00
5.097262008697095226e+00
5.196652814063207337e+00
7.158708267731957342e+00
8.821270734853635886e+00
8.291715792683470809e+00
1.061176129071761309e+01
1.277720982302488473e+01
1.039956545923436160e+01
1.025443950682448424e+01
9.755175286356740472e+00
8.053714335388905354e+00
8.505512640583667405e+00
7.962298088180588707e+00
9.965230995413977055e+00
1.083002919329879532e+01
9.686233158752516559e+00
9.800800879714781644e+00
9.803990997559091980e+00
9.318003299153559738e+00
1.001724194294982162e+01
1.065160258550246475e+01
1.038000826588012515e+01
1.013940483229355216e+01
1.120110619512442618e+01
1.069676132961083148e+01
9.958984298351557740e+00
1.037095293054780676e+01
6.476617795526241395e+00
4.928009377858713513e+00
1.535572748026661216e+00
-3.145124316993202385e+00
-1.916759073427873439e+00
-5.893665610480582018e+00
-8.224199428345562168e+00
-3.300530452266809078e+00
-5.332236810289829876e+00
-4.888545088143154693e+00
-3.720578146993812840e+00
-5.366802075464152999e+00
