-8.826273898835147236e+00
-8.826273898835147236e+00
-8.826273898835147236e+00
-8.826273898835147236e+00
-8.826273898835147236e+00
-8.826273898835147236e+00
-8.826273898835147236e+00
-8.826273898835147236e+00
-8.826273898835147236e+00
-8.826273898835147236e+00
-8.826273898835147236e+00
-8.826273898835147236e+00
-8.826273898835147236e+00
-1.058232387624864579e+01
-8.598235906813922469e+00
-7.290231351087221867e+00
-5.837960257621922722e+00
-6.467750398329478401e+00
-7.200457528229713411e+00
-7.595136002211719806e+00
-8.873645237853843071e+00
-7.810012614024548050e+00
-6.840151164693414998e+00
-5.857516369732731931e+00
-6.415714832349586949e+00
-7.422418871233418258e+00
-7.938731349903683565e+00
-7.498264605109683067e+00
-6.702768260693884983e+00
-6.641046968964289476e+00
-6.774156589945365958e+00
-8.640530072351271684e+00
-1.031443498380733814e+01
-9.678478340426224236e+00
-7.566962329526115028e+00
-3.519614182843604944e+00
-5.248932654364568684e-01
1.451992831427867392e-01
-3.306157555344143795e+00
-7.295294680307815582e+00
-1.078029122063366962e+01
-1.225499109382742269e+01
-8.776914518669906684e+00
-4.941795167081992624e+00
-2.218510367094889801e+00
-6.645513441959487455e-01
-2.389793602559011632e+00
-5.171857314297462871e+00
-5.608851437420580233e+00
-3.592258019576441530e+00
-3.657717021447335348e-01
4.923568841126009232e+00
8.124708804185528876e+00
9.550571504169095505e+00
8.996916669364692254e+00
8.876749541458359261e+00
8.043140628124293201e+00
7.912899127436134883e+00
8.670283895043144895e+00
8.785660625010633495e+00
8.385003434156056201e+00
8.615687189207969610e+00
8.252444464186373452e+00
9.065291959616420314e+00
9.004404551502455334e+00
9.370519705560584001e+00
8.880722666577234747e+00
8.955961075946154537e+00
8.575556179721431249e+00
8.737001509695330626e+00
8.873571390212765309e+00
9.385151081857220134e+00
8.478523699727674057e+00
8.393053456478506646e+00
8.061680378790439860e+00
8.880333595494464660e+00
9.452952741192465425e+00
9.858165646374873248e+00
9.989539110294332502e+00
9.300554211833095053e+00
7.866942004753219031e+00
7.897770154599474068e+00
8.335092040535489133e+00
9.139522971286417885e+00
9.681852801024815491e+00
9.017338767567455449e+00
5.934497395652005736e+00
2.412658770614106274e+00
-1.812625160230592058e+00
-3.765108280291267207e+00
-5.390761528139799807e+00
-6.095590052479614940e+00
-4.277665325404038654e+00
-6.816264493631441823e+00
-6.987983844858441707e+00
-7.226183423591040267e+00
-8.455923517249434695e+00
-8.452609876271054645e+00
-6.058358602858799458e+00
-5.230091904441454886e+00
-5.329291904629545051e+00
-5.215342265164751190e+00
-5.676823713888366818e+00
-8.316123191530868652e+00
-7.937255911942417086e+00
-8.048518077039679142e+00
-8.069247389613678934e+00
-7.154446768890415420e+00
-6.819239639104205608e+00
-6.238977251058327234e+00
-6.200372204202934334e+00
-6.893838811621139762e+00
-7.762489698844921016e+00
-7.192723242568415998e+00
-9.530388530443566708e+00
-8.224433327573079211e+00
-8.145658282549611329e+00
-9.126891992559722055e+00
-8.112839962002555083e+00
-8.508949807417890199e+00
-8.869906278535161448e+00
-9.160844874479341371e+00
-7.412692402411192205e+00
-6.214166655119863769e+00
-3.798462580221256157e+00
-2.141492771660777450e+00
9.757071151458918123e-01
2.185235241791374072e+00
3.789782213455434423e+00
5.500227027218219433e+00
6.687501697179994764e+00
7.404525153748204858e+00
7.620945665835506588e+00
7.745875661092484599e+00
8.110856882152022607e+00
7.842190424917379943e+00
7.835749338544206744e+00
8.649596401658548928e+00
8.546291880662229445e+00
8.611074785969599077e+00
8.683540920523945772e+00
8.804209340618474045e+00
9.384530359137615463e+00
8.924756678415098676e+00
9.131479526947584802e+00
8.184626922472739707e+00
7.924300301109337141e+00
7.903718528102438690e+00
7.838556345578675533e+00
9.190992448359045497e+00
1.003064910196813919e+01
1.020613414400134289e+01
1.009393181496599112e+01
9.802337480868748898e+00
8.526622882914589141e+00
8.695030223952780801e+00
8.386631440910075952e+00
9.269509029584545701e+00
9.508033657502656055e+00
9.666723120648866185e+00
9.660329133238745314e+00
9.704238328727335272e+00
1.026332074269753392e+01
1.068477532861153279e+01
9.661877020527107618e+00
7.992207781297728353e+00
4.787826225594136176e+00
-2.679200270792696514e-01
-4.527683257673331241e+00
-6.199140037143537896e+00
-7.567753522940980027e+00
-7.383587849647700985e+00
-5.856708067384047034e+00
-4.090675887426791668e+00
-5.994479420567813577e+00
-5.508183466554244845e+00
-5.940884263568454671e+00
-7.211414293751810867e+00
-6.700646866650261657e+00
-5.309797698405462896e+00
-5.876116146007149155e+00
-6.319375025767284271e+00
-4.850622698670520094e+00
-6.810154273439227524e+00
-7.328675830121227364e+00
-6.210557632057389199e+00
-6.923885216406880261e+00
-7.423508939070838863e+00
-7.183370638657917695e+00
-7.020809342676956888e+00
-7.403003914649973538e+00
-6.970922752600082539e+00
-5.964259143952693520e+00
-6.001269281476449002e+00
-6.891745131236829636e+00
-5.772485347236025355e+00
-7.609655883066674065e+00
-6.919064580117882279e+00
-8.167742724701518853e+00
-7.134289951609799729e+00
-8.178996243029370561e+00
-7.883158856394469893e+00
-8.108501920651891126e+00
-7.198514312704809903e+00
-7.440351650264270589e+00
-3.930537322650327070e+00
-2.753502111119270346e+00
8.992815647532745871e-01
3.084854695061307162e+00
6.175794519242053582e+00
7.197702216990712110e+00
7.816130074377956483e+00
7.946197333136005625e+00
8.563820597387225675e+00
7.925894451164967158e+00
8.703592908724287369e+00
9.571231942742874921e+00
9.746019114284104390e+00
1.053876893555945315e+01
9.845771415896011902e+00
9.721665064649135601e+00
1.012596585933856197e+01
8.883947712674547859e+00
9.777319798335307510e+00
9.957491715762865070e+00
1.004805769241699132e+01
9.959723745209561940e+00
1.035461786072629842e+01
9.904221922160701297e+00
9.702785489384906370e+00
9.890646936569076786e+00
9.401434512301944935e+00
9.886401124643954930e+00
9.454816807155621561e+00
1.007254110467735941e+01
9.440076042339670792e+00
1.032004801466412403e+01
1.000094404817233240e+01
1.055489374677736336e+01
1.017198669771353181e+01
1.020036312422381819e+01
9.721301225424797465e+00
8.684162254765496414e+00
6.448443504611956811e+00
4.527191109151478265e+00
2.129174528555782153e+00
-1.276092148313035413e+00
-4.106563892495346479e+00
-4.817644458521803230e+00
-5.637713190140346775e+00
-6.726849965500235839e+00
-6.449198497147535569e+00
-5.214054531148257787e+00
-6.190323167039282204e+00
-6.044231158449825614e+00
-4.595595434007689661e+00
-6.430254501006800183e+00
-6.216525513961419058e+00
-7.286936582623603442e+00
-7.548505936951130479e+00
-7.664310438884250232e+00
-8.401394888732506061e+00
-6.183836503138893548e+00
-5.751060375470273378e+00
-6.067069501411796573e+00
-5.592407345074637881e+00
-6.686435899496898649e+00
-7.637787625395983326e+00
-7.714831466346413258e+00
-6.605689866985793302e+00
-6.019070306807714488e+00
-6.076334560420036723e+00
-5.156994524059736129e+00
-6.678535544772847388e+00
-7.250332707869912241e+00
-7.898177649953604273e+00
-7.008063310103883836e+00
-6.680615309148974390e+00
-7.609520278356884937e+00
-6.603094863835438311e+00
-8.354762659314665996e+00
-8.834362422060733522e+00
-7.320424612300805656e+00
-5.237048130520928879e+00
-2.410823777754967701e+00
8.806748114964815244e-01
4.016766815556342074e+00
5.581500692243865025e+00
6.142586225628732244e+00
6.778946515937967376e+00
7.096446938441108188e+00
8.168166155336253453e+00
8.641850100117380862e+00
8.686224309517111664e+00
8.856725616634097520e+00
8.352658876101088481e+00
8.064898127062821942e+00
8.197493079087022849e+00
8.680788383653711193e+00
9.214734611210785076e+00
8.762858113462996812e+00
9.560356437725726408e+00
8.874540783790546783e+00
8.578428060183309611e+00
8.575906618267371329e+00
8.909223953485547298e+00
8.767457465682401363e+00
8.728094137315423495e+00
9.138165829568764664e+00
8.900410032571267394e+00
9.247234853014791867e+00
9.694617571421240143e+00
1.004820669626159635e+01
9.867951547420011238e+00
8.124223052156754221e+00
5.230402716422183573e+00
2.274260178281227063e+00
