-2.272885129964034334e+01
-2.272885129964034334e+01
-2.272885129964034334e+01
-2.272885129964034334e+01
-2.272885129964034334e+01
-2.272885129964034334e+01
-2.272885129964034334e+01
-2.272885129964034334e+01
-2.272885129964034334e+01
-2.272885129964034334e+01
-2.431301630190935725e+01
-2.545542806235378208e+01
-2.557625994514333456e+01
-2.495058307279044740e+01
-2.448450851322459698e+01
-2.468839083082015762e+01
-2.493494502473453167e+01
-2.493829992812477769e+01
-2.486010855385334395e+01
-2.503404765191231007e+01
-2.491342451036582162e+01
-2.468492701297448733e+01
-2.473944585382371386e+01
-2.489234444961606130e+01
-2.482949454390307409e+01
-2.460759597818498534e+01
-2.461350621597223665e+01
-2.477104500346610649e+01
-2.485428025272861774e+01
-2.461061156011410844e+01
-2.435820943744225531e+01
-2.410364372888009044e+01
-2.392014056749817641e+01
-2.391900736444339870e+01
-2.445346659016748347e+01
-2.522483905752423183e+01
-2.570648360490860185e+01
-2.564126401916041331e+01
-2.514289543360966306e+01
-2.441110180146087671e+01
-2.341315666689736830e+01
-2.320946482794988341e+01
-2.343626789377714204e+01
-2.434953768663704210e+01
-2.509945682052429561e+01
-2.549959007062237504e+01
-2.512026909146829823e+01
-2.444604333092806669e+01
-2.331733723642561174e+01
-2.253513979953163471e+01
-2.263214043547639065e+01
-2.329431244362290343e+01
-2.421167192939012480e+01
-2.488872492218863641e+01
-2.508112324569854223e+01
-2.458406756320523101e+01
-2.359898680787989989e+01
-2.293632855993671527e+01
-2.283939921888580571e+01
-2.287867142550410549e+01
-2.320673347714249246e+01
-2.285392849754673250e+01
-2.182525792701221334e+01
-1.933495272452555724e+01
-1.597564222313536320e+01
-1.112081043309336081e+01
-5.237383930406166677e+00
2.039033334905662187e+00
9.717300312173572152e+00
1.697659789277481224e+01
2.361699890498032062e+01
2.720534159740012115e+01
2.874230967642018086e+01
2.884570866873272266e+01
2.762952421775477774e+01
2.761682648840235643e+01
2.917477516101924095e+01
2.996353827536750458e+01
3.244133816663492809e+01
3.368567829370734046e+01
3.427908666067514787e+01
3.497838381582322143e+01
3.609114187099208237e+01
3.684335787365490944e+01
3.782375679460979256e+01
3.823856186682776581e+01
3.717055208261631094e+01
3.565283818366489044e+01
3.334914112643252793e+01
3.172823447626453230e+01
3.072655657362163240e+01
3.038515786796697782e+01
3.104756422081326050e+01
3.143773953535875165e+01
3.115317817899452635e+01
3.123029354599740515e+01
3.102355483938222136e+01
3.060782755584158821e+01
3.068647118052611233e+01
3.072409005384043112e+01
3.060596704744817131e+01
3.071716719312034627e+01
3.107467087564615582e+01
3.122177038724449716e+01
3.162129597749504839e+01
3.176981419756807057e+01
3.143141358446909450e+01
3.112986827576425952e+01
3.088027440438339966e+01
3.103921200713664774e+01
3.129395410938725774e+01
3.184913018568608223e+01
3.196247343333141089e+01
3.220629929892356813e+01
3.179324294942931672e+01
3.177550299581623250e+01
3.208209621763696617e+01
3.227640525680200767e+01
3.254700236418934622e+01
3.238720578327969690e+01
3.188736607172660342e+01
3.120243801215027091e+01
3.143395619286111753e+01
3.232102343527478183e+01
3.417983560253734510e+01
3.618452390024783227e+01
3.814206860296192758e+01
3.937736214992662553e+01
3.953461489617436087e+01
4.043417813079237533e+01
4.065022246592641153e+01
4.136094648369878968e+01
4.213371799659156380e+01
4.323868662197993729e+01
4.324136757117715746e+01
4.338915226987001716e+01
4.326742287268888276e+01
4.326124155777251445e+01
4.330181947600994619e+01
4.361123198197892492e+01
4.432490208241549823e+01
4.505536470260248905e+01
4.527301193183824068e+01
4.520343672285482484e+01
4.461931829327299681e+01
4.168318480071177135e+01
3.768605451700234710e+01
3.227721996258949844e+01
2.677184403232010368e+01
2.100007380002201884e+01
1.469961887249949228e+01
1.081709697673161763e+01
5.386784266603701354e+00
-1.270131636062821201e-02
-3.080625405768235847e+00
-7.929745044107820995e+00
-8.265874594319758017e+00
-8.976802562433007893e+00
-7.935870414363363601e+00
-6.876487024621170008e+00
-7.448720384832925312e+00
-7.554895566268095664e+00
-8.794878915675459652e+00
-1.091955588138191580e+01
-1.085302858787577485e+01
-1.191447542180157626e+01
-1.256367136229188297e+01
-1.275882838783559947e+01
-1.369671569434871650e+01
-1.521417125979188079e+01
-1.544734799762239774e+01
-1.516391595450396323e+01
-1.475496323771503171e+01
-1.472101474383301856e+01
-1.433899107535452089e+01
-1.525737990695501445e+01
-1.613330748455564745e+01
-1.657294074331218070e+01
-1.665986601219966801e+01
-1.672503016213699212e+01
-1.641409638355073142e+01
-1.662562685115865335e+01
-1.725625590545305599e+01
-1.769061772421506618e+01
-1.801216608327132107e+01
-1.830706519270182753e+01
-1.813870666692641720e+01
-1.809978551482849696e+01
-1.829109978455347019e+01
-1.875607251987210233e+01
-1.906541587298107032e+01
-1.914486717576190955e+01
-1.904941416772125251e+01
-1.883170532944860298e+01
-1.876465407475177116e+01
-1.887468583819991608e+01
-1.911260552467359375e+01
-1.934329062465560511e+01
-1.932738494391331940e+01
-1.916542172650663645e+01
-1.895568476291013127e+01
-1.911689953617544191e+01
-1.932938743245204449e+01
-1.959802102399097024e+01
-1.972137453228592818e+01
-1.959901029480199242e+01
-1.939489911976869863e+01
-1.915319510919301393e+01
-1.915882448855490594e+01
-1.930377696340877947e+01
-1.959501259743643686e+01
-1.953419419694768422e+01
-1.938836199626679146e+01
-1.919554897386720071e+01
-1.913826669674024572e+01
-1.924517535135038315e+01
-1.945852212646489576e+01
-1.973358990194762086e+01
-1.979079538085520085e+01
-1.965838542894148233e+01
-1.941209024896971869e+01
-1.925578926767570920e+01
-1.940020621526890920e+01
-1.936924132204225657e+01
-1.941911378827917289e+01
-1.957865681293315063e+01
-1.949359660167203856e+01
-1.933254059530273494e+01
-1.907110242298925940e+01
-1.920261648082509254e+01
-1.920895739558842408e+01
-1.924712097763041641e+01
-1.912046900505324487e+01
-1.919174347749631693e+01
-1.910584376797445216e+01
-1.912653472543607336e+01
-1.938532546037075122e+01
-1.957393170805072913e+01
-1.959013209861440075e+01
-1.947867746295675317e+01
-1.922550412688174504e+01
-1.900967505750778130e+01
-1.893257296640310017e+01
-1.898738826130013990e+01
-1.920870991484914470e+01
-1.943741823498357846e+01
-1.943243566193959282e+01
-1.930523701640749579e+01
-1.911995167331778944e+01
-1.902876852127659291e+01
-1.924183574860519741e+01
-1.928767225083510084e+01
-1.939077060815670350e+01
-1.957405334452801782e+01
-1.952118081024359597e+01
-1.920138806088441896e+01
-1.925241370683026787e+01
-1.934425252146950314e+01
-1.945417171127808231e+01
-1.937641161684200952e+01
-1.928372250679842281e+01
-1.923782575767733860e+01
-1.906598814788746310e+01
-1.915840867930937819e+01
-1.945129706192721031e+01
-1.978563068443670403e+01
-1.976683209149480192e+01
-1.931648436395392920e+01
-1.890675381929352028e+01
-1.869407930595053813e+01
-1.898482701724049448e+01
-1.933431750151462936e+01
-1.992093390533588249e+01
-1.995819769626241325e+01
-1.928305211508721939e+01
-1.823266587377207770e+01
-1.772369839822353299e+01
-1.832821655401036054e+01
-1.980682014965825033e+01
-2.097077512579658887e+01
-2.126937420030324333e+01
-1.898537923866571475e+01
-1.330193243595671682e+01
-5.489845430178515784e+00
1.882766189861565742e+00
8.669591357264252451e+00
1.381890517219427039e+01
1.876663614405727643e+01
2.111338965852623772e+01
2.720475471459718619e+01
3.013427145883932567e+01
3.431610267147972593e+01
3.590272216239343805e+01
3.581504457118360563e+01
3.518363881603373500e+01
3.539622668159692154e+01
3.671112029633453488e+01
3.836743132052630756e+01
4.060857818201260017e+01
4.238220920255913882e+01
4.037704472845477000e+01
4.035143003147496898e+01
3.973755110827867298e+01
4.109453850000377884e+01
4.355080122935051179e+01
4.616804355379112934e+01
4.644494682818096010e+01
4.470197501142450136e+01
4.246180690291448201e+01
4.063731387683771601e+01
4.200174866511770944e+01
4.561631887204919167e+01
4.821154388306469230e+01
4.854089767150585999e+01
4.335566058623710717e+01
3.355913379509844674e+01
2.146721416659207549e+01
