-5.736294930636613110e+00
-5.736294930636613110e+00
-5.736294930636613110e+00
-5.736294930636613110e+00
-5.736294930636613110e+00
-5.736294930636613110e+00
-5.736294930636613110e+00
-5.736294930636613110e+00
-5.736294930636613110e+00
-5.736294930636613110e+00
-5.587266623567297863e+00
-5.330771169212630944e+00
-6.510419738657759581e+00
-8.010117859800555351e+00
-8.903555213637844190e+00
-9.666246315871109829e+00
-8.736245135424423935e+00
-7.046738868221655849e+00
-6.814779655456445262e+00
-4.436307194626993855e+00
-4.916142272084364606e+00
-5.857997354293908110e+00
-8.110096445657372755e+00
-8.912547488256926442e+00
-7.470428995115478976e+00
-7.405468250882653258e+00
-5.993028566431020998e+00
-4.710807071330584961e+00
-6.068180667699832220e+00
-8.138103322854524535e+00
-7.607863724480801615e+00
-8.113436753378051591e+00
-6.802182034699367108e+00
-4.841561318858214058e+00
-4.626538007842250444e+00
-5.307886300492704379e+00
-6.898538202364800753e+00
-7.428230080113568334e+00
-8.285152049475643210e+00
-6.377881467358510470e+00
-6.874647832572030381e+00
-7.825652435904526527e+00
-8.419405665392343252e+00
-9.999422590518662446e+00
-8.656237948152110562e+00
-7.376780026419643477e+00
-4.268878538505202158e+00
9.539005012790116034e-01
1.520653943282058718e+00
2.093306699650745895e+00
2.858235887283668841e+00
2.983654712061605707e+00
4.285025104543058738e+00
7.509024391732089576e+00
9.678491785368933620e+00
1.076019111164306175e+01
1.098422710244346057e+01
9.745726682235682503e+00
8.821222946266837894e+00
9.375539162641098656e+00
1.067258595980705493e+01
1.233405487897941910e+01
1.233716838067742394e+01
1.152663254622656375e+01
1.052142582979390895e+01
9.598070151763495872e+00
1.053506140338740593e+01
1.158892628293587634e+01
1.287156953864484166e+01
1.334635531771773564e+01
1.208873073274103227e+01
1.079383777231550923e+01
9.704204247052642174e+00
1.004318315057746958e+01
1.150337883558532681e+01
1.326182622004335876e+01
1.409330394397649222e+01
1.344402134698920825e+01
1.245295555745772909e+01
1.000177919738480270e+01
8.862616543750695186e+00
8.064545153599610217e+00
8.595228349820963842e+00
9.389168451539632088e+00
9.325904886225192314e+00
7.261230311520074920e+00
4.225464266715259321e+00
8.955941326838890992e-01
-2.115774536589890786e+00
-3.213192673321271453e+00
-3.272578423730545527e+00
-1.080363300204933985e+00
-8.582990543596246136e-01
-1.689083040465601648e+00
-4.662773841994197532e+00
-5.876723921158431452e+00
-8.119979830635370988e+00
-6.945302957717667702e+00
-6.051535225495348058e+00
-5.093873361958748625e+00
-4.977161200787035611e+00
-7.897286672964893839e+00
-9.387497945342476058e+00
-1.076371898557021645e+01
-9.184518415407136871e+00
-8.015966788420312739e+00
-5.267533171115323043e+00
-6.024412658349721283e+00
-7.812850188485283454e+00
-1.082722071503984473e+01
-1.072660342789153809e+01
-1.081805075090157686e+01
-7.528602815414795479e+00
-5.702262773027480414e+00
-5.694026037749269520e+00
-7.926215154021780229e+00
-1.199524927611906833e+01
-1.281775035512920802e+01
-1.102717801403510656e+01
-8.231414045874084096e+00
-5.486194560822298172e+00
-4.356231650998603655e+00
-6.011080560890231794e+00
-1.136527115487163542e+01
-1.286123917575508457e+01
-1.138127740361401408e+01
-6.888221245358501221e+00
-1.583398183113526869e+00
2.233531120778011747e+00
1.657096716367973066e+00
8.719660102130750712e-01
3.277404799505618804e-01
1.739381697903835011e+00
4.971178353695966834e+00
8.401841001331508352e+00
1.006157970116526990e+01
9.597737730526240796e+00
8.366566893646846026e+00
6.863203445846152384e+00
7.626484515182305302e+00
9.456958557845306146e+00
1.072826838985974618e+01
1.048028727237325164e+01
9.367469110813484434e+00
7.889351118284070097e+00
7.766533923431709674e+00
9.787070754897953861e+00
1.255386253563360377e+01
1.383036566907502873e+01
1.310339662751607648e+01
1.112841310894177127e+01
8.940849688242584747e+00
8.812622597767630239e+00
1.133819735695887232e+01
1.382362269747344641e+01
1.457310035529102343e+01
1.334159978430200866e+01
1.139891744799803064e+01
9.520199006363247562e+00
9.553775330862622539e+00
1.181989910972618674e+01
1.455575374098265229e+01
1.505118276157700841e+01
1.322392372238921610e+01
9.500806136293853399e+00
5.727267658710153420e+00
2.917650366110795535e+00
5.203041831972826659e-01
-6.846503016194024349e-01
-3.384920432610210028e+00
-6.418813651982417490e+00
-1.126228708677213142e+01
-1.192675753241701564e+01
-1.134464708568791202e+01
-9.806542493255468784e+00
-6.692864392583778965e+00
-7.870206914295531320e+00
-8.013048297309799395e+00
-9.772788799937170978e+00
-1.176669394944683056e+01
-1.143834125718916184e+01
-9.643707361649950016e+00
-8.681587180567774453e+00
-8.673994558135277089e+00
-1.051427534460653490e+01
-1.082368922128785371e+01
-1.151708119800193764e+01
-1.095692241128889677e+01
-8.706116804405942489e+00
-7.614039732181781872e+00
-7.346909501852874946e+00
-9.410765906034834316e+00
-1.027098864887700280e+01
-1.112424892140058752e+01
-9.096656447623825414e+00
-8.489055903295316341e+00
-6.390124232329636556e+00
-7.294473175004377197e+00
-8.723277147793289998e+00
-8.696264218620008535e+00
-8.638407826749398666e+00
-6.161170185783610975e+00
-3.084986701989608004e+00
-5.148864924552943867e-01
-8.308277361822624663e-02
1.749038386812675760e+00
3.177190772906586247e+00
4.330225130267704614e+00
7.312208678193869993e+00
1.032597163468081902e+01
1.148534891487462950e+01
1.144132298951931759e+01
1.181332321292259024e+01
1.201753830737025019e+01
1.138235075900333548e+01
1.199421478360123672e+01
1.271645644186648560e+01
1.271030434196791781e+01
1.254547794075578082e+01
1.154444216790790101e+01
1.134318763532517238e+01
1.184951108166941225e+01
1.209321041604562552e+01
1.172282956145977728e+01
1.141056960573662415e+01
1.037664110219519742e+01
9.898332953738407269e+00
1.080635349305279647e+01
1.224358332810844274e+01
1.297688610317619862e+01
1.272199288530927497e+01
1.101993348420231023e+01
8.060538164347772039e+00
4.133941381476812893e+00
1.486435480313575752e+00
-4.521463473495329621e-02
-1.511662432248365606e+00
-2.600849729416942591e+00
-3.801314395798114809e+00
-7.266667957133642552e+00
-8.018931386257575511e+00
-8.725018902094296536e+00
-8.831713230629652855e+00
-1.037248419889952977e+01
-9.868599026820817244e+00
-1.107874257326694689e+01
-1.185687729991721007e+01
-1.231733406081713511e+01
-1.113470967303365455e+01
-9.320073691857531983e+00
-8.614442278508596118e+00
-8.427969472276217289e+00
-8.394896335956250510e+00
-1.003288014477115553e+01
-1.030574173231077140e+01
-1.028507009583334231e+01
-8.787649000434134550e+00
-8.196298724090386401e+00
-8.506494696582073800e+00
-9.489677662372132616e+00
-9.523886633379575528e+00
-1.008072728828013886e+01
-1.037713552654612137e+01
-7.549763914225811945e+00
-6.081864922723683620e+00
-6.376534187589692593e+00
-7.156660826104672246e+00
-7.783177854095328030e+00
-1.067524021968866599e+01
-1.029375269378970614e+01
-8.944570795573698163e+00
-5.998681445653873290e+00
-3.262194255065415049e+00
-2.064065037566934269e+00
-1.187552656798194883e+00
-8.736599979660264470e-01
5.277389041341129516e-01
2.822386597478282244e+00
5.912456545889026138e+00
8.463748382827919414e+00
9.468151897574935916e+00
9.572164258710410323e+00
8.508220922804841990e+00
7.898076598223704003e+00
8.430393582015794252e+00
9.501692997169691068e+00
1.074026772833475540e+01
1.148646887491993596e+01
1.146401519773409561e+01
1.052350978790314073e+01
9.913051838587904285e+00
1.038669449985797755e+01
1.153142129386582226e+01
1.262149880050764494e+01
1.270098966866054901e+01
1.225177096264263099e+01
1.113951680759047669e+01
1.049196999100363392e+01
1.135290140530456782e+01
1.256338467882866539e+01
1.386585488150994294e+01
1.305828950680312950e+01
1.145199990880499286e+01
8.209860456621429492e+00
5.120727552121896231e+00
3.553508968252823141e+00
1.634853143648598905e+00
2.289336653748120121e+00
9.341354029684629801e-01
-2.770364073269079963e+00
-4.292686621956311122e+00
-7.160915969031822925e+00
-9.358013621937230297e+00
-8.193196030803264307e+00
-9.126215101656876882e+00
-7.582294681144774451e+00
-7.628086274070312811e+00
