-2.394150898769744984e+01
-2.394150898769744984e+01
-2.394150898769744984e+01
-2.329334046680983050e+01
-2.077853604566311319e+01
-1.963381031375893215e+01
-2.026372259305951928e+01
-2.176152468462827727e+01
-2.264391515579415071e+01
-2.252948008245561340e+01
-2.173673328273761740e+01
-2.114029770646714468e+01
-2.087752986951577583e+01
-2.134931002086788254e+01
-2.237761948542764046e+01
-2.313751589943961662e+01
-2.310849665038298539e+01
-2.248658217455138697e+01
-2.166863730217620798e+01
-2.142741546841777023e+01
-2.191243373498032199e+01
-2.289067486687706676e+01
-2.348190014356130106e+01
-2.343652666957002495e+01
-2.273959437452065302e+01
-2.198311464947941829e+01
-2.187863789730926101e+01
-2.259945736581929054e+01
-2.356235666697047648e+01
-2.421301193946113273e+01
-2.402428217208490224e+01
-2.319485005073076422e+01
-2.241976111241786640e+01
-2.240114496234522790e+01
-2.331280583122338257e+01
-2.428201558747710109e+01
-2.468989358488326147e+01
-2.397685568760475761e+01
-2.289063630858201037e+01
-2.224731688189087109e+01
-2.260817769583391268e+01
-2.397979861832821769e+01
-2.521084670637848291e+01
-2.543338942143131121e+01
-2.450333895305846355e+01
-2.312281235231808907e+01
-2.245582766403417452e+01
-2.337997864705011253e+01
-2.514979791895381211e+01
-2.613202822953667237e+01
-2.562351312781364143e+01
-2.360254977193927317e+01
-2.171477499627812335e+01
-2.169829396094150553e+01
-2.391770938160301085e+01
-2.716735789156005509e+01
-2.876881149917032232e+01
-2.691560975706659065e+01
-2.191697072446596906e+01
-1.631673371986939003e+01
-1.322741426078999538e+01
-1.388536806835213433e+01
-1.640275642555301872e+01
-1.817979216708794254e+01
-1.471224806848058542e+01
-6.452827834475393765e+00
4.165248028679193304e+00
1.206751370725272920e+01
1.419965897362957996e+01
1.177834096926014062e+01
6.501204690674203590e+00
3.888436490749530350e+00
6.757145981771973453e+00
1.345767868023939151e+01
2.121153221445527493e+01
2.563040079052980502e+01
2.656697359645328405e+01
2.463153210407815052e+01
2.264610964513463642e+01
2.313730890993800671e+01
2.638053810248958442e+01
2.924729523510215046e+01
3.069739360300266640e+01
2.995941174799022733e+01
2.745736172740490844e+01
2.605877200364249902e+01
2.637177131209502079e+01
2.855144052376044073e+01
3.080635906619233566e+01
3.184807653326618748e+01
3.095106210645790767e+01
2.998672046966875016e+01
2.955256708712411040e+01
3.071767609245254249e+01
3.249503958217393773e+01
3.391667307857220948e+01
3.427157085326993524e+01
3.314203857370583961e+01
3.222011258470431017e+01
3.223470638401238375e+01
3.338123506701935383e+01
3.454555282980727071e+01
3.522190841765581837e+01
3.473238851945080796e+01
3.367421577742332062e+01
3.307556060986532032e+01
3.374315018279918377e+01
3.490399703874786042e+01
3.601260601198305977e+01
3.589448970525499760e+01
3.487822455614624317e+01
3.391503789360884724e+01
3.364413845816336845e+01
3.471642431363300574e+01
3.616992984881633788e+01
3.667471759772232076e+01
3.593327728568577584e+01
3.437085123932127573e+01
3.327317408662388232e+01
3.338283684748392943e+01
3.500466795057105429e+01
3.672158244539512850e+01
3.717861349795656878e+01
3.620465407072376252e+01
3.466151509336201997e+01
3.363147021867188613e+01
3.446527451882401039e+01
3.653270025797609577e+01
3.850805982663727178e+01
3.886171626777795751e+01
3.720282038291502147e+01
3.486952233225773057e+01
3.352265590973025411e+01
3.442938658200251467e+01
3.694609713193217715e+01
3.919602177184212621e+01
3.945879914524396526e+01
3.744030833163877503e+01
3.427545459824645491e+01
3.237002401067124424e+01
3.305246934061125330e+01
3.519807327496741323e+01
3.656225770219403870e+01
3.490666626832068431e+01
2.846680218071984569e+01
1.912509248340057155e+01
1.013839741188253818e+01
3.125442517729192460e+00
1.164602401055749636e+00
1.049706566966684740e+00
1.970464169566635837e+00
1.057985663992366598e+00
-2.505157390795329952e+00
-6.774597163405303490e+00
-1.121539821013683813e+01
-1.339253769681697648e+01
-1.391567564435092663e+01
-1.371780964264199731e+01
-1.369134087452932391e+01
-1.516756562841338507e+01
-1.709160993125400196e+01
-1.929744033009043847e+01
-2.077344248974389984e+01
-2.116566208483147449e+01
-2.145398458480304882e+01
-2.194324960246679623e+01
-2.281142601982860540e+01
-2.427326061317243244e+01
-2.564597478416484577e+01
-2.622159649525029934e+01
-2.609340548871931631e+01
-2.575654520407143977e+01
-2.542635998415300591e+01
-2.582475135646900810e+01
-2.682039704745127295e+01
-2.801578129737863776e+01
-2.879220259383036051e+01
-2.901805682127701758e+01
-2.870733184204043553e+01
-2.825871758669894263e+01
-2.830184489198378373e+01
-2.883925485311919346e+01
-2.974216071228530467e+01
-3.053466141873831319e+01
-3.075691050562468476e+01
-3.035788518216395460e+01
-2.984482998881012605e+01
-2.971755631105791906e+01
-3.018768539629757441e+01
-3.113142721479747266e+01
-3.189199236362858514e+01
-3.212174232304865029e+01
-3.165254651730440827e+01
-3.091934167851153248e+01
-3.063069989549204308e+01
-3.122416621927557046e+01
-3.234066913276165423e+01
-3.332771352464325787e+01
-3.350464223459417923e+01
-3.276818176668421501e+01
-3.158304173320008701e+01
-3.089216253106117449e+01
-3.150901440238820328e+01
-3.327181168093215291e+01
-3.497786276803716987e+01
-3.556526134728368760e+01
-3.423411031036567209e+01
-3.088821734602462143e+01
-2.601082829855526768e+01
-2.093867085745630874e+01
-1.631312668460777360e+01
-1.218744382407560245e+01
-8.288319908071475339e+00
-4.071234267384339134e+00
-1.822479954101152710e-01
4.203597530706610463e+00
7.536191831722801382e+00
1.095410316259562045e+01
1.320644119250116333e+01
1.515841129370647522e+01
1.749104307364228461e+01
1.854695047553521903e+01
1.943598052274782262e+01
2.024232078913097510e+01
2.065936087146497968e+01
2.082393594713257912e+01
2.214775413242137603e+01
2.358409981925236210e+01
2.460115473130982267e+01
2.541536294439689669e+01
2.586692309723724037e+01
2.578806383580666051e+01
2.551007183819301716e+01
2.555459257676488249e+01
2.614949789957336179e+01
2.644548567521860249e+01
2.687993966424781078e+01
2.715720002949701239e+01
2.744480825777551658e+01
2.756552994535346812e+01
2.784012206710620063e+01
2.799679598411346859e+01
2.813052543974816544e+01
2.800420672187526350e+01
2.776875789390614457e+01
2.765682612908630134e+01
2.762086505462224650e+01
2.767598103350077565e+01
2.782587817776879291e+01
2.778992657447257031e+01
2.773418192369321744e+01
2.769176120687326659e+01
2.784279026125399170e+01
2.794501876514413752e+01
2.802255219276039355e+01
2.791803639544443527e+01
2.769693485035853797e+01
2.747166925881586508e+01
2.743928785664974512e+01
2.764695279269276540e+01
2.775825556841013508e+01
2.757668555359899543e+01
2.725144658429430322e+01
2.708256652231055384e+01
2.690962767011749790e+01
2.722793998005802507e+01
2.775704253652633113e+01
2.806050184268277192e+01
2.771455786390741594e+01
2.696624078719946382e+01
2.650043700121365831e+01
2.665328708141147729e+01
2.748505822977323021e+01
2.874734326890280656e+01
2.946260020711653027e+01
2.911512196838283018e+01
2.744960767922969325e+01
2.498877659782435146e+01
2.278056856150790921e+01
2.077916003989264482e+01
1.805524957701593891e+01
1.484239307301751865e+01
9.631174600543408459e+00
3.084793294787500528e+00
-3.925502692971399643e+00
-8.892864491141812877e+00
-1.250957239915519814e+01
-1.425383555208289899e+01
-1.505461207034864834e+01
-1.531050854372298886e+01
-1.767444470340421248e+01
-1.988761826170769709e+01
-2.175891505446660901e+01
-2.328545211964287276e+01
-2.425295560414239304e+01
-2.447828965741194907e+01
-2.585716033671151948e+01
-2.720032479490397037e+01
-2.906876105189640214e+01
-3.056780939387355289e+01
-3.101686222632730505e+01
-3.120214968580313197e+01
-3.094330859817863555e+01
-3.146612175221310181e+01
-3.250909390596115145e+01
-3.354666447323684508e+01
-3.449293404528964402e+01
-3.496107605335752311e+01
-3.497285323897256859e+01
-3.509911759034377354e+01
-3.554996139400590494e+01
-3.646620936707530092e+01
-3.713903764187941903e+01
-3.728722678055267892e+01
-3.690978592086871402e+01
-3.631808646831483145e+01
-3.636490439891562687e+01
