8.819000156962891523e+00
9.387127622471655997e+00
9.707440806886072693e+00
9.749765395050726369e+00
1.013654219069169038e+01
1.053484055110844331e+01
9.828613747095594988e+00
8.120376283987658539e+00
5.567395718427317064e+00
2.216296867881748511e+00
-1.430833943486539361e+00
-4.382602015026871634e+00
-5.779694612774450846e+00
-5.999601589348064756e+00
-5.854837469816605022e+00
-5.737257298518852799e+00
-5.706661431608091029e+00
-6.404403494929427509e+00
-7.410216056745229096e+00
-7.263551501084589468e+00
-6.434702148008661027e+00
-6.129526235617174024e+00
-6.204258272392451090e+00
-6.783532700755834810e+00
-8.518370757872380850e+00
-1.046542495567141451e+01
-1.110855636906195087e+01
-1.047970564721762976e+01
-9.539837374701638950e+00
-8.276064490719878819e+00
-6.980418340998896909e+00
-7.179032548898732102e+00
-8.381153225392910855e+00
-8.712327502349657138e+00
-8.368015349501094491e+00
-8.294376006515193467e+00
-8.056299218491377090e+00
-7.740955681372891917e+00
-8.278055939455555290e+00
-8.925732998532675211e+00
-8.791472236425532216e+00
-8.361794655077636307e+00
-8.050771384123768470e+00
-7.850359925931972960e+00
-7.880589798711501004e+00
-7.872008872869203699e+00
-7.297149194937428973e+00
-5.853632994528275013e+00
-3.585797643375876476e+00
-8.435758629371836737e-01
1.972306891620626113e+00
3.973230382061345711e+00
5.203390438841410059e+00
5.863333691827944172e+00
6.177261262488203286e+00
6.532727610276181984e+00
7.232776353650736567e+00
7.833462339436913169e+00
7.986289730003590215e+00
7.801975233802869170e+00
7.128397313820094006e+00
6.194710550392811932e+00
5.821065683486858156e+00
6.194008763644899496e+00
6.763588018571024207e+00
7.392986704878202531e+00
7.886036980196742263e+00
7.569446595480872730e+00
6.690623340855686330e+00
6.260386207653427348e+00
6.323354387786310760e+00
6.467476558377372342e+00
6.802578462491903899e+00
6.918249875907495294e+00
6.324833306519676235e+00
5.407711599001012281e+00
4.896761410639444811e+00
5.042497299667177302e+00
5.816466096506326622e+00
7.134109879121277586e+00
8.277768098958574683e+00
8.442532541856300199e+00
7.370604274218535146e+00
5.210486727915606409e+00
2.976419101974243642e+00
6.884700532038554588e-01
-1.491717748592142900e+00
-3.816056993872965819e+00
-6.396652976555596837e+00
-8.696968453294461554e+00
-1.049431029045986641e+01
-1.139056664133838837e+01
-1.163388461924232509e+01
-1.079262600624907442e+01
-9.616890670646663253e+00
-8.968430887872989032e+00
-9.015662014954525461e+00
-9.682791126680450944e+00
-1.010375385804222148e+01
-9.615395367340154209e+00
-7.824709170877445885e+00
-5.058533306729061430e+00
-1.839571688370353675e+00
1.129026414328283323e+00
3.248052337452672411e+00
4.528513939690173906e+00
4.965294105437354055e+00
4.814753649013441716e+00
4.771820317266831424e+00
5.109451772475345877e+00
5.576583953903524460e+00
6.088843892107714595e+00
6.713628636147063844e+00
6.833822294704852141e+00
5.486372730122684338e+00
2.616101203156460109e+00
-9.948435869376159868e-01
-4.863059482584227489e+00
-8.157158512115143978e+00
-9.455439895455226562e+00
-7.992812889319785619e+00
-4.690115411276935653e+00
-8.714958911697709976e-01
2.629000350522561646e+00
4.540776819846718659e+00
4.723938725479142953e+00
4.449071517394835418e+00
4.727341861798358025e+00
5.521293829278337562e+00
6.756708746946969768e+00
8.670952064179623164e+00
1.051935541090792725e+01
1.173146410117332294e+01
1.226194635910388264e+01
1.217647245564431735e+01
1.153176416643604973e+01
1.048067975338058666e+01
9.585939376323851846e+00
9.047867841382908338e+00
8.589485245847750861e+00
7.401002836551271891e+00
5.603643572313496968e+00
3.768272769997571991e+00
1.844957803456529266e+00
3.757064705790002512e-01
4.558225698867138798e-01
2.520174116911546136e+00
5.765251158568453604e+00
9.293802757589350705e+00
1.204476327982601802e+01
1.299782491529761685e+01
1.213788906402552037e+01
1.008766227986998842e+01
7.953637622931764461e+00
6.623273425994634422e+00
6.446544737309854334e+00
7.211319297665264472e+00
8.336032343836777159e+00
9.046779612329025611e+00
8.880541904837125244e+00
7.818155969822605300e+00
5.915114226641829731e+00
3.716269193581016594e+00
1.454810940648729511e+00
-9.231322858503908657e-01
-3.364768827746410285e+00
-5.081350421730045142e+00
-5.929041797956700499e+00
-5.844368186740126703e+00
-4.456013568211712794e+00
-2.484280000564032420e+00
-1.232815638014725490e+00
-1.267903853810915082e+00
-2.195593616224630118e+00
-4.039567551132574152e+00
-5.634356407879813844e+00
-5.942584678030503831e+00
-5.168497429325030090e+00
-4.505478836961278155e+00
-4.480028273346526646e+00
-5.164387228372041783e+00
-6.594117312914290707e+00
-7.574258408223219163e+00
-7.001654019597445711e+00
-5.056175801075191600e+00
-3.272616173653771110e+00
-2.653490613122151842e+00
-3.913760283110180538e+00
-6.349480577292478500e+00
-8.137554013236664829e+00
-8.190461183998039019e+00
-6.535615262380749968e+00
-3.789317544907399249e+00
-1.804246804952854166e+00
-2.505832756575113507e+00
-5.240197087717721303e+00
-7.981377694710870330e+00
-8.928237911925606340e+00
-6.821467135990819664e+00
-2.143108657477436729e+00
2.674974531222558571e+00
5.489525854622798740e+00
5.736176291840726194e+00
4.202403979914735466e+00
2.945020790023539448e+00
3.564225640532548312e+00
5.865583359747940762e+00
8.276733254950251251e+00
9.259436669682495236e+00
7.920431849640578115e+00
4.847488435162750520e+00
2.140563133967251730e+00
1.480147513027785022e+00
2.959078963360582737e+00
-1.423790526395920431e+01
-1.423790526395920431e+01
-1.423790526395920431e+01
-1.423790526395920431e+01
-1.423790526395920431e+01
-1.423790526395920431e+01
-1.423790526395920431e+01
-1.423790526395920431e+01
-1.423790526395920431e+01
-1.423790526395920431e+01
-1.423790526395920431e+01
-1.423790526395920431e+01
-1.423790526395920431e+01
-1.423790526395920431e+01
-1.423790526395920431e+01
-1.423790526395920431e+01
-1.423790526395920431e+01
-1.423790526395920431e+01
-1.423790526395920431e+01
-1.423790526395920431e+01
-1.423790526395920431e+01
-1.423790526395920431e+01
-1.423790526395920431e+01
-1.423790526395920431e+01
-1.423790526395920431e+01
-1.423790526395920431e+01
-1.423790526395920431e+01
-1.423790526395920431e+01
-1.423790526395920431e+01
-1.423790526395920431e+01
-1.423790526395920431e+01
-1.423790526395920431e+01
-1.423790526395920431e+01
-1.423790526395920431e+01
-1.423790526395920431e+01
-1.423790526395920431e+01
-1.423790526395920431e+01
-1.423790526395920431e+01
-1.423790526395920431e+01
-1.423790526395920431e+01
-1.423790526395920431e+01
-1.423790526395920431e+01
-1.423790526395920431e+01
-1.423790526395920431e+01
-1.423790526395920431e+01
-1.423790526395920431e+01
-1.423790526395920431e+01
-1.423790526395920431e+01
-1.423790526395920431e+01
-1.423790526395920431e+01
-1.423790526395920431e+01
-1.423790526395920431e+01
-1.423790526395920431e+01
-1.423790526395920431e+01
-1.423790526395920431e+01
-1.423790526395920431e+01
-1.423790526395920431e+01
-1.423790526395920431e+01
-1.423790526395920431e+01
-1.423790526395920431e+01
-1.423790526395920431e+01
-1.423790526395920431e+01
-1.423790526395920431e+01
-1.423790526395920431e+01
-1.423790526395920431e+01
-1.423790526395920431e+01
-1.423790526395920431e+01
-1.423790526395920431e+01
-1.423790526395920431e+01
-1.423790526395920431e+01
-1.423790526395920431e+01
-1.423790526395920431e+01
-1.423790526395920431e+01
-1.423790526395920431e+01
-1.423790526395920431e+01
-1.423790526395920431e+01
-1.423790526395920431e+01
-1.423790526395920431e+01
-1.423790526395920431e+01
-1.423790526395920431e+01
-1.423790526395920431e+01
-1.423790526395920431e+01
-1.423790526395920431e+01
-1.423790526395920431e+01
-1.423790526395920431e+01
-1.423790526395920431e+01
-1.423790526395920431e+01
-1.423790526395920431e+01
-1.423790526395920431e+01
-1.423790526395920431e+01
-1.423790526395920431e+01
-1.423790526395920431e+01
-1.423790526395920431e+01
-1.423790526395920431e+01
-1.423790526395920431e+01
-1.423790526395920431e+01
-1.423790526395920431e+01
-1.423790526395920431e+01
-1.423790526395920431e+01
-1.423790526395920431e+01
-1.423790526395920431e+01
-1.423790526395920431e+01
-1.423790526395920431e+01
