-1.882286431398645377e+01
-1.915749321465262156e+01
-1.933861334815843236e+01
-1.933706456296235388e+01
-1.922751316015241940e+01
-1.911838910814962489e+01
-1.909551031213174710e+01
-1.922938777992935755e+01
-1.942504354029991021e+01
-1.953337648471332244e+01
-1.952754874814284847e+01
-1.946262125311672975e+01
-1.937379885584952532e+01
-1.932389754637171109e+01
-1.939288292582021356e+01
-1.960206338107250801e+01
-1.982152552524402012e+01
-1.995594078843033259e+01
-1.997898119326715971e+01
-1.996363517090651385e+01
-1.994929739253573331e+01
-1.999125060548017885e+01
-2.010782603544372549e+01
-2.022568135475361117e+01
-2.028975867885227302e+01
-2.028494470240379854e+01
-2.018925729339014907e+01
-2.004059570260986334e+01
-1.993173238432250116e+01
-1.991697220223368348e+01
-2.002236804145153926e+01
-2.023518149590594817e+01
-2.048255959772088630e+01
-2.061859188130025800e+01
-2.054624498275267896e+01
-2.031722004044195629e+01
-2.008243971206096035e+01
-1.995526002444915648e+01
-1.993295621636135806e+01
-2.001283814237602598e+01
-2.019588406024147176e+01
-2.033542118959062961e+01
-2.025174884952033949e+01
-2.002789224639330357e+01
-1.990237458563311890e+01
-1.985302944283830939e+01
-1.982700245738205069e+01
-1.981670843209698774e+01
-1.981312081263143199e+01
-1.980316354279436553e+01
-1.982048374837285465e+01
-1.990695723695624153e+01
-2.003052352211109621e+01
-2.013577623985789700e+01
-2.005528366681102170e+01
-1.985407530491666250e+01
-1.975297135084145594e+01
-1.987093437879374136e+01
-2.019036941492310788e+01
-2.058257594984032579e+01
-2.040486074726845089e+01
-1.867659062610393050e+01
-1.482677435401656219e+01
-8.925460396890954939e+00
-1.574661479939105213e+00
6.196273628456289373e+00
1.309902605087087935e+01
1.849238535225667945e+01
2.267370238159180929e+01
2.604877898446644480e+01
2.881379084773949373e+01
3.141982159916524608e+01
3.405035732057989861e+01
3.627711503514974822e+01
3.761994237408860187e+01
3.826005309788231301e+01
3.863432167781409277e+01
3.887538496167297808e+01
3.919893831805468665e+01
3.982630099916222122e+01
4.039862108327029944e+01
4.014849428165747014e+01
3.915555352176624382e+01
3.790020078798052339e+01
3.651848108875371679e+01
3.560529681071957242e+01
3.565185807801251627e+01
3.630283151552492171e+01
3.694266767230796944e+01
3.729640290255646562e+01
3.726096319196282280e+01
3.695460309651803499e+01
3.677142493829435921e+01
3.688717364546810273e+01
3.744375771816239507e+01
3.819117522067190862e+01
3.868360992866342229e+01
3.879939084394705873e+01
3.873798796590741489e+01
3.863279843283849146e+01
3.869607741083426333e+01
3.912198935495162289e+01
3.973129576293854370e+01
4.016725777248988294e+01
4.025567277623709117e+01
4.007260299905620116e+01
3.975363937041167617e+01
3.951174565353363732e+01
3.956018752895304402e+01
3.978918717743175648e+01
3.994854344386861555e+01
3.998521722636120757e+01
3.996401333057294636e+01
3.988132278710565970e+01
3.986568498800249927e+01
4.005077055654988527e+01
4.023720025261123112e+01
4.024248121342425577e+01
4.008764876382350906e+01
3.985288437622347857e+01
3.964164175065898377e+01
3.963157968091828565e+01
3.983769180718255853e+01
4.015011996489869261e+01
4.048477950719941987e+01
4.084834785067268825e+01
4.127313149447009977e+01
4.182304124634107012e+01
4.249686904631622753e+01
4.314505787560002403e+01
4.358730658750096865e+01
4.369753161879259551e+01
4.356969520979948385e+01
4.348273519736694936e+01
4.368393055730015817e+01
4.407783326576061000e+01
4.440914433878579359e+01
4.455607071104712702e+01
4.446106589463045822e+01
4.423357465664528121e+01
4.418862805859484411e+01
4.446622197971825585e+01
4.453751987896009013e+01
4.334410744766482537e+01
3.986078670717267158e+01
3.371212355772901503e+01
2.556140294642647603e+01
1.653274076027858541e+01
8.239136397717139459e+00
1.954888683720341636e+00
-2.400067011685079521e+00
-5.467719669835353180e+00
-7.852409184746339754e+00
-1.013119548916994361e+01
-1.239361495327548468e+01
-1.386878781824870899e+01
-1.422052429296507903e+01
-1.402971811435079452e+01
-1.387520372322336470e+01
-1.421514407880291841e+01
-1.534467631327820492e+01
-1.688810535375869648e+01
-1.820451412424468884e+01
-1.879113542958502592e+01
-1.876274873252713959e+01
-1.860760421252736307e+01
-1.878532950546206237e+01
-1.951373919573465443e+01
-2.048868317421407070e+01
-2.125507041385871432e+01
-2.144382180718704944e+01
-2.116326124549287613e+01
-2.081937246232359229e+01
-2.088574054904152177e+01
-2.142272191670230086e+01
-2.206480934995437693e+01
-2.239834835701893567e+01
-2.224181551713347105e+01
-2.176347624862110663e+01
-2.131394786615371117e+01
-2.126812476446538369e+01
-2.168532674825850393e+01
-2.228656509847457201e+01
-2.266143844384710349e+01
-2.265884327837751400e+01
-2.249645508014628348e+01
-2.253615050595751157e+01
-2.296426787520239898e+01
-2.364331488174785534e+01
-2.420027153667060205e+01
-2.432025140346036807e+01
-2.399720156955501693e+01
-2.355261712006421249e+01
-2.335469942904815710e+01
-2.353582926392637376e+01
-2.393663289083200141e+01
-2.424949095744685224e+01
-2.425878786603149351e+01
-2.408885761735948705e+01
-2.405010293400849974e+01
-2.438241298304891913e+01
-2.505498729276119718e+01
-2.577568220959351208e+01
-2.611693056596947571e+01
-2.591053495757619984e+01
-2.545820761211966143e+01
-2.522929363954155235e+01
-2.551613989371825753e+01
-2.621938871724873010e+01
-2.692999829594977257e+01
-2.717877016256000289e+01
-2.684341277357384925e+01
-2.623808913818289668e+01
-2.589729831437784924e+01
-2.613719019365010610e+01
-2.674679433108737570e+01
-2.719236952238544092e+01
-2.706738469971532979e+01
-2.639875627006001579e+01
-2.554184329875293358e+01
-2.501939639814817085e+01
-2.510516092645415043e+01
-2.551865215474933635e+01
-2.572283151605541818e+01
-2.542666655066482662e+01
-2.485523869118880924e+01
-2.458624501147826891e+01
-2.511650923250373069e+01
-2.633623264333339975e+01
-2.723373252604243788e+01
-2.635389553659948803e+01
-2.253685248564322663e+01
-1.583670925344329916e+01
-7.536169058025377510e+00
4.727581458375840207e-01
6.760017112782177762e+00
1.077793675458575251e+01
1.293064806002030842e+01
1.453274755486776115e+01
1.650084240382975764e+01
1.914805643115408884e+01
2.217105680210795882e+01
2.490484019682661554e+01
2.644863780649361829e+01
2.674975037553774015e+01
2.646107057123809270e+01
2.597741696287284441e+01
2.563198802149471689e+01
2.566589164409241164e+01
2.608602376684703117e+01
2.657630673999256743e+01
2.700152541464142431e+01
2.721062458424385255e+01
2.730141202641901188e+01
2.726938721649859332e+01
2.723091307209916323e+01
2.739199326000555246e+01
2.789533553410236522e+01
2.865243503175388184e+01
2.934804989781248352e+01
2.973762658807777015e+01
2.956834613365607112e+01
2.890922211130704156e+01
2.815806945254767157e+01
2.790031044322135045e+01
2.824602172988809912e+01
2.883042785708017064e+01
2.925996122339645567e+01
2.916983722139626778e+01
2.841464218105426554e+01
2.748576033221518600e+01
2.724209977079311784e+01
2.797168732667325841e+01
2.958148448907156336e+01
3.148669035828983098e+01
3.283820315414947544e+01
3.339605420552531712e+01
3.342169784770057106e+01
3.325751894172277900e+01
3.336117356459559602e+01
3.420652485572954049e+01
3.524977936769442977e+01
3.553534377099992980e+01
3.472725619383146523e+01
3.266650767026178670e+01
2.891261811447986574e+01
2.364938159622097658e+01
1.767604769288099931e+01
1.140504560570322212e+01
-2.557480341741338492e+01
-2.557480341741338492e+01
-2.557480341741338492e+01
-2.557480341741338492e+01
-2.557480341741338492e+01
-2.557480341741338492e+01
-2.557480341741338492e+01
-2.557480341741338492e+01
-2.557480341741338492e+01
-2.557480341741338492e+01
-2.557480341741338492e+01
-2.557480341741338492e+01
-2.557480341741338492e+01
-2.557480341741338492e+01
-2.557480341741338492e+01
-2.557480341741338492e+01
-2.557480341741338492e+01
-2.557480341741338492e+01
-2.557480341741338492e+01
-2.557480341741338492e+01
-2.557480341741338492e+01
-2.557480341741338492e+01
-2.557480341741338492e+01
-2.557480341741338492e+01
-2.557480341741338492e+01
-2.557480341741338492e+01
-2.557480341741338492e+01
-2.557480341741338492e+01
