-1.349783821487890378e+01
-1.346916217660677084e+01
-1.351252320899615000e+01
-1.283023736215067245e+01
-1.045051806882644030e+01
-8.002659645121900311e+00
-7.003298042133305756e+00
-7.296999699526533156e+00
-7.932489178216378001e+00
-8.128946051064293243e+00
-8.051075181914042034e+00
-7.220339783585945526e+00
-6.212153279219849722e+00
-5.820076086077238919e+00
-6.172756855646499119e+00
-7.169245327128705547e+00
-8.693178755897395860e+00
-1.012283265317578440e+01
-1.104599001297994754e+01
-1.137716620598082073e+01
-1.143118385809737525e+01
-1.082010280202514707e+01
-9.928831461278727843e+00
-8.920771830022298232e+00
-8.333210643907403181e+00
-8.321038048851287172e+00
-8.836303657084364716e+00
-1.026982140698127743e+01
-1.245495188817085541e+01
-1.482309326432803687e+01
-1.642952809523512769e+01
-1.684159141047394570e+01
-1.554599942842075144e+01
-1.266582143445912578e+01
-9.358931446318853986e+00
-6.924298327466067882e+00
-6.086615605777589089e+00
-7.040636648125833119e+00
-9.062996318371959958e+00
-1.055416753932443186e+01
-1.032525167046100911e+01
-8.732843791883261986e+00
-6.492608755912269380e+00
-4.808057113583092068e+00
-4.952876054962210617e+00
-7.098389557545097261e+00
-1.003428441332069809e+01
-1.226268485798227736e+01
-1.277690431220336897e+01
-1.102031869389041496e+01
-8.072683548189637293e+00
-5.588020240716581100e+00
-4.607453664492773271e+00
-5.269148768962262253e+00
-6.710671479061272926e+00
-7.886319875546434766e+00
-7.870101664704715283e+00
-6.458268663208608373e+00
-3.927184466600317947e+00
-1.222107557219928031e+00
9.289807147576332191e-01
2.881889634807485390e+00
4.780618720828333501e+00
6.600154313486052082e+00
8.361882347770610124e+00
1.018382124787737197e+01
1.172974152271377690e+01
1.277193675400895323e+01
1.348465806400519007e+01
1.426555945484300736e+01
1.487581614659276141e+01
1.509301190933654269e+01
1.491021415950603668e+01
1.444626837227948890e+01
1.373718469074431070e+01
1.314737751075345429e+01
1.304965732766590847e+01
1.339299944210555537e+01
1.393237611637005813e+01
1.428749451614717891e+01
1.438160430051905436e+01
1.432898706035570768e+01
1.424770664850998436e+01
1.404223874760675450e+01
1.399603818963803192e+01
1.411277129759448457e+01
1.421139141824834518e+01
1.407450831515745904e+01
1.402251699640355476e+01
1.400504715679375067e+01
1.399390233419577889e+01
1.343035670184333519e+01
1.247729319971963946e+01
1.116349064653245726e+01
9.548388635525123291e+00
7.792258395291803197e+00
6.352349232255305012e+00
5.264306291677803173e+00
4.071922532565414699e+00
2.637432820785486243e+00
8.122915104570951339e-01
-1.454328437016744413e+00
-3.863704722170909100e+00
-5.839961188513655088e+00
-7.106322608031259591e+00
-7.600028149012373113e+00
-7.683676502999042590e+00
-7.702570163249377266e+00
-7.957328245568175085e+00
-8.400415396929556522e+00
-9.049126580387186536e+00
-9.722576942735498662e+00
-1.007384728011002650e+01
-9.941096356733021722e+00
-9.292666909761363669e+00
-8.889424726000717314e+00
-8.697739027406846901e+00
-8.822236266479535516e+00
-9.337384504415297215e+00
-1.003840704002402795e+01
-1.004493410944920306e+01
-9.440090504830461526e+00
-9.132339145100660360e+00
-8.845259583347644394e+00
-8.883717614214775793e+00
-9.780131854373733447e+00
-1.146275636724036673e+01
-1.259950012877385106e+01
-1.274348136577846269e+01
-1.196636187544584828e+01
-1.051422193458268239e+01
-8.903464933905597789e+00
-7.769012549548167001e+00
-7.607748470270133012e+00
-7.563869283720285885e+00
-7.086143672440269548e+00
-5.840723434039546191e+00
-3.926583269633725060e+00
-1.263740642055760643e+00
1.346608374322850299e+00
3.253557613553435424e+00
4.534429664740180499e+00
5.581834248538928733e+00
6.741888677237369620e+00
8.112719829859967646e+00
9.644331698261897401e+00
1.121375277667768877e+01
1.252507146120506931e+01
1.347369084841713871e+01
1.404409472706823436e+01
1.444857577708020990e+01
1.468711739262853655e+01
1.476305795049655245e+01
1.457943022231195052e+01
1.447639664436602303e+01
1.468428976515071227e+01
1.501949672054920093e+01
1.544980244435175010e+01
1.599809026675672463e+01
1.644902663463029668e+01
1.650541435144682367e+01
1.636840643001676909e+01
1.622547677837625457e+01
1.614336879313148643e+01
1.611070430884618432e+01
1.588351870067100435e+01
1.560307887458929343e+01
1.536446857994618220e+01
1.533306309454474103e+01
1.557014942780492106e+01
1.607557687997068285e+01
1.663646852467875448e+01
1.679869197696897842e+01
1.651842489796690572e+01
1.583052257561707954e+01
1.490888653818149123e+01
1.362391847225895170e+01
1.205452665640138399e+01
1.022023871337733247e+01
7.665145928413187093e+00
4.467809610556532363e+00
1.097299204654819338e+00
-1.997493914268866577e+00
-4.759654618089605549e+00
-6.850798521772686556e+00
-7.952381476155896856e+00
-8.225894189495102538e+00
-7.763202494892625261e+00
-6.643432870109947430e+00
-5.507213100767297753e+00
-5.005897870553953410e+00
-5.703772611853269225e+00
-7.415619708160189560e+00
-9.615638172149324703e+00
-1.136362480419064980e+01
-1.208473922725733729e+01
-1.151412058418833517e+01
-1.009961833270095966e+01
-8.852801663422654954e+00
-8.611001578673580070e+00
-9.495943633377740056e+00
-1.074585997761484180e+01
-1.137472706146673218e+01
-1.071710914686660487e+01
-8.950982951365741513e+00
-6.777539841375707752e+00
-5.471492103066568191e+00
-5.389513361641976807e+00
-6.508284166792121184e+00
-8.118213442426856830e+00
-8.910083349788539664e+00
-7.799199826826646920e+00
-5.039746676205029807e+00
-1.455824025930784194e+00
2.239910497889986196e+00
5.084186441667308820e+00
6.935077186873381372e+00
8.090172359054975004e+00
8.952262241155882094e+00
9.813011049200349944e+00
1.081021422984999170e+01
1.180132613530652463e+01
1.255537921682579139e+01
1.327438292605257431e+01
1.390409774581760338e+01
1.456679668691412921e+01
1.512004445897469829e+01
1.568923325756528264e+01
1.602213265419879917e+01
1.622053129158478768e+01
1.628567560099329015e+01
1.641931310089547580e+01
1.661906539327032917e+01
1.698943491841984965e+01
1.726537418267617952e+01
1.735951448254667540e+01
1.722472093024942552e+01
1.719897349778852913e+01
1.724295351273429233e+01
1.738867248351317940e+01
1.766535223413543676e+01
1.798808582517538568e+01
1.816640161372815143e+01
1.813140779678218806e+01
1.797687656023411407e+01
1.776887634826580253e+01
1.747773970104918817e+01
1.723524284517078797e+01
1.725354999180963134e+01
1.741875708993964977e+01
1.736202242102447713e+01
1.723790872088010317e+01
1.719334841908748857e+01
1.683810647123359416e+01
1.618197442004958830e+01
1.535955341646274164e+01
1.433712185717462617e+01
1.272304978907647843e+01
1.059673443701331053e+01
8.136263287418538326e+00
5.497543565695691470e+00
2.832218062400521319e+00
3.709382090183197533e-01
-1.018101012115048887e+00
-1.663138667973658391e+00
-1.998643759365599459e+00
-2.193015228613444556e+00
-2.321251147097900258e+00
-2.956303181937624647e+00
-4.074216899753316135e+00
-5.157204141703501499e+00
-6.170909758013856106e+00
-7.091434092473485329e+00
-7.947896216147401383e+00
-8.570135292388680881e+00
-9.007215183398495029e+00
-9.242833310251869605e+00
-9.304786908189514705e+00
-9.298855851897020131e+00
-9.173209400753600917e+00
-9.159637760000467921e+00
-9.247818193666354603e+00
-9.411161889480959886e+00
-9.266408297400642979e+00
-8.950450684259086742e+00
-8.392276903132492194e+00
-7.425123831171292821e+00
-6.383601967400536203e+00
-5.674642655655607548e+00
-5.150817478851441145e+00
-4.937272469675519915e+00
-5.249862384139008853e+00
-6.089804547694565251e+00
-7.092631953997583949e+00
-8.142473887652871056e+00
-8.919927828073671350e+00
-9.186080457209394368e+00
-8.962135368572274885e+00
-8.387239916492061909e+00
-8.006844716890809011e+00
-8.012532454744759391e+00
-8.422495908321630864e+00
-8.909474059567578763e+00
-9.324729013180265369e+00
-9.387866323377762612e+00
-9.024517961632826157e+00
-8.551728095841660604e+00
-8.288462047524708609e+00
-8.070335674014552652e+00
-7.719390936510096779e+00
-7.401936222336668258e+00
-7.167084971450942810e+00
-6.914144442815382874e+00
-6.866879469040337192e+00
-7.137335395924994330e+00
-7.463607094791121277e+00
-7.703781076214490042e+00
