-1.456823023677888962e+01
-1.456823023677888962e+01
-1.456823023677888962e+01
-1.456823023677888962e+01
-1.456823023677888962e+01
-1.456823023677888962e+01
-1.456823023677888962e+01
-1.456823023677888962e+01
-1.456823023677888962e+01
-1.456823023677888962e+01
-1.456823023677888962e+01
-1.459935562503179796e+01
-1.455229093097055681e+01
-1.431663648527324639e+01
-1.380934652686526753e+01
-1.374296111821144528e+01
-1.424487888430732063e+01
-1.477071089573192531e+01
-1.485574079523920155e+01
-1.449939025910759227e+01
-1.411354580438852935e+01
-1.401906265109631633e+01
-1.428536812759394614e+01
-1.469500230519980732e+01
-1.499922217584789230e+01
-1.501821485810744150e+01
-1.471445390138778642e+01
-1.435719452917927796e+01
-1.425470438366608228e+01
-1.440788652566468464e+01
-1.452465051841894095e+01
-1.445410414965242474e+01
-1.424040164243846363e+01
-1.403353726100704613e+01
-1.397595984708147654e+01
-1.419565315578481091e+01
-1.461873551600860388e+01
-1.496852084175478304e+01
-1.495200844819019181e+01
-1.456415435361334509e+01
-1.408410986254978070e+01
-1.376686272697282831e+01
-1.370062010767887628e+01
-1.383294740329347050e+01
-1.407176846019517846e+01
-1.426292226432558152e+01
-1.438416418069549962e+01
-1.454321256874477442e+01
-1.483648052615071400e+01
-1.512570758531903792e+01
-1.524002628109074919e+01
-1.508133814760558344e+01
-1.478224805470203584e+01
-1.456697129797055545e+01
-1.463520076372342515e+01
-1.500760532032013828e+01
-1.547426632981120953e+01
-1.569352002649230471e+01
-1.539694424823399466e+01
-1.472804381403846818e+01
-1.416546863397460321e+01
-1.412038717214816685e+01
-1.464208736770955532e+01
-1.542247727739175467e+01
-1.599260707833349748e+01
-1.594541758304523604e+01
-1.529266467164452159e+01
-1.451004641089906322e+01
-1.415511341408203982e+01
-1.442267083717944587e+01
-1.500337426922502182e+01
-1.541765299176265813e+01
-1.531539792478840312e+01
-1.476988302020023092e+01
-1.421023933489510505e+01
-1.421789992502202793e+01
-1.493177867360714650e+01
-1.594839196688733374e+01
-1.650085849281942885e+01
-1.606617154510810508e+01
-1.462157485314527428e+01
-1.258351727949595400e+01
-1.059865219389608626e+01
-9.119182175295080128e+00
-8.176205001398551886e+00
-7.257768758938237141e+00
-5.822419531560379724e+00
-3.777251116000426734e+00
-1.594185730872248019e+00
2.360691171025496304e-01
1.509587837695093970e+00
2.327443840610303294e+00
3.569583967162844651e+00
6.160120726322304563e+00
1.026968451186722930e+01
1.518711532942630171e+01
1.976887929650495224e+01
2.317637146542923787e+01
2.476733425310501246e+01
2.497137122942984178e+01
2.481976300556759440e+01
2.546649196977602614e+01
2.727885454747718086e+01
2.981538323537665391e+01
3.247755397210479344e+01
3.402092486520570702e+01
3.402544031176846318e+01
3.284056476842790318e+01
3.103976509434330211e+01
2.941329166685678231e+01
2.882818463044922552e+01
2.955880176480768640e+01
3.102882338861554956e+01
3.282858932639216931e+01
3.435405521357051128e+01
3.528411442817943566e+01
3.517568849739150494e+01
3.449716779352787199e+01
3.363404235175970314e+01
3.299509018748302225e+01
3.266795069921430184e+01
3.308151044464814561e+01
3.423487384217047236e+01
3.531817465156001390e+01
3.600604938182969050e+01
3.586852131391189857e+01
3.500462002532298555e+01
3.362805140281952987e+01
3.247101467835231148e+01
3.243394900835874495e+01
3.349857865880139940e+01
3.460311992158852945e+01
3.514366932429294366e+01
3.509825532241146817e+01
3.397181476151309454e+01
3.227543484492820625e+01
3.187436914215421879e+01
3.329086007420301740e+01
3.570877870187086245e+01
3.807804682934306584e+01
3.955349351323968676e+01
3.882315648405256781e+01
3.606672983033286073e+01
3.282043844046833669e+01
3.103540624593508568e+01
3.127270121852236784e+01
3.300526046687775050e+01
3.537680463442325163e+01
3.679711099957962261e+01
3.616973389288504137e+01
3.386817954496454774e+01
3.150787237301309318e+01
3.025974162731613504e+01
3.040012679561884568e+01
3.210112333810791796e+01
3.410182705731603647e+01
3.484829304205672429e+01
3.407423272261994640e+01
3.284656226192917217e+01
3.190355432914803657e+01
3.151457211401057279e+01
3.264896596471485424e+01
3.487052050943266579e+01
3.661281419885192889e+01
3.711741442340839114e+01
3.626887869748622961e+01
3.393472984022082528e+01
2.986559831275195975e+01
2.483111534730228342e+01
1.937493396265626799e+01
1.365066415324485760e+01
8.268613851492167655e+00
3.716707261010226304e+00
3.872864749160187525e-01
-2.123200150196562941e+00
-3.928490796970124599e+00
-5.359192197548876102e+00
-6.617066372821859943e+00
-7.787721767674095297e+00
-8.771228941759705577e+00
-9.472101070357894059e+00
-1.002790706263924037e+01
-1.064755048067895693e+01
-1.149269678496248126e+01
-1.254825488010723333e+01
-1.359076454654509192e+01
-1.437266467256933922e+01
-1.476605109260468041e+01
-1.487977565208390018e+01
-1.496859662350504117e+01
-1.524524170667948297e+01
-1.564717900007370233e+01
-1.600576626696400950e+01
-1.618133390039839270e+01
-1.613544236084086592e+01
-1.594604698716378444e+01
-1.581977937854254890e+01
-1.592728378857594329e+01
-1.622119317420299112e+01
-1.650666819538833963e+01
-1.664488297630026636e+01
-1.663251203078366913e+01
-1.656403101830571245e+01
-1.653261178358859240e+01
-1.660071922028328117e+01
-1.673100962249830914e+01
-1.679612281806740270e+01
-1.672154095789139205e+01
-1.656845259902365086e+01
-1.649713679035824043e+01
-1.659590944968620363e+01
-1.684829280668906648e+01
-1.705891588326268149e+01
-1.708291400871873122e+01
-1.693156097101725166e+01
-1.678608755840354050e+01
-1.679955009276144651e+01
-1.704210137634565569e+01
-1.742394184444333760e+01
-1.770959239411689978e+01
-1.766731345760201322e+01
-1.732677716529974532e+01
-1.693736295021145466e+01
-1.680055816470852292e+01
-1.698014950553356073e+01
-1.736454692135131239e+01
-1.768288669211023034e+01
-1.772056793819142939e+01
-1.744211241649974653e+01
-1.701046245861528305e+01
-1.674169242035668148e+01
-1.679214849116971919e+01
-1.707930918905379158e+01
-1.733763035646322948e+01
-1.740983119002432744e+01
-1.729170426159139495e+01
-1.707182596591207258e+01
-1.694440997695509310e+01
-1.702504233110874665e+01
-1.729847449744414334e+01
-1.753773786546054936e+01
-1.759165468404242105e+01
-1.745198246415581167e+01
-1.724729529618931423e+01
-1.715727492916640173e+01
-1.728769919726897797e+01
-1.760087292909650714e+01
-1.792233218296295760e+01
-1.811638116948650890e+01
-1.811387252234895229e+01
-1.801954040355149900e+01
-1.794101667859303362e+01
-1.795132423918318310e+01
-1.800437787095435382e+01
-1.809911307493304022e+01
-1.816905356365195701e+01
-1.814886657266145065e+01
-1.809553161540123867e+01
-1.807860795394806530e+01
-1.809039858356975117e+01
-1.804128951803494374e+01
-1.796633279188037591e+01
-1.791990847757572425e+01
-1.795957797230441244e+01
-1.809043193115816095e+01
-1.826322498228782720e+01
-1.849229573273422389e+01
-1.870480613948269522e+01
-1.880203797988131598e+01
-1.880928606904751987e+01
-1.883763084345666527e+01
-1.886037719798173384e+01
-1.883306723858920506e+01
-1.877376652494000808e+01
-1.868682533061832984e+01
-1.859073407169903902e+01
-1.857353943890028347e+01
-1.869233373860902248e+01
-1.889117863585673263e+01
-1.902672047569539870e+01
-1.901945062239573758e+01
-1.888688132556821131e+01
-1.871379161510849443e+01
-1.857047253419049682e+01
-1.852262604272028668e+01
-1.856086544472005784e+01
-1.860876963627931602e+01
-1.855257035087119633e+01
-1.839819179434371321e+01
-1.826354564303090910e+01
-1.827872218306875851e+01
-1.842981614484422082e+01
-1.862039900888582977e+01
-1.872858239041815054e+01
-1.870464384536550639e+01
-1.855079084909024445e+01
-1.836560045243007622e+01
-1.824160057753928044e+01
-1.810174489541375564e+01
-1.767625472030607980e+01
-1.664981644204654287e+01
-1.483619120165479011e+01
-1.226665725912727822e+01
-9.246150021459881074e+00
-5.985976077863087497e+00
-2.858552194503494626e+00
3.785725064628109315e-02
2.749732884762800644e+00
5.250855221482044755e+00
7.516113967395387618e+00
9.567295312822103881e+00
1.151811650981099966e+01
1.336413593712403092e+01
1.518911905862480083e+01
1.706639012670651923e+01
1.908015096423132562e+01
2.093622577617784231e+01
