 3696
 3676
 3658
 3642
 3626
 3608
 3594
 3578
 3562
 3544
 3528
 3510
 3494
 3480
 3468
 3452
 3434
 3408
 3380
 3350
 3330
 3316
 3296
 3276
 3252
 3220
 3186
 3154
 3128
 3100
 3072
 3042
 3014
 2986
 2956
 2930
 2900
 2872
 2846
 2816
 2790
 2764
 2748
 2740
 2728
 2712
 2692
 2672
 2646
 2618
 2586
 2548
 2502
 2456
 2410
 2368
 2328
 2286
 2240
 2192
 2142
 2088
 2030
 1980
 1932
 1894
 1854
 1816
 1778
 1740
 1710
 1676
 1646
 1622
 1596
 1570
 1542
 1516
 1490
 1464
 1446
 1426
 1402
 1380
 1362
 1346
 1336
 1322
 1308
 1296
 1290
 1284
 1282
 1276
 1272
 1272
 1274
 1276
 1276
 1280
 1288
 1304
 1316
 1326
 1334
 1344
 1352
 1358
 1362
 1364
 1368
 1374
 1380
 1388
 1392
 1406
 1420
 1434
 1448
 1458
 1474
 1494
 1510
 1526
 1538
 1554
 1564
 1576
 1592
 1612
 1640
 1672
 1708
 1744
 1778
 1811
 1844
 1881
 1912
 1942
 1972
 2002
 2028
 2054
 2080
 2110
 2140
 2172
 2204
 2234
 2272
 2314
 2358
 2400
 2446
 2498
 2544
 2594
 2642
 2690
 2744
 2796
 2844
 2896
 2946
 2990
 3036
 3082
 3128
 3170
 3208
 3242
 3268
 3298
 3330
 3356
 3380
 3406
 3434
 3460
 3480
 3494
 3510
 3524
 3536
 3544
 3546
 3554
 3564
 3572
 3580
 3588
 3598
 3614
 3626
 3624
 3620
 3614
 3618
 3626
 3626
 3620
 3616
 3624
 3628
 3622
 3616
 3610
 3604
 3600
 3590
 3580
 3574
 3566
 3556
 3538
 3520
 3500
 3480
 3458
 3432
 3402
 3374
 3354
 3336
 3316
 3298
 3278
 3260
 3242
 3220
 3196
 3172
 3148
 3126
 3100
 3078
 3058
 3038
 3018
 2996
 2972
 2948
 2920
 2890
 2864
 2838
 2824
 2810
 2798
 2788
 2776
 2766
 2758
 2746
 2736
 2724
 2710
 2696
 2682
 2670
 2662
 2650
 2642
 2632
 2620
 2612
 2598
 2584
 2574
 2572
 2576
 2578
 2578
 2574
 2570
 2566
 2560
 2554
 2546
 2538
 2530
 2520
 2510
 2504
 2498
 2494
 2488
 2482
 2478
 2468
 2454
 2438
 2428
 2418
 2404
 2386
 2364
 2338
 2310
 2276
 2240
 2206
 2166
 2128
 2092
 2054
 2018
 1990
 1958
 1924
 1892
 1858
 1822
 1792
 1764
 1740
 1716
 1688
 1660
 1630
 1604
 1574
 1542
 1514
 1496
 1470
 1438
 1412
 1384
 1366
 1352
 1338
 1322
 1308
 1300
 1294
 1280
 1260
 1240
 1228
 1220
 1214
 1204
 1194
 1188
 1186
 1190
 1196
 1202
 1216
 1230
 1246
 1264
 1280
 1294
 1302
 1298
 1300
 1306
 1320
 1336
 1360
 1386
 1406
 1428
 1450
 1474
 1500
 1520
 1546
 1570
 1598
 1624
 1646
 1678
 1712
 1742
 1775
 1809
 1846
 1884
 1928
 1974
 2014
 2050
 2086
 2120
 2154
 2194
 2240
 2290
 2352
 2416
 2486
 2562
 2628
 2686
 2730
 2762
 2800
 2836
 2876
 2916
 2954
 2988
 3014
 3040
 3064
 3084
 3102
 3120
 3134
 3150
 3166
 3176
 3192
 3212
 3232
 3248
 3260
 3272
 3284
 3306
 3324
 3338
 3350
 3360
 3366
 3366
 3358
 3356
 3354
 3352
 3350
 3342
 3336
 3334
 3336
 3340
 3344
 3346
 3346
 3342
 3340
 3334
 3338
 3346
 3350
 3352
 3346
 3340
 3338
 3330
 3324
 3322
 3314
 3312
 3304
 3296
 3290
 3286
 3278
 3274
 3270
 3264
 3250
 3236
 3218
 3200
 3190
 3176
 3164
 3152
 3138
 3126
 3110
 3098
 3086
 3074
 3058
 3042
 3026
 3006
 2988
 2966
 2948
 2928
 2910
 2894
 2872
 2854
 2836
 2828
 2824
 2818
 2808
 2800
 2790
 2778
 2766
 2756
 2746
 2734
 2720
 2708
 2696
 2684
 2674
 2662
 2650
 2642
 2632
 2616
 2600
 2580
 2564
 2552
 2534
 2508
 2468
 2422
 2378
 2330
 2282
 2238
 2194
 2150
 2106
 2066
 2026
 1988
 1950
 1916
 1882
 1846
 1810
 1778
 1750
 1728
 1704
 1680
 1654
 1630
 1610
 1590
 1566
 1544
 1522
 1494
 1472
 1452
 1436
 1426
 1430
 1440
 1444
 1452
 1456
 1456
 1452
 1446
 1432
 1420
 1410
 1412
 1416
 1422
 1432
 1440
 1452
 1460
 1470
 1482
 1496
 1508
 1518
 1530
 1540
 1546
 1556
 1570
 1580
 1592
 1604
 1620
 1631
 1644
 1658
 1674
 1696
 1714
 1732
 1754
 1781
 1808
 1836
 1864
 1894
 1924
 1950
 1976
 2000
 2022
 2046
 2072
 2096
 2122
 2148
 2174
 2204
 2234
 2260
 2288
 2318
 2350
 2384
 2422
 2460
 2498
 2532
 2566
 2596
 2624
 2650
 2680
 2716
 2748
 2776
 2806
 2832
 2860
 2888
 2914
 2940
 2962
 2982
 3000
 3020
 3038
 3050
 3062
 3072
 3080
 3098
 3112
 3122
 3132
 3140
 3150
 3158
 3162
 3170
 3176
 3178
 3178
 3174
 3176
 3178
 3180
 3180
 3180
 3182
 3178
 3172
 3164
 3154
 3154
 3156
 3156
 3156
 3156
 3154
 3150
 3142
 3132
 3120
 3110
 3096
 3080
 3066
 3048
 3032
 3016
 3006
 3000
 2996
 2986
 2984
 2980
 2976
 2976
 2972
 2968
 2962
 2958
 2954
 2950
 2952
 2956
 2954
 2954
 2952
 2948
 2944
 2934
 2926
 2920
 2914
 2912
 2908
 2902
 2894
 2886
 2888
 2892
 2892
 2890
 2886
 2884
 2876
 2868
 2864
 2860
 2854
 2848
 2840
 2832
 2824
 2814
 2806
 2796
 2782
 2770
 2754
 2738
 2722
 2710
 2706
 2702
 2696
 2688
 2678
 2670
 2662
 2654
 2646
 2634
 2618
 2602
 2580
 2556
 2528
 2496
 2460
 2418
 2376
 2332
 2288
 2242
 2204
 2172
 2142
 2112
 2082
 2052
 2020
 1994
 1966
 1942
 1918
 1892
 1866
 1838
 1814
 1792
 1774
 1756
 1736
 1716
 1702
 1688
 1672
 1654
 1634
 1620
 1602
 1592
 1584
 1574
 1572
 1570
 1566
 1564
 1564
 1564
 1566
 1572
 1572
 1576
 1584
 1592
 1598
 1604
 1610
 1616
 1626
 1634
 1642
 1646
 1656
 1666
 1678
 1688
 1699
 1716
 1736
 1754
 1772
 1790
 1810
 1830
 1850
 1872
 1899
 1926
 1954
 1978
 1996
 2014
 2032
 2052
 2072
 2090
 2110
 2136
 2162
 2186
 2210
 2236
 2258
 2280
 2302
 2324
 2350
 2376
 2406
 2440
 2470
 2498
 2530
 2562
 2594
 2628
 2660
 2696
 2736
 2778
 2822
 2864
 2904
 2938
 2972
 2998
 3028
 3056
 3082
 3102
 3122
 3144
 3156
 3164
 3174
 3184
 3194
 3204
 3214
 3222
 3234
 3246
 3254
 3266
 3274
 3288
 3296
 3298
 3304
 3306
 3314
 3322
 3326
 3330
 3330
 3326
 3322
 3314
 3310
 3304
 3300
 3294
 3280
 3264
 3250
 3234
 3222
 3208
 3194
 3180
 3162
 3144
 3124
 3100
 3086
 3070
 3058
 3040
 3020
 3004
 2984
 2966
 2948
 2930
 2912
 2894
 2878
 2864
 2850
 2836
 2824
 2812
 2802
 2786
 2772
 2754
 2744
 2738
 2734
 2728
 2720
 2708
 2698
 2688
 2674
 2660
 2646
 2632
 2618
 2606
 2598
 2588
 2578
 2570
 2562
 2556
 2546
 2536
 2530
 2524
 2524
 2524
 2522
 2516
 2506
 2494
 2474
 2452
 2422
 2388
 2354
 2318
 2282
 2252
 2222
 2194
 2170
 2146
 2120
 2090
 2054
 2022
 1988
 1958
 1928
 1900
 1870
 1838
 1812
 1788
 1764
 1746
 1730
 1710
 1692
 1674
 1656
 1642
 1632
 1622
 1614
 1604
 1608
 1612
 1620
 1630
 1636
 1642
 1646
 1650
 1654
 1658
 1662
 1668
 1668
 1674
 1676
 1684
 1700
 1716
 1736
 1754
 1774
 1798
 1825
 1844
 1868
 1892
 1916
 1940
 1968
 1995
 2016
 2036
 2054
 2076
 2098
 2118
 2136
 2158
 2176
 2196
 2220
 2240
 2264
 2290
 2314
 2340
 2366
 2388
 2412
 2438
 2466
 2494
 2518
 2544
 2570
 2598
 2624
 2644
 2668
 2690
 2718
 2744
 2770
 2796
 2820
 2844
 2864
 2888
 2912
 2932
 2942
 2948
 2952
 2954
 2950
 2946
 2942
 2940
 2940
 2940
 2942
 2944
 2948
 2954
 2964
 2970
 2972
 2976
 2980
 2992
 3000
 3014
 3024
 3032
 3036
 3040
 3040
 3042
 3038
 3038
 3034
 3026
 3020
 3012
 2998
 2988
 2976
 2962
 2952
 2940
 2928
 2914
 2902
 2892
 2882
 2878
 2870
 2856
 2840
 2822
 2808
 2794
 2780
 2766
 2752
 2738
 2724
 2712
 2696
 2684
 2674
 2664
 2654
 2646
 2636
 2626
 2618
 2608
 2600
 2590
 2574
 2548
 2518
 2482
 2442
 2398
 2350
 2304
 2256
 2210
 2164
 2120
 2080
 2044
 2008
 1974
 1944
 1914
 1882
 1856
 1832
 1814
 1798
 1782
 1764
 1750
 1738
 1722
 1708
 1694
 1680
 1664
 1646
 1630
 1616
 1608
 1606
 1606
 1606
 1610
 1624
 1644
 1660
 1670
 1678
 1684
 1686
 1686
 1682
 1676
 1668
 1662
 1656
 1660
 1664
 1670
 1680
 1692
 1708
 1724
 1744
 1768
 1794
 1820
 1844
 1870
 1898
 1924
 1955
 1984
 2012
 2038
 2062
 2088
 2114
 2142
 2170
 2202
 2234
 2268
 2302
 2338
 2376
 2418
 2456
 2494
 2534
 2570
 2606
 2642
 2674
 2710
 2738
 2760
 2782
 2802
 2822
 2842
 2860
 2878
 2896
 2910
 2928
 2946
 2966
 2978
 2990
 3002
 3008
 3020
 3036
 3048
 3062
 3076
 3090
 3102
 3108
 3112
 3120
 3124
 3124
 3124
 3124
 3122
 3122
 3120
 3120
 3118
 3122
 3124
 3120
 3116
 3112
 3108
 3116
 3116
 3116
 3112
 3108
 3104
 3098
 3090
 3088
 3084
 3082
 3074
 3062
 3050
 3042
 3034
 3024
 3016
 3008
 3002
 2994
 2984
 2972
 2966
 2964
 2962
 2956
 2948
 2936
 2930
 2924
 2914
 2904
 2892
 2880
 2868
 2854
 2840
 2828
 2816
 2802
 2796
 2788
 2776
 2762
 2750
 2736
 2730
 2722
 2714
 2702
 2694
 2688
 2680
 2676
 2670
 2664
 2660
 2654
 2650
 2644
 2634
 2626
 2620
 2610
 2602
 2594
 2584
 2574
 2564
 2558
 2554
 2548
 2542
 2534
 2528
 2520
 2512
 2506
 2498
 2490
 2482
 2476
 2468
 2464
 2458
 2454
 2452
 2446
 2444
 2440
 2436
 2432
 2432
 2434
 2434
 2426
 2414
 2392
 2364
 2326
 2282
 2236
 2186
 2138
 2094
 2048
 2002
 1960
 1922
 1884
 1848
 1816
 1780
 1750
 1726
 1706
 1690
 1670
 1650
 1632
 1616
 1606
 1592
 1578
 1568
 1556
 1542
 1530
 1516
 1500
 1490
 1486
 1478
 1472
 1472
 1472
 1468
 1462
 1454
 1446
 1438
 1436
 1436
 1438
 1442
 1450
 1462
 1472
 1486
 1498
 1512
 1526
 1540
 1550
 1564
 1582
 1594
 1610
 1624
 1638
 1654
 1670
 1690
 1708
 1726
 1748
 1770
 1796
 1820
 1848
 1882
 1915
 1948
 1981
 2016
 2052
 2082
 2110
 2138
 2172
 2208
 2252
 2300
 2338
 2370
 2396
 2422
 2450
 2482
 2518
 2560
 2602
 2646
 2690
 2732
 2766
 2796
 2824
 2846
 2868
 2888
 2908
 2926
 2944
 2960
 2968
 2974
 2982
 2988
 2994
 2998
 2998
 3004
 3010
 3016
 3026
 3032
 3040
 3050
 3058
 3064
 3074
 3082
 3096
 3114
 3124
 3132
 3142
 3150
 3160
 3164
 3168
 3172
 3174
 3178
 3174
 3170
 3168
 3166
 3168
 3170
 3170
 3174
 3172
 3172
 3172
 3172
 3178
 3186
 3190
 3184
 3182
 3178
 3172
 3166
 3158
 3148
 3140
 3128
 3116
 3100
 3086
 3074
 3064
 3054
 3042
 3030
 3020
 3010
 3002
 3000
 2996
 2990
 2980
 2972
 2958
 2944
 2930
 2916
 2900
 2882
 2866
 2848
 2832
 2818
 2806
 2792
 2782
 2766
 2748
 2732
 2722
 2716
 2714
 2708
 2704
 2698
 2692
 2686
 2678
 2670
 2662
 2652
 2642
 2632
 2622
 2614
 2604
 2596
 2586
 2572
 2558
 2546
 2538
 2530
 2520
 2508
 2494
 2476
 2462
 2444
 2422
 2400
 2374
 2346
 2316
 2290
 2258
 2230
 2200
 2164
 2126
 2086
 2048
 2012
 1978
 1944
 1906
 1870
 1832
 1798
 1768
 1738
 1712
 1686
 1662
 1636
 1614
 1592
 1572
 1556
 1538
 1524
 1514
 1500
 1494
 1486
 1480
 1474
 1472
 1474
 1476
 1480
 1484
 1488
 1500
 1510
 1520
 1534
 1546
 1562
 1578
 1588
 1600
 1610
 1618
 1626
 1636
 1646
 1654
 1660
 1666
 1670
 1678
 1682
 1692
 1708
 1724
 1738
 1756
 1774
 1792
 1808
 1826
 1838
 1858
 1874
 1894
 1908
 1923
 1941
 1958
 1976
 1996
 2018
 2042
 2070
 2098
 2128
 2158
 2192
 2222
 2254
 2286
 2320
 2356
 2396
 2438
 2484
 2528
 2572
 2614
 2656
 2698
 2736
 2772
 2808
 2842
 2874
 2904
 2928
 2952
 2972
 2998
 3016
 3034
 3058
 3082
 3102
 3120
 3132
 3140
 3144
 3158
 3168
 3184
 3202
 3212
 3224
 3238
 3248
 3260
 3276
 3286
 3298
 3300
 3300
 3300
 3296
 3296
 3292
 3288
 3280
 3272
 3262
 3248
 3232
 3220
 3206
 3194
 3186
 3178
 3172
 3166
 3158
 3146
 3136
 3120
 3108
 3088
 3066
 3042
 3022
 3010
 2998
 2984
 2968
 2952
 2938
 2924
 2906
 2894
 2876
 2862
 2848
 2834
 2822
 2812
 2800
 2790
 2784
 2776
 2766
 2756
 2744
 2732
 2726
 2722
 2716
 2708
 2698
 2690
 2684
 2674
 2664
 2654
 2642
 2628
 2614
 2600
 2590
 2578
 2570
 2562
 2558
 2554
 2546
 2542
 2532
 2530
 2530
 2528
 2522
 2516
 2506
 2496
 2482
 2466
 2450
 2430
 2406
 2378
 2346
 2310
 2276
 2242
 2210
 2182
 2156
 2130
 2100
 2078
 2058
 2044
 2030
 2012
 1992
 1974
 1954
 1936
 1918
 1904
 1886
 1870
 1850
 1834
 1820
 1808
 1796
 1788
 1780
 1774
 1768
 1764
 1760
 1754
 1746
 1736
 1726
 1718
 1710
 1704
 1700
 1692
 1688
 1688
 1688
 1690
 1694
 1698
 1700
 1708
 1714
 1720
 1722
 1728
 1732
 1738
 1742
 1748
 1752
 1754
 1756
 1760
 1764
 1772
 1778
 1788
 1800
 1814
 1830
 1844
 1858
 1872
 1888
 1906
 1927
 1945
 1960
 1976
 1994
 2010
 2024
 2036
 2050
 2064
 2078
 2090
 2106
 2122
 2142
 2160
 2178
 2196
 2212
 2228
 2242
 2254
 2268
 2278
 2294
 2310
 2322
 2339
 2352
 2366
 2382
 2398
 2416
 2442
 2472
 2514
 2570
 2630
 2690
 2750
 2804
 2858
 2904
 2948
 2984
 3014
 3046
 3078
 3104
 3130
 3156
 3178
 3200
 3218
 3232
 3250
 3266
 3282
 3300
 3314
 3328
 3336
 3346
 3354
 3360
 3368
 3372
 3374
 3376
 3376
 3374
 3368
 3362
 3358
 3350
 3340
 3328
 3316
 3306
 3292
 3278
 3266
 3256
 3246
 3234
 3220
 3202
 3184
 3166
 3148
 3130
 3114
 3094
 3080
 3062
 3046
 3030
 3016
 3002
 2984
 2968
 2950
 2936
 2922
 2908
 2896
 2886
 2874
 2862
 2852
 2840
 2834
 2824
 2818
 2808
 2800
 2794
 2786
 2778
 2768
 2760
 2752
 2740
 2732
 2724
 2714
 2704
 2696
 2686
 2676
 2666
 2654
 2642
 2636
 2630
 2624
 2618
 2610
 2606
 2604
 2600
 2594
 2586
 2578
 2570
 2562
 2552
 2548
 2540
 2536
 2534
 2530
 2522
 2516
 2510
 2506
 2504
 2502
 2498
 2494
 2492
 2490
 2488
 2486
 2482
 2480
 2476
 2472
 2470
 2468
 2464
 2462
 2464
 2462
 2460
 2458
 2456
 2456
 2460
 2464
 2464
 2462
 2458
 2452
 2444
 2428
 2408
 2382
 2350
 2318
 2288
 2254
 2222
 2192
 2162
 2136
 2110
 2080
 2050
 2024
 2000
 1976
 1950
 1920
 1890
 1862
 1834
 1806
 1782
 1760
 1740
 1714
 1690
 1666
 1646
 1628
 1616
 1602
 1590
 1586
 1588
 1588
 1588
 1586
 1586
 1590
 1596
 1602
 1604
 1612
 1616
 1618
 1622
 1626
 1636
 1648
 1662
 1674
 1690
 1710
 1728
 1744
 1758
 1768
 1780
 1792
 1808
 1820
 1830
 1844
 1858
 1870
 1880
 1890
 1902
 1917
 1933
 1946
 1962
 1980
 1998
 2014
 2028
 2042
 2058
 2070
 2086
 2100
 2116
 2130
 2146
 2158
 2174
 2188
 2204
 2218
 2234
 2250
 2266
 2284
 2304
 2322
 2343
 2360
 2380
 2400
 2422
 2448
 2478
 2512
 2552
 2606
 2676
 2738
 2802
 2862
 2914
 2958
 2998
 3026
 3048
 3072
 3092
 3110
 3122
 3134
 3144
 3164
 3180
 3196
 3212
 3224
 3236
 3246
 3248
 3252
 3258
 3262
 3262
 3256
 3252
 3246
 3240
 3232
 3212
 3190
 3162
 3140
 3116
 3094
 3074
 3066
 3058
 3048
 3032
 3010
 2988
 2966
 2944
 2926
 2914
 2898
 2890
 2884
 2876
 2870
 2866
 2860
 2858
 2852
 2844
 2836
 2828
 2814
 2808
 2808
 2804
 2800
 2794
 2786
 2780
 2774
 2766
 2758
 2750
 2742
 2734
 2726
 2720
 2712
 2708
 2702
 2696
 2688
 2674
 2660
 2648
 2644
 2640
 2638
 2632
 2624
 2620
 2616
 2612
 2608
 2602
 2596
 2586
 2574
 2564
 2556
 2548
 2540
 2532
 2526
 2518
 2508
 2496
 2482
 2466
 2450
 2430
 2406
 2382
 2356
 2330
 2300
 2274
 2248
 2220
 2192
 2164
 2138
 2114
 2092
 2070
 2052
 2030
 2010
 1994
 1980
 1964
 1948
 1928
 1908
 1888
 1872
 1852
 1836
 1820
 1800
 1778
 1758
 1740
 1728
 1718
 1710
 1700
 1696
 1692
 1686
 1680
 1670
 1662
 1650
 1638
 1626
 1616
 1606
 1600
 1596
 1594
 1594
 1594
 1598
 1604
 1610
 1618
 1630
 1640
 1650
 1666
 1680
 1698
 1714
 1734
 1752
 1766
 1780
 1794
 1804
 1814
 1826
 1840
 1858
 1876
 1894
 1914
 1941
 1972
 2004
 2035
 2062
 2090
 2116
 2142
 2166
 2186
 2210
 2230
 2252
 2272
 2292
 2316
 2340
 2366
 2394
 2420
 2452
 2480
 2508
 2536
 2562
 2590
 2618
 2644
 2674
 2702
 2722
 2742
 2760
 2780
 2800
 2820
 2842
 2864
 2886
 2904
 2920
 2938
 2956
 2976
 2996
 3006
 3016
 3030
 3044
 3056
 3072
 3088
 3102
 3112
 3124
 3136
 3148
 3158
 3180
 3234
 3276
 3308
 3334
 3354
 3368
 3374
 3376
 3374
 3372
 3360
 3348
 3334
 3318
 3306
 3296
 3288
 3278
 3270
 3262
 3254
 3246
 3236
 3228
 3220
 3214
 3204
 3190
 3176
 3162
 3144
 3124
 3106
 3086
 3070
 3062
 3054
 3046
 3036
 3028
 3020
 3008
 2998
 2986
 2974
 2962
 2944
 2928
 2912
 2896
 2880
 2864
 2846
 2828
 2810
 2792
 2776
 2766
 2758
 2750
 2740
 2730
 2722
 2716
 2706
 2698
 2690
 2678
 2666
 2656
 2646
 2638
 2630
 2624
 2618
 2612
 2602
 2594
 2588
 2586
 2588
 2588
 2584
 2578
 2574
 2566
 2558
 2550
 2538
 2530
 2518
 2506
 2496
 2486
 2478
 2468
 2460
 2444
 2424
 2398
 2370
 2344
 2322
 2298
 2270
 2244
 2216
 2192
 2166
 2140
 2116
 2092
 2068
 2040
 2016
 1994
 1970
 1948
 1922
 1898
 1878
 1860
 1842
 1826
 1810
 1796
 1788
 1782
 1776
 1768
 1758
 1752
 1744
 1734
 1724
 1720
 1722
 1724
 1724
 1726
 1726
 1730
 1736
 1738
 1740
 1744
 1750
 1758
 1762
 1762
 1760
 1760
 1760
 1760
 1762
 1770
 1784
 1794
 1804
 1816
 1824
 1834
 1846
 1854
 1864
 1872
 1886
 1900
 1912
 1922
 1930
 1942
 1954
 1966
 1978
 1990
 2006
 2025
 2043
 2064
 2084
 2108
 2130
 2154
 2178
 2200
 2224
 2246
 2264
 2284
 2302
 2322
 2346
 2368
 2392
 2420
 2448
 2480
 2516
 2550
 2586
 2618
 2644
 2674
 2702
 2730
 2758
 2788
 2820
 2850
 2878
 2898
 2916
 2938
 2960
 2982
 3000
 3018
 3036
 3054
 3070
 3086
 3102
 3116
 3128
 3138
 3146
 3164
 3184
 3198
 3206
 3212
 3214
 3216
 3222
 3228
 3232
 3234
 3234
 3234
 3230
 3224
 3220
 3216
 3214
 3214
 3216
 3214
 3208
 3202
 3194
 3188
 3182
 3172
 3160
 3148
 3134
 3120
 3108
 3094
 3080
 3064
 3046
 3028
 3012
 2994
 2976
 2960
 2942
 2928
 2912
 2894
 2874
 2856
 2842
 2836
 2828
 2818
 2808
 2798
 2788
 2780
 2772
 2764
 2752
 2742
 2730
 2722
 2712
 2704
 2698
 2690
 2684
 2676
 2666
 2658
 2648
 2646
 2646
 2646
 2640
 2636
 2632
 2630
 2624
 2620
 2612
 2602
 2594
 2584
 2576
 2566
 2554
 2538
 2522
 2502
 2474
 2444
 2414
 2388
 2362
 2336
 2306
 2278
 2252
 2226
 2204
 2184
 2166
 2146
 2126
 2104
 2084
 2066
 2048
 2028
 2010
 1990
 1976
 1962
 1952
 1938
 1926
 1912
 1902
 1892
 1884
 1876
 1868
 1858
 1848
 1842
 1838
 1834
 1834
 1832
 1832
 1834
 1830
 1830
 1828
 1832
 1836
 1840
 1842
 1844
 1846
 1848
 1850
 1850
 1852
 1856
 1868
 1878
 1886
 1894
 1906
 1914
 1922
 1928
 1930
 1936
 1942
 1946
 1950
 1954
 1958
 1966
 1974
 1982
 1996
 2010
 2033
 2054
 2079
 2102
 2126
 2152
 2176
 2208
 2248
 2298
 2362
 2424
 2482
 2540
 2592
 2646
 2696
 2738
 2780
 2818
 2854
 2888
 2922
 2952
 2974
 2992
 3014
 3038
 3062
 3082
 3098
 3114
 3128
 3142
 3154
 3164
 3176
 3186
 3194
 3202
 3206
 3214
 3222
 3232
 3238
 3238
 3238
 3232
 3226
 3224
 3224
 3220
 3214
 3206
 3194
 3180
 3168
 3156
 3144
 3128
 3114
 3098
 3082
 3068
 3052
 3036
 3022
 3008
 2992
 2972
 2952
 2932
 2920
 2912
 2900
 2886
 2872
 2858
 2846
 2830
 2814
 2800
 2784
 2770
 2758
 2748
 2734
 2722
 2708
 2698
 2684
 2672
 2658
 2644
 2636
 2630
 2624
 2618
 2610
 2596
 2582
 2560
 2538
 2516
 2490
 2462
 2436
 2410
 2384
 2358
 2332
 2306
 2282
 2258
 2230
 2206
 2184
 2162
 2150
 2130
 2114
 2096
 2080
 2064
 2048
 2032
 2018
 2004
 1986
 1970
 1954
 1940
 1928
 1914
 1900
 1888
 1876
 1864
 1856
 1850
 1846
 1840
 1828
 1818
 1810
 1806
 1798
 1794
 1788
 1786
 1784
 1782
 1780
 1780
 1786
 1794
 1802
 1812
 1826
 1842
 1856
 1864
 1872
 1880
 1890
 1900
 1912
 1920
 1930
 1942
 1954
 1964
 1978
 1988
 2008
 2029
 2044
 2062
 2080
 2096
 2116
 2131
 2146
 2160
 2180
 2196
 2216
 2236
 2252
 2266
 2276
 2288
 2296
 2308
 2320
 2336
 2352
 2370
 2388
 2408
 2430
 2450
 2470
 2496
 2522
 2552
 2580
 2610
 2644
 2670
 2698
 2726
 2752
 2776
 2802
 2824
 2848
 2868
 2888
 2906
 2924
 2940
 2954
 2972
 2978
 2994
 3010
 3028
 3044
 3056
 3068
 3076
 3080
 3084
 3088
 3094
 3096
 3100
 3106
 3106
 3108
 3112
 3114
 3120
 3118
 3116
 3112
 3108
 3104
 3104
 3106
 3106
 3106
 3104
 3104
 3100
 3102
 3102
 3100
 3096
 3092
 3084
 3078
 3072
 3062
 3054
 3044
 3036
 3026
 3014
 3000
 2988
 2980
 2972
 2958
 2942
 2924
 2908
 2888
 2870
 2854
 2836
 2820
 2806
 2792
 2780
 2770
 2758
 2750
 2744
 2736
 2726
 2716
 2704
 2696
 2692
 2690
 2684
 2678
 2674
 2670
 2664
 2658
 2650
 2638
 2626
 2610
 2596
 2578
 2568
 2552
 2534
 2514
 2492
 2462
 2432
 2402
 2378
 2354
 2330
 2306
 2282
 2260
 2240
 2216
 2198
 2178
 2158
 2138
 2118
 2100
 2086
 2072
 2060
 2050
 2034
 2022
 2012
 2000
 1992
 1978
 1964
 1948
 1936
 1924
 1910
 1900
 1892
 1880
 1870
 1860
 1848
 1842
 1838
 1840
 1838
 1846
 1848
 1852
 1856
 1862
 1868
 1868
 1864
 1866
 1864
 1864
 1862
 1866
 1874
 1884
 1890
 1896
 1904
 1912
 1924
 1932
 1936
 1940
 1946
 1954
 1960
 1968
 1978
 1992
 2004
 2018
 2034
 2054
 2074
 2097
 2122
 2146
 2172
 2198
 2224
 2246
 2268
 2286
 2306
 2326
 2350
 2374
 2400
 2420
 2442
 2464
 2480
 2498
 2513
 2528
 2546
 2566
 2592
 2616
 2642
 2666
 2690
 2716
 2740
 2766
 2788
 2806
 2826
 2842
 2856
 2872
 2886
 2900
 2908
 2918
 2926
 2940
 2956
 2970
 2984
 3000
 3014
 3026
 3030
 3040
 3052
 3064
 3070
 3072
 3072
 3072
 3066
 3070
 3072
 3072
 3074
 3076
 3078
 3078
 3084
 3088
 3094
 3100
 3104
 3104
 3102
 3096
 3094
 3092
 3086
 3080
 3072
 3064
 3054
 3044
 3032
 3024
 3012
 2998
 2982
 2968
 2954
 2942
 2928
 2914
 2902
 2888
 2872
 2854
 2834
 2822
 2812
 2802
 2794
 2784
 2772
 2762
 2748
 2732
 2714
 2696
 2678
 2656
 2634
 2608
 2580
 2552
 2522
 2490
 2454
 2416
 2382
 2352
 2326
 2300
 2274
 2246
 2222
 2200
 2178
 2156
 2136
 2114
 2094
 2076
 2058
 2038
 2022
 2000
 1982
 1962
 1942
 1926
 1910
 1896
 1880
 1866
 1852
 1842
 1836
 1826
 1818
 1816
 1814
 1818
 1824
 1834
 1844
 1856
 1866
 1872
 1880
 1886
 1890
 1892
 1892
 1890
 1886
 1884
 1886
 1884
 1880
 1880
 1882
 1882
 1884
 1882
 1882
 1886
 1892
 1898
 1906
 1912
 1922
 1932
 1946
 1956
 1968
 1980
 1996
 2006
 2018
 2028
 2044
 2062
 2076
 2092
 2112
 2131
 2152
 2170
 2190
 2206
 2222
 2238
 2254
 2268
 2283
 2296
 2312
 2324
 2336
 2348
 2358
 2366
 2378
 2388
 2402
 2416
 2434
 2450
 2468
 2486
 2508
 2532
 2556
 2584
 2608
 2632
 2658
 2686
 2708
 2732
 2752
 2774
 2796
 2818
 2836
 2852
 2870
 2886
 2902
 2918
 2930
 2942
 2952
 2964
 2972
 2978
 2988
 3000
 3010
 3018
 3024
 3034
 3036
 3042
 3050
 3054
 3060
 3066
 3070
 3074
 3076
 3076
 3076
 3078
 3080
 3082
 3084
 3084
 3082
 3086
 3088
 3088
 3086
 3078
 3072
 3060
 3048
 3038
 3030
 3024
 3016
 3010
 3006
 3004
 3000
 2994
 2988
 2986
 2980
 2974
 2966
 2954
 2946
 2942
 2936
 2924
 2912
 2898
 2892
 2884
 2880
 2874
 2872
 2870
 2868
 2862
 2858
 2854
 2850
 2846
 2844
 2842
 2834
 2830
 2822
 2822
 2820
 2818
 2812
 2804
 2798
 2790
 2782
 2774
 2762
 2752
 2742
 2730
 2720
 2708
 2698
 2688
 2680
 2670
 2660
 2648
 2642
 2638
 2630
 2622
 2612
 2604
 2590
 2578
 2562
 2542
 2520
 2498
 2476
 2452
 2430
 2408
 2386
 2366
 2342
 2320
 2298
 2274
 2258
 2242
 2222
 2202
 2182
 2166
 2150
 2134
 2122
 2108
 2096
 2080
 2064
 2048
 2032
 2022
 2008
 1994
 1982
 1974
 1968
 1960
 1952
 1940
 1932
 1928
 1920
 1916
 1916
 1910
 1904
 1898
 1892
 1884
 1882
 1880
 1874
 1874
 1872
 1866
 1858
 1848
 1846
 1842
 1840
 1842
 1844
 1846
 1850
 1854
 1858
 1862
 1870
 1876
 1882
 1890
 1894
 1902
 1908
 1912
 1916
 1920
 1924
 1928
 1934
 1938
 1938
 1944
 1950
 1956
 1962
 1968
 1978
 1988
 2000
 2010
 2020
 2034
 2044
 2060
 2068
 2078
 2090
 2104
 2119
 2131
 2134
 2140
 2144
 2150
 2160
 2172
 2184
 2198
 2216
 2230
 2246
 2260
 2272
 2284
 2294
 2306
 2320
 2334
 2350
 2364
 2378
 2388
 2396
 2408
 2420
 2435
 2448
 2464
 2482
 2504
 2528
 2552
 2580
 2602
 2628
 2656
 2686
 2716
 2746
 2774
 2804
 2826
 2850
 2870
 2892
 2912
 2926
 2940
 2950
 2960
 2970
 2976
 2986
 2994
 3004
 3014
 3022
 3032
 3042
 3054
 3062
 3072
 3078
 3082
 3090
 3094
 3092
 3092
 3092
 3094
 3096
 3098
 3098
 3102
 3108
 3106
 3102
 3100
 3100
 3108
 3116
 3118
 3116
 3116
 3112
 3106
 3098
 3092
 3086
 3080
 3074
 3064
 3058
 3052
 3046
 3042
 3032
 3020
 3014
 3006
 3004
 3000
 2996
 2990
 2986
 2978
 2970
 2958
 2952
 2942
 2932
 2918
 2904
 2890
 2880
 2870
 2860
 2848
 2834
 2820
 2804
 2792
 2784
 2778
 2768
 2756
 2742
 2732
 2722
 2714
 2704
 2698
 2690
 2684
 2676
 2670
 2664
 2656
 2648
 2638
 2626
 2616
 2612
 2612
 2610
 2608
 2604
 2598
 2596
 2590
 2582
 2580
 2574
 2566
 2556
 2550
 2542
 2536
 2530
 2524
 2516
 2504
 2492
 2478
 2466
 2446
 2422
 2396
 2368
 2342
 2318
 2292
 2270
 2244
 2218
 2192
 2166
 2144
 2120
 2098
 2074
 2050
 2030
 2010
 1996
 1978
 1962
 1944
 1928
 1914
 1898
 1888
 1876
 1864
 1854
 1842
 1832
 1826
 1820
 1812
 1806
 1802
 1794
 1786
 1776
 1764
 1756
 1750
 1746
 1746
 1742
 1746
 1754
 1760
 1766
 1772
 1780
 1792
 1804
 1814
 1826
 1838
 1848
 1858
 1864
 1870
 1876
 1884
 1892
 1896
 1902
 1908
 1916
 1926
 1930
 1940
 1956
 1968
 1980
 1996
 2010
 2022
 2036
 2046
 2056
 2066
 2080
 2092
 2107
 2123
 2136
 2156
 2178
 2198
 2220
 2238
 2258
 2276
 2290
 2308
 2324
 2338
 2354
 2374
 2396
 2420
 2446
 2474
 2500
 2524
 2546
 2568
 2586
 2600
 2620
 2640
 2660
 2682
 2706
 2724
 2744
 2758
 2768
 2784
 2798
 2816
 2836
 2858
 2878
 2894
 2908
 2916
 2924
 2932
 2942
 2948
 2950
 2956
 2960
 2964
 2968
 2970
 2976
 2978
 2982
 2990
 2992
 2994
 2996
 3000
 3006
 3010
 3014
 3018
 3022
 3026
 3028
 3030
 3034
 3040
 3046
 3052
 3054
 3054
 3054
 3050
 3054
 3054
 3052
 3048
 3040
 3030
 3020
 3012
 3004
 3000
 2994
 2986
 2982
 2976
 2974
 2972
 2966
 2962
 2958
 2948
 2938
 2926
 2920
 2912
 2904
 2890
 2876
 2864
 2856
 2848
 2842
 2834
 2828
 2820
 2812
 2808
 2804
 2798
 2792
 2786
 2776
 2764
 2752
 2744
 2738
 2732
 2724
 2712
 2708
 2698
 2692
 2690
 2682
 2676
 2670
 2662
 2654
 2650
 2642
 2636
 2630
 2620
 2612
 2602
 2596
 2594
 2592
 2586
 2580
 2574
 2572
 2566
 2564
 2558
 2554
 2546
 2542
 2536
 2530
 2524
 2522
 2518
 2512
 2504
 2500
 2500
 2500
 2494
 2488
 2480
 2468
 2456
 2442
 2424
 2402
 2378
 2352
 2322
 2296
 2268
 2240
 2208
 2176
 2148
 2124
 2104
 2084
 2064
 2040
 2018
 2000
 1980
 1964
 1950
 1936
 1924
 1910
 1898
 1884
 1874
 1866
 1854
 1844
 1836
 1828
 1820
 1814
 1804
 1798
 1796
 1794
 1790
 1786
 1780
 1774
 1774
 1776
 1776
 1782
 1784
 1784
 1788
 1782
 1780
 1778
 1778
 1778
 1782
 1784
 1788
 1790
 1794
 1800
 1804
 1808
 1816
 1822
 1832
 1842
 1852
 1866
 1880
 1896
 1914
 1930
 1950
 1970
 1988
 2004
 2018
 2034
 2051
 2062
 2072
 2082
 2096
 2114
 2132
 2150
 2166
 2184
 2200
 2216
 2234
 2250
 2264
 2282
 2298
 2316
 2334
 2357
 2374
 2394
 2410
 2424
 2442
 2456
 2472
 2490
 2506
 2524
 2546
 2564
 2584
 2610
 2638
 2666
 2690
 2714
 2736
 2754
 2770
 2784
 2794
 2804
 2812
 2822
 2830
 2836
 2844
 2850
 2856
 2864
 2866
 2872
 2876
 2886
 2896
 2910
 2924
 2932
 2946
 2956
 2964
 2972
 2978
 2980
 2988
 2992
 3000
 3008
 3016
 3026
 3038
 3046
 3050
 3052
 3050
 3046
 3036
 3022
 3010
 2998
 2986
 2980
 2978
 2976
 2978
 2980
 2978
 2974
 2972
 2968
 2968
 2966
 2964
 2962
 2960
 2956
 2950
 2942
 2932
 2926
 2924
 2918
 2910
 2902
 2896
 2892
 2886
 2880
 2872
 2866
 2858
 2852
 2844
 2838
 2834
 2826
 2820
 2816
 2812
 2806
 2800
 2800
 2796
 2792
 2788
 2782
 2776
 2770
 2764
 2760
 2752
 2742
 2734
 2728
 2722
 2716
 2712
 2708
 2698
 2690
 2680
 2674
 2674
 2674
 2670
 2666
 2660
 2654
 2650
 2646
 2640
 2636
 2632
 2628
 2624
 2620
 2618
 2614
 2610
 2600
 2592
 2586
 2582
 2578
 2576
 2572
 2570
 2566
 2564
 2564
 2562
 2556
 2550
 2542
 2532
 2522
 2510
 2500
 2488
 2470
 2452
 2428
 2406
 2388
 2366
 2340
 2312
 2284
 2256
 2228
 2200
 2172
 2144
 2118
 2090
 2064
 2038
 2012
 1986
 1960
 1936
 1916
 1904
 1892
 1880
 1868
 1856
 1844
 1832
 1820
 1808
 1800
 1796
 1792
 1786
 1784
 1786
 1794
 1802
 1810
 1816
 1822
 1826
 1830
 1832
 1828
 1824
 1822
 1818
 1814
 1810
 1810
 1812
 1814
 1818
 1828
 1838
 1850
 1860
 1866
 1874
 1878
 1884
 1890
 1896
 1900
 1904
 1910
 1914
 1914
 1922
 1926
 1934
 1938
 1942
 1948
 1952
 1960
 1966
 1974
 1978
 1984
 1994
 2006
 2016
 2030
 2043
 2064
 2082
 2099
 2114
 2132
 2148
 2164
 2182
 2198
 2214
 2232
 2248
 2264
 2280
 2294
 2308
 2320
 2332
 2344
 2356
 2370
 2386
 2402
 2416
 2432
 2448
 2466
 2482
 2501
 2518
 2536
 2558
 2580
 2606
 2632
 2662
 2690
 2716
 2746
 2776
 2804
 2834
 2866
 2900
 2924
 2944
 2962
 2978
 2996
 3012
 3030
 3042
 3056
 3072
 3088
 3102
 3114
 3126
 3140
 3148
 3160
 3178
 3194
 3210
 3224
 3232
 3240
 3242
 3244
 3246
 3242
 3238
 3230
 3226
 3222
 3220
 3214
 3212
 3212
 3208
 3200
 3192
 3190
 3194
 3196
 3202
 3208
 3210
 3210
 3206
 3198
 3192
 3182
 3174
 3164
 3150
 3138
 3130
 3118
 3110
 3098
 3080
 3064
 3046
 3034
 3024
 3014
 3000
 2986
 2972
 2958
 2942
 2930
 2916
 2904
 2890
 2870
 2854
 2840
 2826
 2818
 2808
 2798
 2784
 2772
 2764
 2762
 2756
 2748
 2740
 2730
 2722
 2712
 2704
 2696
 2686
 2676
 2666
 2654
 2646
 2636
 2628
 2622
 2612
 2604
 2598
 2594
 2596
 2592
 2586
 2578
 2572
 2562
 2550
 2538
 2526
 2510
 2496
 2482
 2466
 2454
 2440
 2426
 2414
 2398
 2380
 2364
 2350
 2334
 2318
 2300
 2280
 2260
 2238
 2216
 2194
 2172
 2148
 2124
 2100
 2072
 2050
 2026
 2006
 1984
 1962
 1946
 1934
 1924
 1916
 1904
 1894
 1882
 1872
 1858
 1846
 1834
 1818
 1806
 1792
 1784
 1778
 1774
 1772
 1766
 1764
 1764
 1762
 1762
 1760
 1754
 1750
 1746
 1742
 1740
 1738
 1738
 1740
 1744
 1746
 1752
 1760
 1768
 1778
 1782
 1792
 1800
 1804
 1810
 1812
 1816
 1816
 1822
 1824
 1826
 1830
 1836
 1844
 1854
 1862
 1872
 1886
 1900
 1916
 1932
 1950
 1966
 1986
 2004
 2022
 2045
 2060
 2081
 2098
 2114
 2132
 2150
 2166
 2184
 2200
 2214
 2232
 2248
 2262
 2278
 2294
 2310
 2324
 2336
 2346
 2360
 2372
 2386
 2398
 2408
 2418
 2424
 2433
 2440
 2450
 2464
 2476
 2490
 2504
 2518
 2532
 2548
 2562
 2574
 2590
 2604
 2618
 2636
 2660
 2686
 2712
 2736
 2760
 2780
 2794
 2808
 2822
 2834
 2846
 2862
 2878
 2894
 2912
 2932
 2952
 2968
 2982
 2996
 3012
 3018
 3028
 3042
 3054
 3066
 3076
 3084
 3092
 3096
 3098
 3102
 3108
 3110
 3112
 3116
 3116
 3116
 3116
 3116
 3118
 3124
 3122
 3124
 3126
 3128
 3136
 3140
 3144
 3146
 3150
 3156
 3160
 3162
 3164
 3166
 3168
 3164
 3160
 3156
 3148
 3142
 3134
 3124
 3112
 3100
 3086
 3074
 3066
 3060
 3058
 3054
 3044
 3034
 3028
 3018
 3010
 3002
 2992
 2982
 2974
 2962
 2952
 2940
 2928
 2920
 2910
 2896
 2882
 2870
 2864
 2856
 2846
 2836
 2828
 2820
 2816
 2812
 2812
 2810
 2808
 2806
 2802
 2800
 2798
 2794
 2790
 2784
 2778
 2770
 2762
 2758
 2752
 2744
 2734
 2724
 2718
 2710
 2702
 2698
 2690
 2682
 2676
 2666
 2660
 2652
 2646
 2636
 2626
 2618
 2612
 2612
 2608
 2604
 2598
 2590
 2580
 2568
 2552
 2536
 2518
 2496
 2474
 2450
 2424
 2404
 2378
 2350
 2320
 2294
 2270
 2250
 2228
 2202
 2174
 2148
 2122
 2096
 2072
 2048
 2024
 2002
 1976
 1956
 1942
 1924
 1904
 1892
 1878
 1868
 1854
 1838
 1822
 1806
 1788
 1768
 1752
 1736
 1722
 1710
 1700
 1688
 1682
 1680
 1680
 1680
 1682
 1688
 1694
 1702
 1706
 1712
 1720
 1730
 1742
 1748
 1754
 1762
 1768
 1772
 1780
 1782
 1792
 1804
 1818
 1834
 1854
 1874
 1894
 1910
 1926
 1938
 1952
 1966
 1982
 1996
 2008
 2020
 2030
 2042
 2054
 2063
 2073
 2082
 2094
 2106
 2118
 2134
 2152
 2164
 2180
 2192
 2206
 2220
 2234
 2250
 2266
 2278
 2290
 2302
 2314
 2326
 2340
 2354
 2366
 2380
 2394
 2410
 2429
 2446
 2464
 2484
 2496
 2506
 2518
 2530
 2544
 2562
 2582
 2606
 2628
 2650
 2672
 2694
 2716
 2736
 2758
 2780
 2802
 2826
 2846
 2870
 2892
 2914
 2934
 2950
 2966
 2976
 2988
 3000
 3014
 3028
 3034
 3042
 3052
 3056
 3064
 3068
 3074
 3080
 3084
 3088
 3092
 3094
 3100
 3108
 3118
 3124
 3132
 3138
 3142
 3146
 3146
 3150
 3156
 3156
 3154
 3148
 3138
 3128
 3116
 3108
 3100
 3090
 3086
 3082
 3080
 3078
 3074
 3074
 3072
 3070
 3068
 3064
 3056
 3048
 3042
 3040
 3038
 3036
 3030
 3022
 3012
 3002
 2992
 2980
 2966
 2948
 2932
 2914
 2896
 2880
 2862
 2844
 2830
 2814
 2800
 2790
 2780
 2774
 2774
 2772
 2772
 2772
 2770
 2768
 2764
 2762
 2756
 2752
 2746
 2742
 2740
 2738
 2736
 2734
 2732
 2728
 2722
 2714
 2706
 2696
 2694
 2692
 2690
 2682
 2676
 2668
 2664
 2656
 2650
 2642
 2636
 2632
 2626
 2620
 2618
 2614
 2612
 2608
 2606
 2600
 2590
 2580
 2574
 2574
 2566
 2560
 2554
 2546
 2540
 2526
 2514
 2502
 2488
 2474
 2460
 2444
 2426
 2410
 2396
 2378
 2360
 2334
 2310
 2288
 2268
 2250
 2232
 2212
 2192
 2170
 2150
 2126
 2104
 2086
 2062
 2042
 2020
 1998
 1976
 1954
 1934
 1916
 1898
 1884
 1872
 1862
 1852
 1844
 1832
 1818
 1812
 1808
 1800
 1794
 1790
 1786
 1784
 1782
 1780
 1782
 1790
 1798
 1802
 1808
 1814
 1824
 1836
 1844
 1846
 1846
 1844
 1844
 1842
 1834
 1830
 1828
 1828
 1830
 1832
 1834
 1842
 1854
 1870
 1884
 1900
 1916
 1928
 1938
 1944
 1950
 1958
 1966
 1976
 1986
 1994
 2010
 2026
 2040
 2059
 2074
 2090
 2106
 2122
 2138
 2156
 2176
 2198
 2216
 2234
 2250
 2272
 2295
 2318
 2342
 2372
 2402
 2430
 2460
 2490
 2520
 2552
 2582
 2614
 2644
 2672
 2704
 2734
 2762
 2780
 2798
 2818
 2832
 2850
 2870
 2892
 2908
 2922
 2938
 2958
 2970
 2980
 2992
 3002
 3014
 3022
 3022
 3024
 3028
 3032
 3034
 3036
 3040
 3042
 3046
 3048
 3050
 3048
 3050
 3052
 3052
 3048
 3040
 3034
 3028
 3020
 3016
 3012
 3010
 3008
 3008
 3006
 3006
 3006
 3010
 3014
 3018
 3024
 3030
 3030
 3032
 3030
 3028
 3028
 3030
 3026
 3018
 3006
 2998
 2990
 2984
 2976
 2970
 2966
 2962
 2960
 2956
 2948
 2942
 2936
 2928
 2918
 2908
 2896
 2882
 2870
 2852
 2840
 2830
 2820
 2810
 2800
 2794
 2788
 2784
 2782
 2778
 2774
 2768
 2762
 2754
 2748
 2738
 2732
 2722
 2714
 2706
 2694
 2682
 2668
 2658
 2648
 2642
 2632
 2622
 2612
 2602
 2590
 2580
 2570
 2560
 2548
 2536
 2522
 2512
 2500
 2488
 2474
 2456
 2434
 2406
 2370
 2332
 2296
 2258
 2224
 2186
 2140
 2088
 2038
 1990
 1944
 1904
 1862
 1822
 1780
 1738
 1696
 1658
 1618
 1584
 1560
 1536
 1514
 1502
 1482
 1468
 1450
 1432
 1416
 1400
 1390
 1382
 1374
 1368
 1362
 1364
 1366
 1370
 1380
 1390
 1402
 1414
 1426
 1434
 1444
 1460
 1476
 1492
 1510
 1532
 1552
 1570
 1586
 1602
 1622
 1644
 1668
 1692
 1720
 1748
 1776
 1808
 1838
 1868
 1898
 1930
 1960
 1986
 2015
 2038
 2061
 2080
 2098
 2116
 2138
 2162
 2190
 2220
 2248
 2280
 2308
 2340
 2364
 2390
 2422
 2452
 2484
 2514
 2548
 2582
 2610
 2642
 2670
 2696
 2718
 2740
 2758
 2778
 2798
 2820
 2840
 2862
 2886
 2912
 2934
 2954
 2968
 2990
 3016
 3040
 3060
 3078
 3094
 3112
 3122
 3132
 3144
 3154
 3164
 3174
 3178
 3188
 3200
 3208
 3220
 3228
 3236
 3246
 3254
 3264
 3264
 3268
 3270
 3266
 3258
 3242
 3232
 3226
 3218
 3212
 3208
 3202
 3196
 3194
 3190
 3188
 3186
 3182
 3180
 3176
 3168
 3158
 3150
 3140
 3128
 3122
 3112
 3098
 3086
 3074
 3058
 3042
 3028
 3014
 3000
 2982
 2962
 2944
 2928
 2914
 2900
 2884
 2872
 2862
 2852
 2840
 2826
 2812
 2800
 2792
 2786
 2778
 2770
 2760
 2750
 2742
 2732
 2726
 2718
 2708
 2700
 2692
 2684
 2676
 2670
 2662
 2654
 2648
 2638
 2628
 2616
 2604
 2594
 2588
 2582
 2578
 2572
 2562
 2556
 2550
 2540
 2528
 2516
 2500
 2482
 2462
 2440
 2416
 2388
 2358
 2326
 2292
 2258
 2226
 2190
 2156
 2124
 2098
 2076
 2058
 2038
 2018
 2004
 1990
 1974
 1962
 1950
 1934
 1914
 1892
 1874
 1858
 1844
 1828
 1814
 1806
 1798
 1786
 1778
 1770
 1768
 1764
 1762
 1758
 1758
 1758
 1756
 1750
 1742
 1734
 1732
 1728
 1728
 1728
 1730
 1732
 1740
 1748
 1758
 1766
 1778
 1784
 1788
 1792
 1794
 1802
 1810
 1816
 1822
 1824
 1832
 1838
 1848
 1860
 1872
 1882
 1896
 1914
 1930
 1948
 1966
 1984
 2002
 2021
 2037
 2054
 2070
 2086
 2104
 2122
 2144
 2162
 2180
 2198
 2214
 2230
 2248
 2264
 2280
 2296
 2314
 2332
 2350
 2366
 2386
 2400
 2414
 2430
 2446
 2462
 2487
 2508
 2534
 2556
 2576
 2598
 2622
 2646
 2666
 2686
 2706
 2724
 2744
 2764
 2782
 2804
 2826
 2844
 2862
 2874
 2882
 2892
 2902
 2910
 2920
 2926
 2936
 2942
 2946
 2950
 2952
 2956
 2956
 2958
 2960
 2962
 2966
 2970
 2976
 2982
 2984
 2984
 2990
 3000
 3016
 3036
 3052
 3066
 3080
 3088
 3094
 3100
 3102
 3106
 3106
 3108
 3110
 3110
 3110
 3108
 3106
 3098
 3094
 3088
 3078
 3068
 3054
 3042
 3034
 3030
 3026
 3020
 3014
 3006
 3000
 2996
 2994
 2992
 2990
 2988
 2980
 2970
 2962
 2954
 2950
 2940
 2932
 2926
 2918
 2908
 2896
 2882
 2870
 2856
 2844
 2828
 2814
 2802
 2788
 2778
 2772
 2766
 2760
 2750
 2742
 2734
 2728
 2720
 2714
 2706
 2698
 2692
 2680
 2674
 2670
 2668
 2664
 2660
 2654
 2650
 2646
 2638
 2632
 2622
 2610
 2598
 2580
 2558
 2534
 2510
 2486
 2462
 2438
 2412
 2384
 2354
 2324
 2300
 2272
 2246
 2220
 2190
 2162
 2134
 2106
 2076
 2046
 2012
 1978
 1948
 1918
 1890
 1868
 1848
 1830
 1814
 1804
 1792
 1782
 1768
 1758
 1746
 1734
 1726
 1720
 1710
 1700
 1688
 1680
 1674
 1670
 1670
 1670
 1674
 1676
 1678
 1688
 1694
 1702
 1712
 1728
 1740
 1752
 1768
 1778
 1784
 1792
 1800
 1808
 1820
 1832
 1848
 1862
 1878
 1892
 1908
 1924
 1936
 1948
 1954
 1964
 1970
 1978
 1986
 1996
 2007
 2016
 2027
 2036
 2048
 2062
 2076
 2090
 2110
 2128
 2148
 2170
 2190
 2206
 2222
 2238
 2252
 2268
 2282
 2298
 2318
 2332
 2350
 2366
 2382
 2402
 2420
 2439
 2460
 2484
 2512
 2540
 2572
 2602
 2630
 2654
 2678
 2704
 2732
 2756
 2784
 2812
 2838
 2860
 2880
 2894
 2906
 2920
 2932
 2948
 2964
 2984
 3004
 3022
 3042
 3062
 3078
 3096
 3112
 3126
 3140
 3152
 3162
 3172
 3180
 3184
 3186
 3186
 3188
 3188
 3186
 3182
 3180
 3176
 3174
 3170
 3168
 3168
 3168
 3172
 3172
 3168
 3162
 3160
 3170
 3176
 3178
 3176
 3172
 3168
 3158
 3146
 3134
 3120
 3106
 3090
 3072
 3056
 3042
 3030
 3014
 3000
 2986
 2968
 2954
 2936
 2920
 2910
 2902
 2894
 2882
 2870
 2858
 2848
 2836
 2826
 2816
 2804
 2792
 2780
 2770
 2762
 2754
 2744
 2734
 2728
 2718
 2708
 2696
 2690
 2686
 2678
 2670
 2658
 2646
 2634
 2622
 2612
 2602
 2594
 2586
 2578
 2572
 2566
 2558
 2556
 2550
 2548
 2542
 2540
 2536
 2532
 2534
 2532
 2530
 2528
 2522
 2514
 2504
 2494
 2478
 2460
 2440
 2416
 2390
 2364
 2340
 2314
 2286
 2258
 2226
 2192
 2156
 2120
 2084
 2048
 2010
 1970
 1928
 1888
 1852
 1818
 1788
 1760
 1734
 1710
 1690
 1670
 1654
 1642
 1630
 1620
 1612
 1608
 1606
 1604
 1604
 1602
 1598
 1598
 1600
 1600
 1598
 1598
 1594
 1598
 1604
 1606
 1616
 1624
 1634
 1646
 1656
 1668
 1680
 1688
 1698
 1708
 1720
 1734
 1748
 1760
 1774
 1784
 1798
 1808
 1820
 1832
 1844
 1854
 1868
 1880
 1890
 1900
 1910
 1924
 1938
 1950
 1964
 1983
 1995
 2008
 2022
 2034
 2048
 2064
 2078
 2094
 2110
 2126
 2146
 2166
 2182
 2196
 2212
 2224
 2238
 2252
 2268
 2286
 2306
 2322
 2342
 2360
 2378
 2398
 2421
 2440
 2458
 2476
 2496
 2514
 2534
 2550
 2568
 2588
 2600
 2616
 2638
 2658
 2688
 2716
 2746
 2776
 2802
 2826
 2846
 2868
 2886
 2906
 2920
 2932
 2942
 2952
 2964
 2972
 2986
 2998
 3010
 3024
 3030
 3040
 3054
 3064
 3076
 3084
 3090
 3096
 3098
 3100
 3100
 3100
 3098
 3100
 3100
 3098
 3094
 3092
 3088
 3086
 3084
 3078
 3078
 3078
 3074
 3078
 3078
 3082
 3078
 3074
 3064
 3054
 3046
 3036
 3032
 3026
 3022
 3018
 3012
 3008
 3002
 2994
 2990
 2988
 2986
 2980
 2976
 2972
 2970
 2968
 2966
 2958
 2950
 2944
 2938
 2928
 2918
 2910
 2898
 2890
 2874
 2860
 2850
 2842
 2836
 2834
 2832
 2828
 2824
 2816
 2810
 2804
 2802
 2796
 2790
 2780
 2770
 2764
 2754
 2746
 2740
 2732
 2724
 2716
 2710
 2704
 2700
 2692
 2688
 2682
 2672
 2662
 2652
 2644
 2638
 2634
 2628
 2618
 2610
 2604
 2596
 2590
 2584
 2580
 2574
 2566
 2560
 2554
 2548
 2544
 2536
 2532
 2526
 2518
 2512
 2506
 2504
 2502
 2502
 2500
 2496
 2494
 2494
 2490
 2488
 2484
 2480
 2474
 2468
 2460
 2452
 2444
 2432
 2422
 2408
 2390
 2372
 2356
 2336
 2324
 2314
 2300
 2284
 2270
 2258
 2242
 2224
 2206
 2186
 2164
 2142
 2124
 2110
 2096
 2084
 2070
 2050
 2032
 2014
 1994
 1978
 1962
 1946
 1930
 1914
 1896
 1880
 1862
 1842
 1824
 1810
 1796
 1784
 1772
 1762
 1756
 1754
 1750
 1750
 1752
 1758
 1764
 1766
 1766
 1764
 1768
 1772
 1772
 1770
 1766
 1768
 1774
 1776
 1780
 1784
 1788
 1792
 1792
 1794
 1794
 1796
 1800
 1802
 1806
 1808
 1812
 1820
 1826
 1832
 1840
 1852
 1864
 1878
 1890
 1904
 1922
 1938
 1956
 1970
 1986
 2002
 2018
 2030
 2045
 2062
 2074
 2088
 2104
 2116
 2128
 2142
 2154
 2166
 2181
 2190
 2202
 2214
 2228
 2242
 2256
 2272
 2288
 2306
 2322
 2338
 2354
 2368
 2380
 2392
 2402
 2410
 2420
 2426
 2434
 2440
 2446
 2450
 2458
 2465
 2472
 2480
 2488
 2498
 2510
 2524
 2536
 2552
 2564
 2576
 2588
 2602
 2620
 2640
 2662
 2686
 2710
 2728
 2748
 2764
 2782
 2800
 2818
 2834
 2854
 2872
 2894
 2914
 2938
 2962
 2986
 3004
 3022
 3034
 3054
 3076
 3096
 3116
 3134
 3152
 3166
 3174
 3182
 3192
 3204
 3216
 3226
 3232
 3240
 3248
 3254
 3258
 3260
 3262
 3262
 3262
 3256
 3250
 3242
 3234
 3226
 3212
 3198
 3186
 3180
 3170
 3158
 3146
 3134
 3122
 3110
 3092
 3078
 3064
 3050
 3040
 3028
 3016
 3004
 2992
 2978
 2966
 2956
 2946
 2936
 2926
 2912
 2900
 2888
 2874
 2864
 2852
 2838
 2824
 2810
 2798
 2788
 2778
 2768
 2756
 2746
 2734
 2722
 2710
 2702
 2696
 2688
 2680
 2670
 2662
 2656
 2650
 2644
 2640
 2632
 2626
 2616
 2606
 2598
 2588
 2580
 2572
 2566
 2558
 2550
 2540
 2532
 2522
 2514
 2502
 2484
 2460
 2434
 2410
 2382
 2354
 2328
 2300
 2268
 2236
 2206
 2176
 2148
 2120
 2094
 2068
 2038
 2010
 1982
 1954
 1930
 1902
 1876
 1848
 1820
 1798
 1776
 1758
 1738
 1716
 1698
 1682
 1670
 1660
 1654
 1650
 1646
 1642
 1638
 1634
 1628
 1628
 1630
 1632
 1632
 1638
 1646
 1652
 1660
 1668
 1678
 1692
 1702
 1712
 1724
 1736
 1748
 1762
 1774
 1782
 1794
 1802
 1814
 1822
 1830
 1840
 1852
 1860
 1868
 1876
 1882
 1888
 1894
 1900
 1906
 1914
 1926
 1940
 1954
 1966
 1978
 1998
 2016
 2032
 2051
 2067
 2082
 2100
 2114
 2126
 2140
 2156
 2174
 2190
 2206
 2224
 2240
 2252
 2268
 2280
 2294
 2310
 2326
 2344
 2362
 2386
 2414
 2444
 2476
 2506
 2528
 2551
 2570
 2592
 2614
 2638
 2668
 2698
 2730
 2766
 2802
 2842
 2882
 2920
 2952
 2980
 2998
 3022
 3048
 3072
 3096
 3118
 3138
 3154
 3172
 3190
 3204
 3218
 3234
 3250
 3270
 3288
 3306
 3324
 3342
 3360
 3378
 3392
 3404
 3414
 3426
 3434
 3440
 3444
 3440
 3438
 3430
 3418
 3404
 3388
 3366
 3348
 3326
 3302
 3282
 3260
 3234
 3210
 3188
 3170
 3152
 3134
 3116
 3100
 3088
 3074
 3056
 3038
 3018
 3002
 2986
 2966
 2952
 2936
 2918
 2898
 2876
 2856
 2840
 2822
 2806
 2794
 2782
 2770
 2758
 2744
 2734
 2724
 2710
 2692
 2674
 2656
 2632
 2604
 2572
 2540
 2508
 2476
 2444
 2412
 2380
 2346
 2314
 2284
 2254
 2224
 2190
 2160
 2128
 2100
 2070
 2034
 2000
 1964
 1930
 1900
 1868
 1838
 1812
 1784
 1760
 1738
 1718
 1700
 1684
 1668
 1658
 1654
 1648
 1648
 1646
 1648
 1656
 1664
 1670
 1678
 1688
 1698
 1706
 1710
 1716
 1726
 1740
 1750
 1764
 1780
 1796
 1814
 1828
 1842
 1854
 1868
 1880
 1890
 1900
 1906
 1916
 1930
 1938
 1944
 1950
 1954
 1962
 1968
 1974
 1978
 1990
 2000
 2014
 2026
 2039
 2054
 2071
 2080
 2092
 2098
 2108
 2120
 2130
 2138
 2146
 2152
 2160
 2164
 2174
 2182
 2188
 2198
 2208
 2220
 2230
 2242
 2254
 2262
 2270
 2280
 2288
 2297
 2304
 2312
 2320
 2330
 2340
 2346
 2358
 2368
 2376
 2386
 2394
 2402
 2410
 2418
 2428
 2438
 2446
 2458
 2464
 2472
 2476
 2482
 2486
 2498
 2512
 2528
 2542
 2558
 2578
 2598
 2622
 2650
 2680
 2712
 2748
 2784
 2820
 2854
 2890
 2924
 2962
 2994
 3020
 3048
 3080
 3118
 3154
 3186
 3218
 3248
 3268
 3290
 3310
 3322
 3334
 3348
 3360
 3374
 3388
 3402
 3412
 3422
 3428
 3428
 3426
 3426
 3424
 3428
 3428
 3428
 3424
 3418
 3414
 3402
 3390
 3380
 3370
 3360
 3346
 3330
 3310
 3290
 3270
 3248
 3226
 3208
 3188
 3170
 3152
 3134
 3120
 3108
 3094
 3076
 3060
 3040
 3022
 3004
 2984
 2964
 2948
 2930
 2914
 2896
 2882
 2868
 2854
 2840
 2828
 2812
 2794
 2782
 2772
 2768
 2764
 2758
 2750
 2744
 2738
 2734
 2728
 2724
 2716
 2710
 2704
 2694
 2688
 2682
 2678
 2674
 2670
 2666
 2660
 2652
 2644
 2640
 2638
 2638
 2634
 2630
 2626
 2624
 2620
 2614
 2602
 2590
 2576
 2560
 2540
 2524
 2504
 2478
 2452
 2422
 2388
 2346
 2306
 2264
 2224
 2184
 2144
 2104
 2064
 2026
 1992
 1960
 1928
 1898
 1868
 1842
 1816
 1792
 1768
 1744
 1722
 1702
 1680
 1660
 1648
 1636
 1622
 1608
 1594
 1582
 1574
 1570
 1564
 1560
 1558
 1556
 1558
 1556
 1556
 1554
 1552
 1552
 1548
 1546
 1548
 1550
 1550
 1554
 1562
 1570
 1580
 1592
 1602
 1612
 1626
 1638
 1648
 1662
 1672
 1686
 1700
 1716
 1734
 1748
 1768
 1786
 1804
 1822
 1838
 1856
 1874
 1892
 1910
 1924
 1938
 1952
 1966
 1985
 1998
 2015
 2030
 2048
 2064
 2082
 2104
 2124
 2144
 2162
 2178
 2196
 2214
 2232
 2250
 2270
 2286
 2300
 2312
 2322
 2334
 2346
 2356
 2368
 2380
 2392
 2407
 2422
 2438
 2454
 2466
 2482
 2504
 2532
 2564
 2598
 2632
 2664
 2692
 2722
 2756
 2792
 2828
 2860
 2898
 2936
 2966
 2994
 3022
 3048
 3072
 3092
 3108
 3118
 3134
 3152
 3166
 3174
 3178
 3180
 3182
 3178
 3172
 3168
 3162
 3158
 3152
 3144
 3138
 3134
 3132
 3128
 3128
 3130
 3132
 3138
 3140
 3142
 3148
 3154
 3160
 3160
 3158
 3156
 3152
 3148
 3140
 3132
 3122
 3112
 3106
 3098
 3092
 3088
 3082
 3076
 3066
 3056
 3046
 3038
 3032
 3028
 3022
 3016
 3012
 3006
 2998
 2986
 2980
 2972
 2966
 2962
 2956
 2952
 2948
 2944
 2940
 2934
 2930
 2922
 2916
 2906
 2898
 2894
 2890
 2882
 2870
 2858
 2850
 2842
 2836
 2834
 2832
 2828
 2822
 2814
 2808
 2802
 2800
 2794
 2788
 2778
 2768
 2756
 2750
 2744
 2736
 2732
 2722
 2714
 2708
 2698
 2690
 2682
 2672
 2660
 2650
 2638
 2628
 2620
 2610
 2606
 2600
 2594
 2590
 2588
 2586
 2582
 2574
 2562
 2548
 2534
 2514
 2488
 2454
 2414
 2370
 2324
 2274
 2222
 2172
 2126
 2082
 2038
 1996
 1958
 1922
 1886
 1846
 1804
 1766
 1732
 1698
 1666
 1634
 1604
 1578
 1556
 1534
 1512
 1492
 1482
 1474
 1466
 1466
 1464
 1462
 1464
 1466
 1468
 1472
 1484
 1502
 1518
 1532
 1548
 1568
 1590
 1610
 1632
 1652
 1672
 1692
 1712
 1730
 1750
 1768
 1784
 1794
 1804
 1812
 1826
 1834
 1842
 1848
 1858
 1874
 1892
 1912
 1934
 1959
 1986
 2015
 2042
 2066
 2086
 2104
 2120
 2136
 2154
 2170
 2190
 2212
 2232
 2252
 2272
 2292
 2312
 2334
 2350
 2370
 2390
 2408
 2420
 2428
 2432
 2434
 2439
 2444
 2448
 2454
 2460
 2464
 2472
 2476
 2482
 2490
 2500
 2516
 2540
 2566
 2606
 2650
 2692
 2742
 2794
 2846
 2902
 2958
 3016
 3068
 3110
 3150
 3188
 3226
 3266
 3300
 3330
 3360
 3386
 3406
 3418
 3432
 3446
 3458
 3468
 3470
 3472
 3468
 3464
 3456
 3442
 3426
 3412
 3396
 3382
 3368
 3354
 3342
 3324
 3306
 3282
 3260
 3244
 3228
 3208
 3188
 3168
 3148
 3128
 3112
 3092
 3072
 3052
 3034
 3018
 3002
 2988
 2976
 2962
 2950
 2934
 2922
 2914
 2906
 2896
 2882
 2870
 2862
 2850
 2840
 2830
 2818
 2806
 2798
 2788
 2784
 2782
 2776
 2766
 2756
 2744
 2738
 2732
 2726
 2720
 2708
 2698
 2686
 2674
 2664
 2654
 2644
 2630
 2614
 2598
 2578
 2554
 2534
 2506
 2470
 2432
 2388
 2350
 2312
 2276
 2238
 2202
 2168
 2136
 2106
 2072
 2038
 2002
 1970
 1940
 1914
 1892
 1872
 1856
 1836
 1816
 1794
 1770
 1748
 1722
 1694
 1668
 1646
 1626
 1606
 1592
 1582
 1574
 1566
 1560
 1562
 1568
 1574
 1576
 1586
 1594
 1604
 1616
 1628
 1642
 1658
 1676
 1694
 1710
 1724
 1738
 1750
 1758
 1762
 1768
 1778
 1784
 1790
 1794
 1798
 1804
 1812
 1822
 1832
 1844
 1866
 1886
 1905
 1921
 1934
 1948
 1964
 1980
 1994
 2008
 2024
 2042
 2060
 2078
 2094
 2112
 2132
 2150
 2168
 2190
 2210
 2228
 2246
 2262
 2276
 2290
 2306
 2324
 2344
 2371
 2402
 2440
 2484
 2532
 2582
 2628
 2670
 2710
 2754
 2794
 2830
 2866
 2900
 2932
 2958
 2978
 2994
 3010
 3026
 3042
 3056
 3070
 3086
 3102
 3120
 3134
 3146
 3154
 3164
 3174
 3192
 3206
 3222
 3240
 3256
 3264
 3270
 3278
 3284
 3290
 3292
 3294
 3296
 3300
 3302
 3304
 3306
 3306
 3306
 3308
 3304
 3298
 3294
 3292
 3290
 3286
 3272
 3258
 3244
 3230
 3218
 3204
 3190
 3170
 3152
 3126
 3102
 3082
 3062
 3042
 3026
 3008
 2990
 2972
 2954
 2934
 2918
 2904
 2892
 2878
 2864
 2850
 2838
 2826
 2816
 2806
 2794
 2782
 2770
 2758
 2746
 2734
 2720
 2708
 2694
 2678
 2662
 2648
 2638
 2628
 2620
 2600
 2568
 2528
 2492
 2454
 2418
 2382
 2348
 2316
 2284
 2254
 2226
 2200
 2176
 2152
 2130
 2104
 2084
 2062
 2042
 2024
 2002
 1980
 1964
 1946
 1930
 1918
 1904
 1886
 1872
 1858
 1840
 1824
 1808
 1798
 1788
 1778
 1768
 1758
 1746
 1740
 1732
 1722
 1716
 1716
 1716
 1714
 1710
 1704
 1702
 1700
 1698
 1700
 1704
 1712
 1722
 1736
 1748
 1764
 1782
 1798
 1810
 1822
 1832
 1844
 1854
 1860
 1868
 1872
 1882
 1893
 1904
 1912
 1924
 1936
 1948
 1960
 1968
 1978
 1989
 1998
 2008
 2016
 2028
 2046
 2060
 2076
 2086
 2100
 2116
 2132
 2150
 2166
 2186
 2204
 2218
 2232
 2242
 2256
 2268
 2282
 2294
 2310
 2328
 2342
 2363
 2384
 2402
 2418
 2430
 2444
 2456
 2466
 2478
 2488
 2494
 2502
 2510
 2518
 2532
 2542
 2556
 2572
 2582
 2594
 2606
 2618
 2628
 2640
 2654
 2668
 2680
 2692
 2704
 2718
 2734
 2748
 2764
 2778
 2794
 2810
 2824
 2840
 2860
 2880
 2900
 2920
 2934
 2950
 2962
 2972
 2984
 2998
 3016
 3032
 3046
 3060
 3068
 3078
 3082
 3086
 3090
 3094
 3098
 3102
 3106
 3114
 3120
 3130
 3134
 3140
 3142
 3148
 3158
 3164
 3170
 3178
 3184
 3190
 3190
 3186
 3182
 3180
 3176
 3172
 3166
 3162
 3158
 3154
 3144
 3132
 3124
 3114
 3100
 3088
 3074
 3062
 3054
 3046
 3032
 3016
 3002
 2992
 2984
 2978
 2972
 2968
 2964
 2958
 2950
 2940
 2932
 2924
 2918
 2908
 2900
 2890
 2880
 2870
 2858
 2844
 2838
 2828
 2816
 2806
 2798
 2790
 2782
 2772
 2764
 2758
 2748
 2740
 2732
 2724
 2718
 2714
 2706
 2700
 2696
 2686
 2678
 2670
 2664
 2660
 2656
 2652
 2644
 2640
 2632
 2626
 2622
 2616
 2610
 2606
 2602
 2596
 2594
 2588
 2584
 2580
 2576
 2572
 2566
 2562
 2558
 2560
 2560
 2558
 2556
 2552
 2550
 2548
 2542
 2538
 2536
 2530
 2524
 2518
 2512
 2506
 2502
 2496
 2488
 2484
 2474
 2466
 2460
 2452
 2440
 2428
 2414
 2400
 2388
 2374
 2358
 2346
 2330
 2314
 2298
 2284
 2268
 2256
 2242
 2230
 2218
 2202
 2184
 2166
 2144
 2122
 2100
 2076
 2050
 2020
 1990
 1960
 1930
 1896
 1862
 1826
 1796
 1764
 1738
 1716
 1700
 1686
 1670
 1658
 1646
 1636
 1626
 1616
 1604
 1592
 1586
 1576
 1562
 1550
 1546
 1544
 1542
 1538
 1536
 1538
 1544
 1548
 1552
 1558
 1564
 1572
 1578
 1586
 1594
 1606
 1620
 1636
 1648
 1662
 1672
 1684
 1694
 1706
 1716
 1730
 1746
 1760
 1774
 1790
 1806
 1820
 1834
 1846
 1862
 1881
 1897
 1912
 1928
 1942
 1960
 1976
 1992
 2008
 2022
 2034
 2050
 2064
 2080
 2092
 2108
 2122
 2138
 2152
 2164
 2178
 2188
 2200
 2218
 2236
 2254
 2270
 2293
 2314
 2340
 2372
 2406
 2446
 2494
 2548
 2608
 2668
 2724
 2778
 2830
 2870
 2910
 2952
 2992
 3030
 3062
 3088
 3118
 3144
 3170
 3188
 3206
 3222
 3240
 3256
 3272
 3288
 3302
 3314
 3326
 3332
 3340
 3346
 3354
 3360
 3360
 3364
 3364
 3364
 3362
 3354
 3346
 3346
 3350
 3354
 3354
 3354
 3352
 3346
 3338
 3330
 3320
 3310
 3300
 3292
 3278
 3264
 3246
 3228
 3208
 3188
 3168
 3146
 3126
 3110
 3096
 3086
 3078
 3068
 3060
 3048
 3034
 3020
 3006
 2990
 2976
 2958
 2940
 2924
 2906
 2884
 2866
 2850
 2838
 2828
 2822
 2820
 2818
 2814
 2812
 2810
 2806
 2800
 2792
 2782
 2772
 2764
 2752
 2742
 2732
 2720
 2706
 2694
 2680
 2672
 2664
 2656
 2648
 2640
 2632
 2622
 2614
 2606
 2600
 2592
 2586
 2578
 2572
 2564
 2556
 2544
 2530
 2516
 2496
 2468
 2444
 2420
 2396
 2374
 2350
 2326
 2306
 2288
 2270
 2254
 2236
 2214
 2190
 2160
 2128
 2096
 2062
 2034
 2008
 1984
 1962
 1944
 1930
 1916
 1904
 1892
 1880
 1872
 1864
 1850
 1842
 1832
 1822
 1812
 1802
 1794
 1792
 1786
 1784
 1780
 1778
 1774
 1772
 1770
 1768
 1768
 1770
 1770
 1770
 1766
 1762
 1764
 1762
 1764
 1764
 1768
 1776
 1784
 1794
 1802
 1818
 1832
 1842
 1856
 1864
 1874
 1884
 1896
 1902
 1910
 1918
 1928
 1936
 1945
 1950
 1958
 1970
 1978
 1988
 1998
 2006
 2019
 2028
 2038
 2048
 2060
 2070
 2082
 2096
 2106
 2120
 2132
 2146
 2162
 2178
 2192
 2206
 2222
 2238
 2252
 2268
 2280
 2296
 2310
 2324
 2334
 2347
 2356
 2366
 2376
 2384
 2392
 2402
 2410
 2420
 2432
 2442
 2454
 2464
 2476
 2490
 2504
 2522
 2544
 2568
 2594
 2620
 2644
 2672
 2700
 2728
 2752
 2772
 2794
 2806
 2820
 2832
 2842
 2852
 2862
 2876
 2892
 2908
 2922
 2936
 2944
 2950
 2960
 2970
 2978
 2980
 2980
 2982
 2986
 2988
 2990
 2990
 2996
 3000
 3006
 3008
 3008
 3012
 3018
 3022
 3028
 3032
 3034
 3038
 3040
 3040
 3040
 3044
 3050
 3060
 3074
 3084
 3094
 3102
 3106
 3106
 3106
 3104
 3100
 3096
 3088
 3082
 3076
 3068
 3062
 3054
 3048
 3042
 3038
 3032
 3026
 3022
 3016
 3014
 3010
 3002
 2992
 2984
 2974
 2964
 2956
 2946
 2936
 2926
 2918
 2904
 2894
 2882
 2872
 2860
 2846
 2832
 2816
 2798
 2786
 2776
 2770
 2762
 2752
 2740
 2734
 2726
 2720
 2712
 2706
 2698
 2690
 2684
 2678
 2670
 2664
 2658
 2650
 2640
 2630
 2618
 2612
 2608
 2602
 2598
 2588
 2582
 2576
 2566
 2558
 2550
 2540
 2530
 2522
 2510
 2498
 2486
 2472
 2456
 2438
 2412
 2390
 2368
 2346
 2324
 2298
 2274
 2254
 2234
 2216
 2196
 2180
 2156
 2132
 2104
 2076
 2050
 2026
 2002
 1982
 1960
 1940
 1922
 1902
 1886
 1874
 1864
 1854
 1842
 1830
 1818
 1804
 1794
 1782
 1770
 1764
 1756
 1752
 1750
 1750
 1752
 1754
 1758
 1760
 1766
 1774
 1784
 1794
 1800
 1808
 1820
 1824
 1828
 1830
 1832
 1838
 1846
 1850
 1860
 1870
 1886
 1906
 1928
 1942
 1952
 1962
 1968
 1974
 1982
 1988
 2002
 2012
 2018
 2022
 2027
 2035
 2040
 2052
 2060
 2070
 2084
 2094
 2106
 2118
 2130
 2140
 2152
 2162
 2170
 2178
 2188
 2198
 2208
 2216
 2224
 2230
 2236
 2244
 2250
 2258
 2264
 2275
 2282
 2292
 2302
 2312
 2322
 2332
 2342
 2352
 2358
 2366
 2374
 2384
 2394
 2404
 2414
 2422
 2428
 2436
 2442
 2450
 2458
 2466
 2476
 2488
 2503
 2514
 2530
 2544
 2556
 2574
 2596
 2620
 2642
 2668
 2692
 2714
 2732
 2748
 2764
 2778
 2794
 2808
 2820
 2836
 2852
 2866
 2880
 2898
 2910
 2920
 2932
 2942
 2948
 2956
 2962
 2968
 2974
 2982
 2990
 2998
 3002
 3008
 3014
 3020
 3024
 3030
 3036
 3044
 3050
 3054
 3058
 3064
 3068
 3070
 3070
 3072
 3076
 3078
 3076
 3074
 3072
 3072
 3074
 3074
 3072
 3074
 3074
 3074
 3074
 3072
 3070
 3066
 3062
 3056
 3050
 3044
 3038
 3032
 3024
 3016
 3006
 2996
 2984
 2970
 2960
 2948
 2936
 2928
 2916
 2902
 2888
 2876
 2868
 2858
 2848
 2840
 2832
 2824
 2818
 2816
 2810
 2808
 2804
 2800
 2796
 2792
 2790
 2786
 2786
 2784
 2780
 2776
 2770
 2762
 2758
 2752
 2750
 2750
 2748
 2744
 2738
 2732
 2728
 2728
 2724
 2716
 2712
 2704
 2696
 2690
 2682
 2676
 2668
 2660
 2652
 2646
 2638
 2632
 2628
 2620
 2612
 2602
 2590
 2576
 2554
 2530
 2498
 2460
 2424
 2388
 2352
 2314
 2270
 2228
 2184
 2142
 2106
 2070
 2036
 2004
 1968
 1934
 1902
 1870
 1842
 1812
 1782
 1750
 1720
 1692
 1660
 1626
 1594
 1570
 1548
 1530
 1512
 1500
 1492
 1486
 1484
 1478
 1468
 1460
 1450
 1440
 1432
 1426
 1424
 1426
 1426
 1430
 1434
 1442
 1452
 1460
 1468
 1476
 1490
 1502
 1510
 1518
 1524
 1536
 1546
 1556
 1568
 1580
 1592
 1610
 1626
 1642
 1664
 1686
 1710
 1734
 1758
 1778
 1804
 1828
 1850
 1870
 1892
 1920
 1948
 1978
 2011
 2041
 2072
 2104
 2136
 2170
 2200
 2234
 2270
 2308
 2350
 2396
 2448
 2504
 2552
 2602
 2654
 2710
 2762
 2810
 2862
 2908
 2942
 2972
 2996
 3018
 3038
 3054
 3066
 3084
 3102
 3122
 3140
 3160
 3180
 3198
 3212
 3220
 3228
 3238
 3238
 3230
 3214
 3198
 3180
 3158
 3138
 3116
 3090
 3064
 3034
 3002
 2968
 2936
 2908
 2888
 2868
 2848
 2834
 2816
 2802
 2792
 2780
 2770
 2762
 2754
 2740
 2728
 2714
 2696
 2680
 2670
 2660
 2652
 2646
 2640
 2636
 2638
 2644
 2656
 2668
 2686
 2704
 2724
 2740
 2762
 2784
 2810
 2838
 2868
 2894
 2920
 2940
 2960
 2974
 2988
 2994
 3002
 3006
 3010
 3008
 3004
 2996
 2984
 2976
 2964
 2954
 2940
 2928
 2914
 2902
 2888
 2872
 2858
 2848
 2840
 2830
 2820
 2808
 2796
 2784
 2772
 2760
 2746
 2732
 2718
 2700
 2682
 2664
 2644
 2622
 2602
 2582
 2562
 2534
 2504
 2474
 2440
 2408
 2372
 2336
 2294
 2256
 2218
 2182
 2144
 2106
 2064
 2024
 1990
 1958
 1934
 1912
 1898
 1884
 1870
 1862
 1852
 1842
 1826
 1804
 1784
 1762
 1742
 1722
 1706
 1690
 1678
 1670
 1662
 1658
 1654
 1654
 1656
 1656
 1656
 1652
 1648
 1644
 1642
 1638
 1640
 1646
 1654
 1664
 1676
 1686
 1700
 1714
 1728
 1742
 1754
 1768
 1782
 1796
 1808
 1818
 1834
 1850
 1870
 1896
 1922
 1948
 1976
 2000
 2027
 2048
 2070
 2093
 2110
 2130
 2152
 2176
 2198
 2218
 2236
 2250
 2268
 2282
 2294
 2308
 2324
 2338
 2356
 2378
 2400
 2428
 2452
 2478
 2508
 2538
 2574
 2608
 2646
 2680
 2714
 2746
 2778
 2810
 2842
 2872
 2902
 2926
 2950
 2972
 2996
 3018
 3036
 3050
 3060
 3076
 3092
 3104
 3116
 3128
 3142
 3154
 3160
 3164
 3164
 3160
 3158
 3152
 3150
 3148
 3152
 3156
 3160
 3164
 3172
 3174
 3180
 3190
 3196
 3200
 3202
 3200
 3196
 3190
 3184
 3182
 3188
 3188
 3184
 3184
 3182
 3180
 3176
 3170
 3164
 3154
 3144
 3126
 3112
 3102
 3090
 3078
 3064
 3050
 3042
 3034
 3026
 3016
 3004
 2992
 2982
 2972
 2964
 2956
 2948
 2944
 2938
 2926
 2916
 2910
 2902
 2892
 2880
 2868
 2854
 2842
 2832
 2820
 2810
 2798
 2788
 2778
 2768
 2760
 2752
 2742
 2732
 2724
 2716
 2712
 2708
 2702
 2692
 2684
 2672
 2662
 2652
 2640
 2630
 2620
 2610
 2600
 2594
 2588
 2582
 2572
 2562
 2552
 2542
 2538
 2532
 2524
 2514
 2504
 2494
 2478
 2462
 2444
 2428
 2416
 2404
 2386
 2368
 2350
 2324
 2302
 2274
 2244
 2214
 2184
 2154
 2128
 2102
 2072
 2048
 2028
 2004
 1984
 1962
 1938
 1916
 1894
 1874
 1854
 1836
 1818
 1798
 1782
 1764
 1748
 1732
 1716
 1704
 1688
 1674
 1660
 1642
 1630
 1616
 1602
 1592
 1584
 1584
 1584
 1586
 1588
 1588
 1596
 1604
 1620
 1644
 1668
 1690
 1712
 1732
 1750
 1764
 1780
 1794
 1808
 1820
 1832
 1850
 1868
 1884
 1902
 1922
 1942
 1961
 1980
 1994
 2012
 2030
 2049
 2064
 2080
 2094
 2106
 2124
 2138
 2152
 2168
 2182
 2198
 2214
 2230
 2244
 2254
 2264
 2276
 2286
 2294
 2308
 2318
 2328
 2338
 2346
 2354
 2362
 2373
 2384
 2392
 2404
 2418
 2432
 2452
 2474
 2500
 2524
 2548
 2576
 2610
 2642
 2674
 2708
 2738
 2760
 2778
 2796
 2814
 2836
 2858
 2884
 2906
 2930
 2956
 2978
 2992
 3008
 3028
 3044
 3058
 3068
 3082
 3098
 3116
 3130
 3140
 3152
 3160
 3170
 3180
 3186
 3190
 3194
 3196
 3196
 3192
 3190
 3186
 3184
 3182
 3176
 3168
 3162
 3152
 3148
 3136
 3124
 3116
 3104
 3096
 3086
 3078
 3072
 3068
 3064
 3056
 3048
 3040
 3034
 3028
 3020
 3014
 3008
 3000
 2988
 2972
 2960
 2948
 2940
 2926
 2912
 2900
 2888
 2876
 2866
 2854
 2842
 2830
 2820
 2808
 2804
 2796
 2790
 2784
 2774
 2764
 2754
 2744
 2738
 2736
 2730
 2722
 2716
 2710
 2704
 2696
 2692
 2686
 2678
 2672
 2666
 2660
 2654
 2648
 2642
 2638
 2632
 2624
 2616
 2612
 2606
 2602
 2596
 2590
 2582
 2576
 2572
 2566
 2558
 2552
 2542
 2534
 2526
 2518
 2510
 2500
 2486
 2468
 2452
 2436
 2426
 2414
 2400
 2386
 2370
 2354
 2334
 2318
 2298
 2278
 2260
 2240
 2220
 2200
 2178
 2156
 2136
 2112
 2090
 2070
 2050
 2032
 2018
 2000
 1986
 1970
 1956
 1940
 1932
 1920
 1910
 1902
 1894
 1886
 1880
 1878
 1874
 1868
 1866
 1860
 1858
 1856
 1850
 1840
 1830
 1826
 1822
 1814
 1808
 1798
 1790
 1784
 1780
 1776
 1776
 1780
 1784
 1788
 1792
 1794
 1804
 1812
 1818
 1822
 1826
 1832
 1834
 1832
 1828
 1824
 1826
 1828
 1828
 1830
 1834
 1844
 1854
 1862
 1874
 1882
 1896
 1908
 1920
 1932
 1944
 1958
 1972
 1984
 1996
 2008
 2022
 2038
 2052
 2067
 2082
 2100
 2120
 2140
 2158
 2176
 2194
 2208
 2222
 2238
 2252
 2268
 2284
 2306
 2326
 2347
 2362
 2376
 2390
 2400
 2410
 2418
 2426
 2434
 2444
 2452
 2462
 2478
 2496
 2514
 2534
 2560
 2590
 2622
 2654
 2684
 2720
 2748
 2776
 2806
 2832
 2862
 2894
 2918
 2946
 2972
 2990
 3010
 3030
 3052
 3070
 3078
 3080
 3082
 3088
 3092
 3096
 3102
 3106
 3112
 3116
 3114
 3112
 3116
 3120
 3122
 3126
 3126
 3128
 3132
 3134
 3132
 3134
 3132
 3134
 3138
 3140
 3148
 3150
 3154
 3152
 3148
 3142
 3138
 3134
 3128
 3118
 3106
 3094
 3082
 3070
 3058
 3046
 3038
 3024
 3014
 3000
 2984
 2968
 2960
 2952
 2944
 2934
 2924
 2914
 2906
 2892
 2878
 2866
 2854
 2842
 2830
 2816
 2804
 2792
 2782
 2772
 2762
 2748
 2738
 2730
 2724
 2718
 2714
 2704
 2696
 2690
 2682
 2674
 2668
 2658
 2652
 2646
 2638
 2632
 2626
 2620
 2616
 2610
 2602
 2596
 2594
 2592
 2590
 2586
 2578
 2574
 2570
 2564
 2560
 2552
 2546
 2540
 2534
 2530
 2526
 2522
 2518
 2514
 2510
 2504
 2506
 2510
 2512
 2510
 2508
 2504
 2504
 2500
 2498
 2496
 2494
 2490
 2486
 2484
 2478
 2476
 2470
 2464
 2454
 2446
 2432
 2420
 2404
 2380
 2344
 2306
 2268
 2230
 2194
 2158
 2120
 2086
 2054
 2024
 1996
 1972
 1952
 1936
 1916
 1898
 1882
 1866
 1852
 1836
 1820
 1808
 1798
 1788
 1776
 1762
 1746
 1734
 1722
 1710
 1696
 1688
 1678
 1672
 1666
 1660
 1656
 1654
 1656
 1656
 1654
 1656
 1658
 1662
 1658
 1660
 1666
 1674
 1682
 1692
 1700
 1712
 1724
 1734
 1740
 1748
 1754
 1762
 1770
 1778
 1786
 1800
 1812
 1824
 1836
 1846
 1860
 1874
 1888
 1902
 1912
 1926
 1940
 1956
 1969
 1981
 1996
 2010
 2024
 2036
 2048
 2060
 2074
 2088
 2100
 2116
 2134
 2148
 2166
 2182
 2196
 2214
 2230
 2244
 2262
 2278
 2298
 2318
 2338
 2358
 2380
 2399
 2416
 2436
 2458
 2478
 2498
 2518
 2536
 2554
 2570
 2588
 2606
 2628
 2652
 2676
 2700
 2726
 2756
 2788
 2822
 2852
 2878
 2912
 2948
 2984
 3012
 3038
 3066
 3088
 3110
 3126
 3142
 3154
 3158
 3162
 3166
 3168
 3166
 3168
 3190
 3228
 3258
 3288
 3314
 3336
 3352
 3366
 3374
 3380
 3384
 3380
 3374
 3366
 3358
 3348
 3332
 3314
 3294
 3274
 3258
 3240
 3222
 3210
 3194
 3180
 3166
 3150
 3136
 3126
 3110
 3094
 3080
 3066
 3054
 3046
 3034
 3022
 3010
 2996
 2986
 2974
 2962
 2952
 2944
 2932
 2920
 2910
 2894
 2880
 2868
 2856
 2844
 2834
 2822
 2812
 2800
 2790
 2780
 2772
 2760
 2752
 2744
 2734
 2724
 2716
 2706
 2700
 2692
 2686
 2678
 2670
 2664
 2660
 2658
 2654
 2648
 2644
 2636
 2632
 2626
 2622
 2618
 2614
 2606
 2600
 2590
 2586
 2578
 2574
 2568
 2564
 2558
 2552
 2546
 2542
 2538
 2532
 2526
 2520
 2512
 2504
 2490
 2472
 2450
 2430
 2406
 2382
 2356
 2330
 2306
 2278
 2246
 2216
 2184
 2156
 2128
 2098
 2066
 2030
 1992
 1954
 1922
 1892
 1862
 1834
 1808
 1782
 1758
 1730
 1702
 1674
 1648
 1624
 1600
 1578
 1562
 1548
 1530
 1512
 1498
 1486
 1480
 1474
 1468
 1464
 1464
 1464
 1468
 1472
 1474
 1486
 1502
 1512
 1520
 1530
 1542
 1554
 1566
 1576
 1590
 1606
 1624
 1636
 1652
 1662
 1678
 1696
 1710
 1722
 1738
 1754
 1772
 1790
 1808
 1824
 1844
 1862
 1878
 1894
 1908
 1930
 1952
 1971
 1993
 2012
 2032
 2052
 2072
 2092
 2112
 2132
 2152
 2172
 2194
 2214
 2238
 2262
 2292
 2324
 2358
 2394
 2434
 2470
 2502
 2530
 2560
 2588
 2614
 2644
 2674
 2706
 2740
 2770
 2800
 2832
 2862
 2888
 2906
 2926
 2952
 2974
 3006
 3042
 3082
 3116
 3142
 3166
 3190
 3210
 3234
 3252
 3268
 3286
 3306
 3328
 3344
 3358
 3366
 3374
 3378
 3378
 3382
 3384
 3382
 3382
 3376
 3372
 3366
 3362
 3356
 3346
 3336
 3324
 3312
 3300
 3286
 3274
 3258
 3244
 3228
 3214
 3198
 3186
 3176
 3164
 3144
 3126
 3106
 3086
 3068
 3048
 3030
 3010
 2992
 2972
 2954
 2938
 2922
 2906
 2892
 2876
 2856
 2840
 2828
 2818
 2810
 2802
 2792
 2782
 2774
 2764
 2756
 2748
 2736
 2724
 2712
 2700
 2690
 2678
 2670
 2660
 2650
 2640
 2634
 2628
 2622
 2616
 2610
 2602
 2596
 2592
 2586
 2582
 2576
 2570
 2562
 2556
 2548
 2544
 2540
 2534
 2528
 2524
 2520
 2520
 2520
 2516
 2502
 2476
 2438
 2392
 2346
 2296
 2248
 2196
 2146
 2098
 2056
 2016
 1980
 1948
 1914
 1886
 1862
 1840
 1822
 1806
 1800
 1798
 1796
 1794
 1788
 1780
 1766
 1748
 1732
 1714
 1694
 1680
 1664
 1652
 1642
 1630
 1622
 1618
 1612
 1608
 1600
 1594
 1586
 1580
 1576
 1574
 1574
 1576
 1580
 1590
 1598
 1606
 1618
 1626
 1636
 1648
 1656
 1664
 1678
 1690
 1704
 1714
 1722
 1736
 1750
 1766
 1782
 1802
 1824
 1850
 1872
 1894
 1914
 1938
 1965
 1989
 2014
 2040
 2074
 2110
 2144
 2176
 2204
 2234
 2264
 2296
 2322
 2348
 2372
 2400
 2424
 2456
 2486
 2516
 2562
 2610
 2670
 2738
 2802
 2862
 2910
 2950
 2984
 3006
 3024
 3040
 3050
 3060
 3068
 3082
 3096
 3112
 3126
 3138
 3142
 3150
 3164
 3178
 3188
 3200
 3212
 3226
 3232
 3238
 3242
 3242
 3240
 3238
 3228
 3218
 3212
 3204
 3200
 3192
 3182
 3170
 3160
 3152
 3144
 3134
 3118
 3104
 3090
 3074
 3056
 3042
 3026
 3012
 2996
 2980
 2966
 2952
 2940
 2928
 2916
 2900
 2888
 2876
 2864
 2854
 2844
 2832
 2822
 2814
 2804
 2796
 2788
 2778
 2768
 2760
 2750
 2740
 2734
 2726
 2718
 2710
 2700
 2692
 2690
 2686
 2680
 2674
 2664
 2656
 2652
 2642
 2638
 2630
 2620
 2612
 2606
 2598
 2590
 2586
 2582
 2576
 2572
 2566
 2564
 2566
 2564
 2562
 2556
 2552
 2548
 2542
 2534
 2524
 2512
 2498
 2484
 2468
 2454
 2442
 2430
 2414
 2396
 2378
 2358
 2344
 2328
 2310
 2292
 2272
 2252
 2232
 2212
 2194
 2176
 2156
 2134
 2114
 2094
 2074
 2056
 2036
 2014
 1990
 1968
 1946
 1924
 1902
 1878
 1860
 1844
 1824
 1804
 1786
 1770
 1756
 1746
 1734
 1730
 1728
 1728
 1728
 1728
 1730
 1736
 1740
 1742
 1744
 1748
 1748
 1748
 1748
 1750
 1750
 1754
 1758
 1760
 1766
 1772
 1778
 1788
 1794
 1800
 1810
 1818
 1828
 1836
 1844
 1850
 1856
 1860
 1864
 1870
 1876
 1886
 1900
 1912
 1928
 1942
 1960
 1977
 1995
 2008
 2026
 2044
 2062
 2080
 2098
 2112
 2128
 2142
 2156
 2170
 2182
 2194
 2210
 2226
 2242
 2256
 2270
 2280
 2290
 2302
 2312
 2328
 2346
 2368
 2393
 2418
 2440
 2466
 2494
 2518
 2544
 2570
 2596
 2622
 2644
 2666
 2686
 2710
 2726
 2742
 2764
 2788
 2808
 2828
 2846
 2862
 2876
 2892
 2904
 2918
 2932
 2940
 2950
 2960
 2972
 2986
 2998
 3014
 3030
 3042
 3050
 3062
 3074
 3084
 3096
 3106
 3112
 3120
 3122
 3124
 3126
 3126
 3126
 3128
 3128
 3130
 3132
 3132
 3136
 3138
 3142
 3142
 3140
 3146
 3148
 3150
 3148
 3144
 3144
 3140
 3136
 3130
 3122
 3114
 3106
 3098
 3090
 3082
 3074
 3066
 3056
 3044
 3032
 3024
 3018
 3014
 3008
 3000
 2994
 2990
 2986
 2978
 2972
 2962
 2954
 2946
 2934
 2922
 2910
 2900
 2890
 2874
 2860
 2850
 2842
 2834
 2828
 2822
 2814
 2808
 2800
 2794
 2788
 2782
 2772
 2764
 2756
 2750
 2740
 2734
 2726
 2720
 2714
 2706
 2706
 2702
 2700
 2692
 2688
 2682
 2676
 2674
 2670
 2666
 2660
 2654
 2648
 2644
 2636
 2630
 2626
 2620
 2614
 2610
 2608
 2606
 2606
 2600
 2594
 2588
 2582
 2576
 2570
 2558
 2540
 2514
 2486
 2452
 2414
 2368
 2320
 2274
 2224
 2178
 2136
 2102
 2070
 2040
 2014
 1986
 1964
 1942
 1922
 1902
 1880
 1860
 1842
 1824
 1808
 1796
 1782
 1772
 1762
 1750
 1738
 1730
 1724
 1720
 1714
 1708
 1702
 1698
 1692
 1686
 1682
 1676
 1672
 1672
 1670
 1670
 1672
 1674
 1676
 1674
 1670
 1668
 1668
 1672
 1676
 1682
 1684
 1686
 1688
 1690
 1692
 1700
 1710
 1722
 1734
 1748
 1758
 1772
 1784
 1798
 1816
 1830
 1850
 1868
 1884
 1900
 1912
 1932
 1956
 1983
 2011
 2040
 2074
 2108
 2144
 2178
 2212
 2252
 2290
 2324
 2362
 2404
 2444
 2480
 2518
 2554
 2582
 2612
 2640
 2664
 2688
 2710
 2734
 2762
 2784
 2808
 2834
 2858
 2880
 2896
 2908
 2922
 2932
 2940
 2950
 2958
 2970
 2980
 2990
 2998
 3006
 3016
 3020
 3024
 3030
 3034
 3038
 3046
 3056
 3072
 3098
 3124
 3144
 3164
 3182
 3198
 3210
 3218
 3224
 3230
 3230
 3230
 3224
 3214
 3206
 3200
 3192
 3184
 3178
 3172
 3166
 3158
 3146
 3134
 3124
 3114
 3106
 3096
 3084
 3070
 3058
 3044
 3032
 3018
 3002
 2990
 2978
 2964
 2954
 2944
 2934
 2926
 2914
 2898
 2888
 2878
 2868
 2860
 2850
 2838
 2824
 2812
 2802
 2792
 2784
 2772
 2762
 2754
 2744
 2734
 2726
 2718
 2712
 2704
 2696
 2688
 2686
 2684
 2682
 2678
 2672
 2666
 2662
 2656
 2650
 2644
 2640
 2634
 2628
 2622
 2618
 2616
 2610
 2604
 2600
 2594
 2590
 2590
 2590
 2588
 2588
 2582
 2578
 2576
 2572
 2570
 2566
 2562
 2556
 2552
 2548
 2544
 2540
 2534
 2526
 2520
 2516
 2512
 2506
 2502
 2496
 2488
 2480
 2472
 2460
 2446
 2430
 2412
 2386
 2360
 2328
 2300
 2272
 2242
 2208
 2170
 2136
 2106
 2078
 2052
 2022
 1998
 1976
 1952
 1932
 1908
 1884
 1858
 1838
 1818
 1802
 1786
 1772
 1754
 1740
 1726
 1712
 1702
 1696
 1688
 1684
 1682
 1682
 1680
 1678
 1676
 1676
 1682
 1682
 1686
 1690
 1694
 1704
 1714
 1722
 1728
 1738
 1748
 1756
 1764
 1772
 1782
 1788
 1796
 1804
 1814
 1826
 1840
 1854
 1862
 1870
 1880
 1888
 1898
 1908
 1916
 1928
 1942
 1954
 1966
 1976
 1987
 1999
 2008
 2016
 2020
 2024
 2032
 2036
 2042
 2048
 2054
 2062
 2076
 2090
 2106
 2124
 2144
 2164
 2182
 2198
 2210
 2224
 2240
 2254
 2266
 2280
 2292
 2305
 2316
 2328
 2340
 2354
 2370
 2390
 2412
 2436
 2458
 2482
 2510
 2544
 2578
 2614
 2650
 2686
 2720
 2748
 2776
 2804
 2834
 2862
 2886
 2904
 2920
 2936
 2954
 2976
 2994
 3008
 3022
 3034
 3050
 3068
 3088
 3108
 3124
 3138
 3150
 3154
 3158
 3158
 3158
 3154
 3148
 3146
 3150
 3154
 3156
 3158
 3162
 3166
 3172
 3178
 3182
 3186
 3190
 3192
 3190
 3184
 3182
 3172
 3164
 3154
 3140
 3126
 3116
 3100
 3086
 3072
 3056
 3042
 3028
 3010
 2992
 2976
 2964
 2950
 2936
 2924
 2910
 2902
 2894
 2882
 2874
 2864
 2852
 2844
 2832
 2822
 2812
 2804
 2798
 2796
 2792
 2790
 2788
 2786
 2784
 2784
 2780
 2774
 2768
 2762
 2758
 2754
 2746
 2742
 2738
 2732
 2728
 2722
 2718
 2712
 2708
 2698
 2688
 2680
 2674
 2670
 2662
 2652
 2644
 2636
 2630
 2622
 2618
 2614
 2610
 2606
 2602
 2598
 2594
 2588
 2584
 2580
 2574
 2572
 2572
 2572
 2572
 2568
 2564
 2554
 2546
 2534
 2522
 2508
 2490
 2468
 2446
 2422
 2398
 2372
 2346
 2322
 2296
 2272
 2246
 2220
 2186
 2144
 2100
 2056
 2016
 1980
 1944
 1912
 1884
 1862
 1840
 1820
 1800
 1780
 1764
 1746
 1734
 1720
 1714
 1710
 1706
 1702
 1698
 1704
 1706
 1708
 1710
 1710
 1712
 1716
 1718
 1716
 1714
 1710
 1708
 1710
 1706
 1706
 1708
 1712
 1714
 1718
 1722
 1728
 1732
 1734
 1736
 1738
 1740
 1744
 1748
 1754
 1758
 1768
 1776
 1784
 1788
 1792
 1802
 1814
 1822
 1830
 1838
 1848
 1856
 1864
 1870
 1878
 1884
 1892
 1896
 1902
 1910
 1922
 1932
 1944
 1960
 1978
 1998
 2021
 2041
 2060
 2076
 2096
 2114
 2132
 2150
 2166
 2188
 2208
 2226
 2246
 2266
 2286
 2306
 2330
 2356
 2382
 2408
 2436
 2466
 2496
 2522
 2556
 2590
 2622
 2652
 2680
 2704
 2728
 2750
 2770
 2794
 2818
 2842
 2864
 2892
 2916
 2940
 2958
 2976
 3002
 3030
 3058
 3082
 3108
 3130
 3150
 3166
 3176
 3186
 3198
 3204
 3208
 3210
 3214
 3216
 3214
 3210
 3202
 3196
 3190
 3184
 3178
 3176
 3172
 3168
 3164
 3158
 3150
 3144
 3136
 3128
 3118
 3110
 3104
 3096
 3092
 3082
 3072
 3064
 3054
 3050
 3046
 3046
 3048
 3050
 3052
 3046
 3048
 3052
 3052
 3056
 3054
 3052
 3048
 3044
 3042
 3038
 3032
 3030
 3024
 3022
 3014
 3008
 3006
 3000
 2994
 2984
 2974
 2966
 2960
 2952
 2946
 2938
 2932
 2924
 2918
 2908
 2900
 2892
 2884
 2874
 2866
 2860
 2852
 2844
 2838
 2830
 2828
 2822
 2818
 2814
 2808
 2800
 2794
 2786
 2778
 2772
 2766
 2756
 2748
 2742
 2736
 2732
 2722
 2714
 2702
 2696
 2688
 2680
 2670
 2660
 2652
 2644
 2634
 2628
 2622
 2614
 2610
 2606
 2606
 2604
 2600
 2594
 2588
 2582
 2576
 2574
 2568
 2562
 2556
 2550
 2544
 2534
 2522
 2500
 2474
 2442
 2412
 2374
 2330
 2284
 2238
 2198
 2160
 2126
 2090
 2056
 2024
 1994
 1964
 1944
 1922
 1898
 1878
 1858
 1840
 1826
 1812
 1794
 1780
 1766
 1752
 1740
 1724
 1708
 1696
 1686
 1674
 1668
 1658
 1648
 1644
 1636
 1626
 1620
 1614
 1612
 1610
 1606
 1604
 1602
 1602
 1604
 1604
 1604
 1606
 1616
 1626
 1632
 1640
 1642
 1644
 1650
 1654
 1664
 1672
 1684
 1696
 1708
 1718
 1726
 1742
 1756
 1772
 1786
 1802
 1824
 1844
 1862
 1878
 1894
 1910
 1928
 1946
 1962
 1983
 2005
 2026
 2048
 2070
 2092
 2118
 2140
 2162
 2186
 2204
 2228
 2250
 2278
 2298
 2320
 2344
 2372
 2404
 2434
 2466
 2496
 2524
 2550
 2576
 2598
 2624
 2648
 2674
 2700
 2726
 2752
 2778
 2806
 2836
 2862
 2888
 2908
 2934
 2958
 2980
 2998
 3014
 3030
 3042
 3054
 3062
 3068
 3076
 3082
 3088
 3090
 3096
 3100
 3108
 3116
 3124
 3134
 3144
 3154
 3164
 3172
 3180
 3188
 3196
 3202
 3204
 3204
 3206
 3204
 3204
 3198
 3192
 3188
 3182
 3180
 3178
 3174
 3172
 3166
 3160
 3148
 3140
 3132
 3126
 3120
 3114
 3108
 3102
 3096
 3090
 3082
 3072
 3062
 3052
 3040
 3030
 3018
 3008
 2996
 2984
 2970
 2958
 2950
 2940
 2932
 2920
 2906
 2896
 2888
 2880
 2870
 2860
 2850
 2842
 2832
 2826
 2820
 2816
 2808
 2802
 2796
 2790
 2788
 2782
 2774
 2768
 2762
 2752
 2746
 2740
 2730
 2724
 2716
 2708
 2698
 2692
 2684
 2680
 2674
 2668
 2666
 2664
 2666
 2666
 2664
 2660
 2654
 2652
 2648
 2646
 2644
 2642
 2636
 2632
 2628
 2624
 2618
 2614
 2608
 2602
 2602
 2602
 2602
 2602
 2598
 2594
 2590
 2584
 2580
 2574
 2570
 2568
 2562
 2560
 2556
 2552
 2548
 2544
 2540
 2542
 2542
 2544
 2544
 2542
 2540
 2538
 2536
 2532
 2530
 2526
 2522
 2518
 2516
 2514
 2510
 2506
 2502
 2498
 2500
 2498
 2496
 2492
 2484
 2474
 2460
 2436
 2414
 2390
 2364
 2334
 2302
 2270
 2244
 2216
 2186
 2160
 2132
 2108
 2084
 2056
 2030
 2002
 1982
 1960
 1940
 1924
 1906
 1892
 1878
 1864
 1854
 1850
 1842
 1834
 1822
 1810
 1798
 1786
 1776
 1762
 1752
 1744
 1730
 1718
 1706
 1702
 1700
 1696
 1694
 1698
 1698
 1700
 1704
 1702
 1704
 1708
 1710
 1712
 1712
 1714
 1716
 1716
 1716
 1714
 1716
 1718
 1720
 1724
 1730
 1736
 1744
 1754
 1760
 1768
 1776
 1790
 1802
 1814
 1832
 1844
 1858
 1874
 1886
 1902
 1918
 1936
 1954
 1974
 1995
 2018
 2045
 2070
 2092
 2116
 2136
 2160
 2182
 2204
 2222
 2242
 2262
 2278
 2296
 2316
 2332
 2352
 2372
 2392
 2414
 2438
 2460
 2484
 2510
 2530
 2556
 2590
 2626
 2662
 2694
 2722
 2744
 2768
 2790
 2810
 2834
 2856
 2878
 2902
 2926
 2946
 2960
 2976
 2990
 3008
 3022
 3028
 3038
 3046
 3054
 3064
 3072
 3080
 3086
 3094
 3100
 3108
 3110
 3116
 3122
 3128
 3130
 3136
 3142
 3146
 3150
 3148
 3146
 3148
 3146
 3150
 3148
 3146
 3144
 3140
 3138
 3132
 3128
 3124
 3120
 3116
 3108
 3096
 3088
 3080
 3074
 3068
 3060
 3052
 3044
 3038
 3032
 3024
 3020
 3016
 3008
 3002
 2994
 2988
 2982
 2978
 2972
 2964
 2956
 2950
 2944
 2938
 2932
 2926
 2916
 2908
 2896
 2886
 2878
 2870
 2860
 2850
 2840
 2828
 2818
 2808
 2800
 2790
 2780
 2770
 2760
 2752
 2744
 2736
 2726
 2718
 2710
 2704
 2698
 2694
 2688
 2680
 2674
 2666
 2660
 2654
 2646
 2638
 2630
 2624
 2616
 2612
 2606
 2602
 2596
 2588
 2584
 2580
 2578
 2578
 2574
 2570
 2566
 2564
 2560
 2556
 2552
 2546
 2540
 2536
 2530
 2524
 2522
 2518
 2514
 2510
 2506
 2504
 2502
 2496
 2488
 2478
 2466
 2450
 2436
 2416
 2398
 2376
 2354
 2330
 2308
 2282
 2260
 2236
 2210
 2188
 2162
 2136
 2108
 2086
 2058
 2032
 2000
 1966
 1934
 1908
 1882
 1862
 1844
 1824
 1804
 1792
 1778
 1768
 1758
 1748
 1744
 1740
 1734
 1728
 1730
 1736
 1738
 1742
 1742
 1742
 1744
 1746
 1748
 1748
 1748
 1748
 1748
 1744
 1742
 1742
 1748
 1752
 1754
 1758
 1764
 1768
 1772
 1778
 1784
 1792
 1804
 1818
 1830
 1842
 1854
 1866
 1876
 1886
 1894
 1904
 1916
 1928
 1938
 1950
 1958
 1968
 1976
 1982
 1988
 1994
 2003
 2010
 2020
 2030
 2040
 2050
 2062
 2068
 2078
 2088
 2100
 2115
 2130
 2144
 2160
 2174
 2186
 2200
 2208
 2220
 2228
 2240
 2250
 2266
 2278
 2290
 2302
 2312
 2324
 2334
 2342
 2352
 2364
 2372
 2386
 2398
 2409
 2420
 2432
 2446
 2466
 2486
 2506
 2532
 2560
 2588
 2618
 2654
 2686
 2718
 2748
 2776
 2806
 2834
 2858
 2884
 2908
 2926
 2944
 2958
 2966
 2974
 2986
 2996
 3010
 3020
 3030
 3040
 3054
 3064
 3076
 3084
 3088
 3096
 3104
 3108
 3112
 3116
 3122
 3126
 3128
 3134
 3134
 3136
 3134
 3130
 3124
 3118
 3114
 3110
 3110
 3108
 3106
 3104
 3100
 3098
 3098
 3098
 3100
 3098
 3096
 3094
 3086
 3082
 3076
 3066
 3058
 3050
 3044
 3036
 3030
 3024
 3016
 3010
 3002
 2992
 2986
 2976
 2968
 2962
 2950
 2942
 2934
 2934
 2932
 2926
 2918
 2908
 2900
 2894
 2886
 2880
 2872
 2862
 2854
 2844
 2834
 2826
 2814
 2802
 2794
 2788
 2778
 2770
 2760
 2752
 2742
 2734
 2726
 2720
 2714
 2708
 2702
 2694
 2688
 2680
 2674
 2668
 2658
 2650
 2644
 2638
 2630
 2624
 2616
 2608
 2600
 2592
 2582
 2576
 2572
 2566
 2560
 2556
 2550
 2550
 2546
 2542
 2534
 2520
 2504
 2482
 2460
 2436
 2412
 2384
 2356
 2328
 2300
 2274
 2248
 2220
 2190
 2162
 2134
 2108
 2084
 2062
 2040
 2020
 2002
 1980
 1960
 1940
 1922
 1906
 1894
 1882
 1870
 1862
 1854
 1842
 1836
 1824
 1818
 1820
 1830
 1840
 1852
 1864
 1872
 1878
 1880
 1878
 1874
 1870
 1870
 1870
 1872
 1872
 1876
 1878
 1880
 1882
 1884
 1886
 1892
 1892
 1894
 1892
 1890
 1892
 1894
 1896
 1900
 1908
 1918
 1928
 1936
 1946
 1954
 1964
 1972
 1980
 1988
 1996
 2006
 2020
 2027
 2033
 2042
 2050
 2056
 2060
 2066
 2074
 2084
 2092
 2100
 2110
 2118
 2122
 2130
 2134
 2142
 2148
 2154
 2164
 2172
 2182
 2192
 2202
 2214
 2226
 2240
 2255
 2266
 2280
 2292
 2304
 2318
 2332
 2342
 2352
 2360
 2368
 2376
 2384
 2392
 2400
 2408
 2416
 2428
 2436
 2442
 2446
 2448
 2452
 2456
 2458
 2460
 2466
 2466
 2468
 2472
 2480
 2488
 2500
 2514
 2532
 2548
 2564
 2582
 2600
 2618
 2640
 2660
 2678
 2696
 2716
 2734
 2750
 2770
 2786
 2800
 2822
 2846
 2870
 2894
 2914
 2930
 2942
 2954
 2964
 2976
 2982
 2986
 2994
 2998
 3004
 3010
 3014
 3020
 3026
 3030
 3028
 3028
 3032
 3034
 3038
 3042
 3050
 3058
 3064
 3072
 3072
 3072
 3076
 3076
 3078
 3076
 3076
 3074
 3072
 3072
 3068
 3066
 3066
 3066
 3070
 3068
 3068
 3068
 3072
 3076
 3078
 3076
 3074
 3072
 3072
 3066
 3062
 3058
 3050
 3044
 3034
 3028
 3020
 3012
 3004
 2994
 2986
 2980
 2974
 2972
 2968
 2960
 2954
 2946
 2938
 2930
 2918
 2908
 2896
 2886
 2876
 2870
 2862
 2854
 2844
 2838
 2830
 2824
 2818
 2812
 2808
 2804
 2800
 2798
 2796
 2792
 2790
 2784
 2782
 2780
 2778
 2774
 2768
 2760
 2752
 2742
 2736
 2726
 2718
 2706
 2698
 2688
 2678
 2668
 2654
 2642
 2632
 2628
 2622
 2616
 2608
 2602
 2596
 2588
 2582
 2574
 2566
 2560
 2552
 2548
 2542
 2538
 2534
 2526
 2522
 2522
 2520
 2518
 2512
 2504
 2496
 2486
 2470
 2456
 2440
 2422
 2402
 2382
 2358
 2332
 2310
 2282
 2252
 2222
 2192
 2160
 2132
 2104
 2078
 2056
 2030
 2002
 1976
 1946
 1920
 1892
 1872
 1852
 1838
 1820
 1802
 1784
 1766
 1752
 1742
 1732
 1724
 1720
 1718
 1712
 1712
 1710
 1710
 1712
 1714
 1720
 1728
 1736
 1740
 1746
 1752
 1762
 1778
 1790
 1802
 1818
 1834
 1846
 1856
 1862
 1866
 1872
 1874
 1878
 1882
 1890
 1896
 1904
 1912
 1918
 1928
 1936
 1944
 1944
 1946
 1952
 1954
 1958
 1960
 1966
 1972
 1982
 1992
 2003
 2014
 2027
 2040
 2050
 2056
 2064
 2076
 2084
 2096
 2112
 2128
 2138
 2152
 2164
 2174
 2182
 2192
 2202
 2214
 2228
 2238
 2252
 2260
 2268
 2276
 2284
 2290
 2295
 2300
 2306
 2312
 2322
 2330
 2342
 2354
 2366
 2378
 2390
 2398
 2406
 2414
 2420
 2426
 2432
 2440
 2448
 2462
 2476
 2498
 2524
 2544
 2566
 2588
 2606
 2626
 2648
 2666
 2688
 2710
 2730
 2752
 2772
 2792
 2802
 2816
 2830
 2846
 2862
 2876
 2894
 2906
 2908
 2910
 2912
 2918
 2922
 2928
 2934
 2940
 2948
 2958
 2960
 2968
 2968
 2970
 2976
 2980
 2988
 2992
 3000
 3006
 3006
 3004
 3002
 3000
 2998
 3000
 3000
 3002
 3004
 3008
 3006
 3004
 3004
 3006
 3012
 3018
 3024
 3030
 3036
 3042
 3046
 3046
 3050
 3048
 3048
 3044
 3038
 3036
 3030
 3028
 3020
 3010
 3002
 2996
 2994
 2994
 2994
 2992
 2988
 2988
 2984
 2978
 2978
 2976
 2974
 2970
 2966
 2962
 2958
 2952
 2944
 2938
 2928
 2920
 2916
 2912
 2908
 2906
 2898
 2894
 2886
 2878
 2870
 2862
 2854
 2842
 2832
 2820
 2806
 2792
 2778
 2762
 2748
 2736
 2726
 2716
 2704
 2690
 2678
 2668
 2658
 2648
 2634
 2622
 2610
 2596
 2582
 2568
 2554
 2538
 2520
 2504
 2488
 2476
 2460
 2444
 2426
 2410
 2392
 2374
 2354
 2336
 2318
 2302
 2286
 2268
 2250
 2232
 2214
 2198
 2180
 2158
 2130
 2104
 2078
 2048
 2016
 1980
 1940
 1910
 1888
 1864
 1842
 1824
 1806
 1796
 1786
 1768
 1758
