135
137
378
379
586
594
814
824
1022
1029
1208
1446
1448
1674
1675
1891
1892
1918
2146
2147
2173
2370
2373
2606
2607
2821
2823
2996
3002
3211
3230
3405
3414
3652
3653
3679
3902
3903
4151
4170
4419
4422
4448
4670
4672
4697
4934
4935
4961
5203
5216
5423
5425
5648
5649
5675
5880
5882
5907
6119
6120
6146
6403
6413
6438
6653
6654
6680
6849
6851
6876
7108
7110
7135
7349
7351
7376
7557
7558
7584
7756
7765
7791
8060
8061
8087
8288
8296
8321
8549
8550
8576
8601
8823
8824
9028
9031
9256
9261
9287
9523
9539
9783
9784
9810
10032
10033
10251
10252
10471
10472
10498
10727
10728
10969
10970
10996
11236
11237
11494
11495
11783
11785
12045
12056
12081
12303
12304
12330
12603
12605
12631
