-9.483050467469389844e+00
-9.483050467469389844e+00
-9.483050467469389844e+00
-9.483050467469389844e+00
-9.483050467469389844e+00
-9.483050467469389844e+00
-9.483050467469389844e+00
-9.483050467469389844e+00
-9.483050467469389844e+00
-9.483050467469389844e+00
-9.483050467469389844e+00
-9.483050467469389844e+00
-9.509063430847845666e+00
-9.364628523819312989e+00
-7.607380161227068172e+00
-6.984071725415013532e+00
-4.978670315815161729e+00
-7.199443146820169837e+00
-7.304754036886351720e+00
-9.340298950535311562e+00
-7.681755777320725009e+00
-7.680298832770005468e+00
-6.605043121969191411e+00
-6.259762599373990710e+00
-7.431014810564771089e+00
-7.783848982886273582e+00
-7.360816746791522647e+00
-8.392691620956211906e+00
-6.933528497309027649e+00
-6.459514859357449623e+00
-7.597556690671812163e+00
-9.037972974367130874e+00
-1.140971775650428022e+01
-9.635368205482038206e+00
-7.243284807345481191e+00
-2.957592082599910910e+00
-1.436719789932034752e+00
-2.432078680738620213e-01
-4.211436959003357572e+00
-7.917851537209939394e+00
-9.903320366648921791e+00
-1.104160990951512389e+01
-8.702479315725355491e+00
-4.439376194206833937e+00
-2.060697423694586750e+00
-1.525425018599520843e+00
-1.786638972471036091e+00
-4.888735407446393566e+00
-4.665969120441271656e+00
-3.937606053163548836e+00
-2.784710071538754050e-02
4.133179388516011521e+00
7.654729021990869242e+00
9.397698056889790763e+00
8.935455923355188901e+00
8.368692222341817200e+00
7.849660075299827788e+00
7.605464548973436933e+00
7.280600347430115526e+00
8.064281794396228165e+00
8.448009639403032622e+00
8.402673620617280292e+00
8.171345377412817967e+00
8.860627511614653784e+00
8.330420465467927471e+00
8.944359422799070813e+00
9.726979703959562684e+00
8.758562368460657055e+00
8.786045877164722739e+00
8.965141361259135522e+00
8.779750653659739612e+00
8.627325054654928493e+00
8.359761391292503063e+00
7.797458974688635358e+00
7.921701912985280813e+00
9.111962068092449130e+00
9.098909748124125230e+00
9.651162903725341025e+00
9.882569457994142326e+00
8.847566100660664290e+00
7.941823946874374762e+00
7.957816853198313112e+00
8.225725290603826068e+00
8.790429104402122107e+00
9.125270568835153639e+00
8.760834985941489350e+00
6.043365345436141567e+00
2.431334350591101146e+00
-1.561514643835426597e+00
-3.134054955010237897e+00
-6.089241343326178502e+00
-6.381750729352724250e+00
-5.170417566233900253e+00
-5.068049579091812085e+00
-7.403210933754240664e+00
-6.789201039227076961e+00
-7.796644901646603287e+00
-7.925178653058680744e+00
-6.980661949027223478e+00
-3.619687388981702725e+00
-5.194749641101404691e+00
-5.525293847606032038e+00
-5.257752577193089749e+00
-7.777268096538749731e+00
-8.546498279390865704e+00
-7.137891296769653060e+00
-8.796918827385560746e+00
-7.087584609370875199e+00
-6.201100144637823774e+00
-6.802486971295131468e+00
-7.269551996417101591e+00
-7.300597559844217876e+00
-8.001587537687763430e+00
-8.147181380516826721e+00
-8.524672338264130289e+00
-9.386991739256602685e+00
-7.425072349360282153e+00
-9.351797064364193446e+00
-8.044332089894597360e+00
-9.712916980228573749e+00
-8.510790854936901795e+00
-8.719070522028156134e+00
-7.137634265735921524e+00
-7.288097404566770798e+00
-3.838955545299513439e+00
-2.493452600830983634e+00
1.101101943658154614e+00
2.135513414011171562e+00
3.947487217635176737e+00
5.396108341102484829e+00
7.024408317062897034e+00
7.466220728201760970e+00
7.762438324347973762e+00
8.254707291550751336e+00
8.208917295110786938e+00
8.216009041966879423e+00
8.214888358936940804e+00
7.635405709296678722e+00
8.968920025886131242e+00
8.096952217371210736e+00
8.621651298973064925e+00
8.880991082756548138e+00
9.140684900717392480e+00
8.629016242831935912e+00
9.045057509326442258e+00
7.312463796777295855e+00
8.306796733613243333e+00
8.247787919496847309e+00
7.884562671941498735e+00
8.794259048023866043e+00
9.835305417202745204e+00
1.057979647376073906e+01
1.008037373893851907e+01
9.730145849592515717e+00
8.704876213725603051e+00
8.817640564070426734e+00
8.410788394055161987e+00
9.305430215502960678e+00
9.097341113550960756e+00
9.768341599979502021e+00
9.666804049748517258e+00
1.058205528069831303e+01
9.914013302118126703e+00
1.056811094029446352e+01
9.820450362928852428e+00
7.231244245740390930e+00
4.991487711627859092e+00
9.499044549002955140e-01
-3.863159196530114858e+00
-5.480925649871740468e+00
-7.347881614328859001e+00
-6.448422284121903658e+00
-5.663766455493502328e+00
-5.064974845065180808e+00
-4.364937350136784744e+00
-6.979548470655612569e+00
-5.468204916235741564e+00
-6.498569127302504356e+00
-7.129228661653701060e+00
-4.902052584017637216e+00
-4.561256089104993805e+00
-5.666619203444224873e+00
-6.087450013828127560e+00
-5.184812378259319843e+00
-6.833979865589201452e+00
-6.492345067989354845e+00
-6.588424115712325779e+00
-7.284095145341814792e+00
-7.742562444958950074e+00
-6.428299892649738112e+00
-7.452140745351695905e+00
-6.547602385749010878e+00
-7.127438848280700512e+00
-5.302398938336964740e+00
-6.460417936555002960e+00
-5.539504312449600398e+00
-6.856451058747914828e+00
-8.072652091616919989e+00
-6.867029968016617580e+00
-7.449770673949712929e+00
-7.257469853045425801e+00
-7.568914770884057397e+00
-8.962430875964335186e+00
-7.413532091786411371e+00
-7.228723623700664014e+00
-4.716593937966123029e+00
-2.408168305426891642e+00
6.379393395822068324e-01
4.125868419105603202e+00
6.318796761441850762e+00
7.857262075762217357e+00
7.968662599764298804e+00
8.410163199997443328e+00
7.907383541108503167e+00
8.465044275278001962e+00
9.587548645423122906e+00
9.286438012879377979e+00
1.037269983549735386e+01
1.018347864693333626e+01
9.943582938835991314e+00
9.675623613538691714e+00
9.866837769888281429e+00
9.984418256860520202e+00
9.674067061837630987e+00
9.355739510852364660e+00
9.812105321450793838e+00
9.553228367821516187e+00
1.079446341440670842e+01
1.019845019153063959e+01
9.419797800142912791e+00
9.698327873742362826e+00
1.007909315826444541e+01
9.299543226386344230e+00
1.039678373585059568e+01
9.692079855567238056e+00
1.012873879050595249e+01
9.915643637136271948e+00
9.452272541473398348e+00
1.038508592779648509e+01
1.146361879860959121e+01
1.032865062802427225e+01
1.055178422841411212e+01
9.124241967963602207e+00
6.609723359728019609e+00
4.445866447493806994e+00
2.060878426087760840e+00
-1.496662607836400483e+00
-3.239799078780423613e+00
-4.352435900959061854e+00
-4.447581782177446819e+00
-6.848874982595647865e+00
-7.484052203197876452e+00
-5.876827647115045572e+00
-4.868806019628749482e+00
-7.212914939896758248e+00
-5.590707536578478631e+00
-5.773014300973994040e+00
-5.921247125704771186e+00
-7.012870826260357404e+00
-7.681764310014527197e+00
-6.415079508685065157e+00
-7.128295667396327140e+00
-6.469413927768609796e+00
-5.461891650797892517e+00
-6.002595256080762276e+00
-6.180536601115949935e+00
-6.034505517183314183e+00
-6.383142508337201981e+00
-7.557708842419155637e+00
-5.563426811545225448e+00
-6.024012327523400323e+00
-6.160777539345980713e+00
-5.469303733587155492e+00
-6.041182262428992367e+00
-6.915256444590148099e+00
-6.727747946295708381e+00
-6.873661097437531176e+00
-7.046662622068303961e+00
-7.533010172127958093e+00
-6.978261304884079586e+00
-7.475514699681683695e+00
-7.777696707392570907e+00
-7.327825280952088960e+00
-4.711256886014697720e+00
-2.249311596161218674e+00
5.801956312844585018e-01
4.715756517734866371e+00
5.961656531771422962e+00
7.164120730549774052e+00
6.313041473196975062e+00
7.731748871966513725e+00
7.368367587782296724e+00
8.381484865873261469e+00
9.128731928367528781e+00
8.977848725075856962e+00
8.658719398749294527e+00
9.000646316083571463e+00
7.963979343899564078e+00
9.174530604156268865e+00
9.153968582971968360e+00
9.482357258550152324e+00
9.888520275005559412e+00
9.403811201328501568e+00
8.226129949747294390e+00
8.583910443237117605e+00
8.753606011062993630e+00
9.346556281339822192e+00
9.305524578269070091e+00
9.283858211971679708e+00
9.140874104327098237e+00
8.511284839600786967e+00
1.002113326734385979e+01
1.006874923704208946e+01
1.083469710573852751e+01
8.861274683640541383e+00
6.295656503274694060e+00
2.279163474768113762e+00
