-2.265925681807151904e+01
-2.265925681807151904e+01
-2.265925681807151904e+01
-2.265925681807151904e+01
-2.265925681807151904e+01
-2.265925681807151904e+01
-2.265925681807151904e+01
-2.265925681807151904e+01
-2.265925681807151904e+01
-2.265925681807151904e+01
-2.294133020931794675e+01
-2.475567797167355621e+01
-2.577209254360003854e+01
-2.574771280378316973e+01
-2.523272327981613827e+01
-2.473664270011013855e+01
-2.460232695120073743e+01
-2.484418373827667281e+01
-2.509604796494895140e+01
-2.530087099702384279e+01
-2.525818633687207537e+01
-2.510755425142549768e+01
-2.486081379596407359e+01
-2.481323095493153374e+01
-2.478593637061831245e+01
-2.494198765207685042e+01
-2.509029302349511070e+01
-2.503321480162855295e+01
-2.497239859825366182e+01
-2.478058982132932542e+01
-2.453474032112685066e+01
-2.435753393892446894e+01
-2.429113564406287296e+01
-2.411843472016195378e+01
-2.437599290706789290e+01
-2.464314647702006411e+01
-2.510352107939717925e+01
-2.558890736880717753e+01
-2.569808571538609954e+01
-2.531009017220190671e+01
-2.464393615577477092e+01
-2.385234718332489834e+01
-2.331698774157970533e+01
-2.350880465087184135e+01
-2.417135296262674515e+01
-2.514006977553696132e+01
-2.573080485431309583e+01
-2.540671849845757180e+01
-2.454980799277771197e+01
-2.344279462750734666e+01
-2.268162141224868478e+01
-2.262106909939434018e+01
-2.351124961898666754e+01
-2.447401494149108458e+01
-2.513653236838227656e+01
-2.514903151409049187e+01
-2.451601696638354255e+01
-2.362133945481625474e+01
-2.311113611309842142e+01
-2.303486610303407645e+01
-2.320025235940789798e+01
-2.337032326188607456e+01
-2.293445811131025636e+01
-2.164377822258738604e+01
-1.927873194597903250e+01
-1.596622201234055183e+01
-1.147490770322238163e+01
-5.202104710904154494e+00
1.559132933708287982e+00
9.722583095418666943e+00
1.707290154240937596e+01
2.356833438480348164e+01
2.657419272678517430e+01
2.851235583855144284e+01
2.837363317720751255e+01
2.811953018815539451e+01
2.773689250187099731e+01
2.935398866665299522e+01
3.026573880147054396e+01
3.181495846661114157e+01
3.328988202279217035e+01
3.456702402835462351e+01
3.474517131611442977e+01
3.615683977371831048e+01
3.735548308532764850e+01
3.763396490114287474e+01
3.792111959554826228e+01
3.718017967074732866e+01
3.545651204527869993e+01
3.333555645709459014e+01
3.177210330011356021e+01
3.088424241248169366e+01
3.053567492086192559e+01
3.059317185174485587e+01
3.124386003108043397e+01
3.121506223934744995e+01
3.123928400817260709e+01
3.109781964873925730e+01
3.080901010085781522e+01
3.044664922707249843e+01
3.061587276972375449e+01
3.055396268906101653e+01
3.060618820977395771e+01
3.120414247736550450e+01
3.145377262748492342e+01
3.152908441064186817e+01
3.160411862475100264e+01
3.135787372668944073e+01
3.107000552789924797e+01
3.104433716044841773e+01
3.106330927351853433e+01
3.146659427177858603e+01
3.182606801417018616e+01
3.178502617847312095e+01
3.190135858978378636e+01
3.190888033365580512e+01
3.181608177813967231e+01
3.216291940873018973e+01
3.239502943903035970e+01
3.254826157407460840e+01
3.222969036347293326e+01
3.174537279873804962e+01
3.140494205744279554e+01
3.154248359321401551e+01
3.251169845827686089e+01
3.417409904408420829e+01
3.609411118185016676e+01
3.794728385128288295e+01
3.931068862844317380e+01
3.978137542720106978e+01
4.054084054480814103e+01
4.092590602300293767e+01
4.142117809984782895e+01
4.217824821662070178e+01
4.301398438808065805e+01
4.343469833647816358e+01
4.341897893441054634e+01
4.345863380525486974e+01
4.321679453591234221e+01
4.350584310629429297e+01
4.356381115070265508e+01
4.405240061209520519e+01
4.512255407600336810e+01
4.589163657288272447e+01
4.522577557361037037e+01
4.431631992966594424e+01
4.182723595535986050e+01
3.749133921739930031e+01
3.238812635831934017e+01
2.669011637494023859e+01
2.125838581290912899e+01
1.483197526500375041e+01
1.039630256135948017e+01
5.376654211470954792e+00
-2.630279187203878877e-01
-3.337477490102423339e+00
-6.882532043121853960e+00
-8.181636512716190524e+00
-8.607850112807437171e+00
-8.280337632911370704e+00
-7.308855683923281887e+00
-6.942625853718203288e+00
-7.956348170928913888e+00
-8.240883295072961801e+00
-1.048516847221694803e+01
-1.120113624233218985e+01
-1.132654505212907026e+01
-1.256645782084638086e+01
-1.310505149627010013e+01
-1.349869387488145378e+01
-1.477418287046615397e+01
-1.528602485325352589e+01
-1.504625639124572345e+01
-1.483964685006978712e+01
-1.464763645503060552e+01
-1.447669792023498836e+01
-1.474923878254613641e+01
-1.595478992487730885e+01
-1.640202049622565639e+01
-1.663506859693300655e+01
-1.668202515422876786e+01
-1.656661299802910037e+01
-1.654109113042639834e+01
-1.685038835653726608e+01
-1.754757820659684242e+01
-1.796275332555240922e+01
-1.819638481370625627e+01
-1.818336516472344400e+01
-1.807114913366283204e+01
-1.810557599427280806e+01
-1.844298719193552571e+01
-1.877771762137421163e+01
-1.909041508752046568e+01
-1.910140302587100436e+01
-1.888900521348748995e+01
-1.857858104630606988e+01
-1.858893151362203966e+01
-1.883893183087316814e+01
-1.911148400845021911e+01
-1.927495867223689174e+01
-1.929371940199791169e+01
-1.907775364291711995e+01
-1.894713590946815174e+01
-1.895287566746216257e+01
-1.926538838762735040e+01
-1.950836912239564569e+01
-1.955501346922252282e+01
-1.935333077346153985e+01
-1.906576401399027176e+01
-1.896141138337662824e+01
-1.896267612490857957e+01
-1.910278352923592848e+01
-1.934243099769322072e+01
-1.941083942110196148e+01
-1.915891505687391572e+01
-1.896051658540256923e+01
-1.892417030235226605e+01
-1.910518823604072836e+01
-1.937911136094444586e+01
-1.954839685810433281e+01
-1.962701712045171476e+01
-1.942348609198295151e+01
-1.895739996123204918e+01
-1.892041918702802761e+01
-1.905316852521457349e+01
-1.923348817098484176e+01
-1.935995620839161901e+01
-1.943863458159838942e+01
-1.913049563930156438e+01
-1.890970094031322901e+01
-1.876808507583582042e+01
-1.890602967981359583e+01
-1.906175843498386158e+01
-1.916105603471838137e+01
-1.907897276759748806e+01
-1.896188690379831598e+01
-1.883355604294821006e+01
-1.890981757891869108e+01
-1.921758909973012663e+01
-1.935143217471152610e+01
-1.933391814058524361e+01
-1.916515426910281050e+01
-1.872733584422611841e+01
-1.851181916729001031e+01
-1.868525978643781471e+01
-1.889502757535367294e+01
-1.920886879898523958e+01
-1.935193062196861646e+01
-1.918849962960882038e+01
-1.880172770958810347e+01
-1.854067041745923916e+01
-1.873429734185472384e+01
-1.915647997494659549e+01
-1.941381940335264744e+01
-1.939630831374755715e+01
-1.930962395247519225e+01
-1.891455110784504967e+01
-1.880638432907633018e+01
-1.891623793766075323e+01
-1.924216216928694578e+01
-1.939227716700636606e+01
-1.919909732866973329e+01
-1.890755154168647678e+01
-1.869409494322365006e+01
-1.868730235975720433e+01
-1.912341975858131349e+01
-1.947385290858414564e+01
-1.964726202696504842e+01
-1.920278976241386815e+01
-1.856071821194137783e+01
-1.820985587775751213e+01
-1.842885485028166670e+01
-1.914950344065789523e+01
-1.962360736400719219e+01
-1.983175345978488835e+01
-1.907310927348640917e+01
-1.800240236245232950e+01
-1.714652891584769989e+01
-1.779826752720949301e+01
-1.960143698034880089e+01
-2.094034158464639006e+01
-2.092026344281374861e+01
-1.836524722726717940e+01
-1.288323533180749614e+01
-5.140345452874370835e+00
2.413191396930414623e+00
8.551639007354781441e+00
1.409174384143537750e+01
1.893533475255460630e+01
2.231170332288266067e+01
2.676830481898154446e+01
3.146803276434865637e+01
3.413348083897788143e+01
3.579018311515134343e+01
3.592836788435652551e+01
3.566679894847603549e+01
3.550981762181384482e+01
3.718228832639152870e+01
3.890833715460253472e+01
4.086851265921823284e+01
4.206540727624735609e+01
4.092005718493398092e+01
4.000908465930187674e+01
4.076039677033633524e+01
4.149553128873394314e+01
4.430299163293111064e+01
4.583552462548871631e+01
4.661448224575138966e+01
4.473654443057897367e+01
4.282749228816335574e+01
4.179704695803516046e+01
4.256354998815921675e+01
4.592838276718912738e+01
4.857502568592521186e+01
4.804009505496433974e+01
4.329001857491294203e+01
3.393275610725748237e+01
