2.488942662567010800e+00
2.488942662567010800e+00
2.488942662567010800e+00
2.488942662567010800e+00
2.488942662567010800e+00
2.488942662567010800e+00
2.488942662567010800e+00
3.352650813025226384e+00
2.526398339688319172e+00
1.700145866351411961e+00
-3.004003596473732163e+00
-7.515223369183832602e+00
-9.270401984131503070e+00
-9.192632016836903119e+00
-7.378797967928898416e+00
-6.430483051925891758e+00
-6.764136722092130682e+00
-7.797878792058847708e+00
-8.116608140981682595e+00
-8.796202141334415359e+00
-8.367276263152032101e+00
-7.225277399675755774e+00
-6.085084844415561633e+00
-6.237730629343508859e+00
-6.934697772321243292e+00
-7.409852303361248005e+00
-7.815034709996991680e+00
-7.562376866454674662e+00
-7.324261057639311900e+00
-7.426281919445770541e+00
-7.731093706733260795e+00
-7.357408118137077402e+00
-7.285011376738344424e+00
-6.745544387047662127e+00
-5.329406284086664058e+00
-4.717942397849337333e+00
-6.279338581758071136e+00
-7.043890036735851901e+00
-7.350853556275827927e+00
-7.938079811325619239e+00
-7.978418359816854100e+00
-6.815958255688373768e+00
-5.937106218179801331e+00
-6.794067831114243283e+00
-7.101741623621706800e+00
-6.351799818055773983e+00
-4.698329248921966794e+00
-2.652593854358680669e+00
1.265649496454489764e+00
5.404594338093058781e+00
7.681058374815620482e+00
8.433752653322928339e+00
9.324173369955671475e+00
9.252288552607485173e+00
8.364956786397589994e+00
8.305572696932228993e+00
8.729656009667754901e+00
9.073878670561130733e+00
8.852028709090760117e+00
9.740532729160584324e+00
1.003120900986126784e+01
9.782681747635844971e+00
8.995492760129179644e+00
8.821736631071830814e+00
8.590951903275056978e+00
9.001907503034138003e+00
9.963818581082461989e+00
1.123919895570962346e+01
1.136194158371027640e+01
1.075180062670693992e+01
9.339628420981487267e+00
8.418161909492358319e+00
7.884458006303756150e+00
8.147401462482621426e+00
8.774609769642276902e+00
9.531773323818624633e+00
9.904144994644335398e+00
9.675792097122240421e+00
9.270990099483585212e+00
9.015536993967069535e+00
9.197652927832438152e+00
9.473835892411853976e+00
9.245603076742966664e+00
8.338397991878553128e+00
6.389413898528275126e+00
3.760071506458217083e+00
1.134687485294386899e+00
-1.327059789698003422e+00
-3.782650839934652787e+00
-5.794685394812747248e+00
-7.426148079984550066e+00
-7.782588125733479245e+00
-7.854354733214958806e+00
-6.393304463396678905e+00
-5.608318739783837437e+00
-4.727566440283350602e+00
-5.468443727116611974e+00
-6.554973290340698533e+00
-7.631504285763067941e+00
-7.950102306256101592e+00
-7.129621316050571700e+00
-6.688566836180676489e+00
-5.704099535634077789e+00
-5.608049482257603913e+00
-6.400260708017852629e+00
-7.668900547719896821e+00
-8.011475918642720018e+00
-7.509763788235256143e+00
-7.343946168117168938e+00
-6.385357130299508910e+00
-6.113083652032706539e+00
-6.530093729233766631e+00
-7.967887439519848236e+00
-8.150878767309905015e+00
-7.427371810182886946e+00
-6.678297264844032632e+00
-5.989868522778561299e+00
-5.833402753919081363e+00
-6.477850977952412492e+00
-8.015030083000489469e+00
-8.272609199139298042e+00
-8.330237148204499675e+00
-7.957152022653444234e+00
-7.091842710539406625e+00
-5.380191960050963118e+00
-3.658948148626203434e+00
-1.602574206325109829e+00
1.102420018446269134e+00
3.795848877528962717e+00
6.080118407163952909e+00
7.367975784693893360e+00
7.756356925819789971e+00
7.378767963559268672e+00
7.104333749145443910e+00
7.003610065106036231e+00
7.516873993852052571e+00
8.371298674708270937e+00
8.804563934983894669e+00
8.627796577572024006e+00
8.388407846620319575e+00
8.605758470025206108e+00
8.941756040758228608e+00
9.951565316241714143e+00
1.100767087525487042e+01
1.083240354070083278e+01
9.642172242964658579e+00
8.844541811483630056e+00
8.246896647611912101e+00
7.776832630403252899e+00
8.157730339914641249e+00
9.579319729050714827e+00
9.916819479005061666e+00
9.419547768420580169e+00
9.365497878588337599e+00
9.292121717586638852e+00
8.560767184660008411e+00
8.572833512637025422e+00
9.557214223032502787e+00
9.899352458864955295e+00
9.287043323611126056e+00
9.538491116348939869e+00
9.785693828945055017e+00
9.188938618788801804e+00
8.628400518330339608e+00
8.253553004598723319e+00
6.518925671625023455e+00
3.420096512557776247e+00
7.820563442251593500e-01
-1.857172775387686769e+00
-4.910835247187836927e+00
-6.594181878442510580e+00
-7.075389566134530739e+00
-6.806520901384040201e+00
-6.760419000085367891e+00
-5.806229968828637844e+00
-5.479122145061618987e+00
-5.562863348804402364e+00
-6.966425291268834030e+00
-7.616674621397415024e+00
-7.668868621055693779e+00
-7.234657082997552280e+00
-6.312643634254664349e+00
-4.323837382332938795e+00
-3.558387370675021977e+00
-3.852152198201031386e+00
-4.705520881557851531e+00
-5.571559132874969400e+00
-7.332768964477928364e+00
-7.383836120583979756e+00
-6.186772957633275283e+00
-5.146870749583359661e+00
-4.904948458768610742e+00
-4.988778467534530137e+00
-5.687978034454337362e+00
-7.261672687528073489e+00
-7.678985062675382167e+00
-7.031001047926838332e+00
-5.906019136381786439e+00
-5.577615623673424672e+00
-5.515558610853125820e+00
-5.076406596439026586e+00
-4.807633242866608647e+00
-4.128239454879556902e+00
-2.800568195474530953e+00
-2.002462336493300299e-01
2.047814869394573467e+00
4.633110112937208314e+00
6.921722722696801000e+00
8.142668880269171794e+00
8.972054543913628777e+00
1.020880701049686756e+01
1.074453947987012903e+01
1.060954399783773638e+01
1.039063541736140017e+01
1.018828258264534981e+01
9.240516995372560771e+00
9.254938064644608886e+00
9.348738347779208979e+00
9.612273702106969964e+00
9.829698906929543512e+00
1.006395079659103331e+01
1.007146013340898705e+01
9.720076692023789988e+00
9.434262522761940772e+00
9.489532259276822757e+00
9.467436922765584129e+00
9.201326368123675437e+00
9.410933307974998385e+00
9.807681668346800663e+00
9.938064866439264122e+00
1.047464869259059306e+01
1.003466509985020494e+01
8.667453022640795979e+00
6.979196798823675607e+00
4.340733827650415932e+00
4.662374087178315918e-01
-2.190913352749881859e+00
-4.496348283073464458e+00
-6.602240492950194550e+00
-6.952894248533800337e+00
-5.961632759892533606e+00
-6.156919598818885397e+00
-5.813425995557128800e+00
-4.987268380894938069e+00
-5.727210465916525273e+00
-6.706100079970344296e+00
-7.062321932529076918e+00
-7.460376697190955753e+00
-7.921927234869855283e+00
-7.169068443108981725e+00
-6.093730955433273699e+00
-5.699270253098082328e+00
-5.075841874615735883e+00
-5.531295944649155416e+00
-6.537600159941672651e+00
-8.012925400400835230e+00
-8.501491137463094816e+00
-8.568147221547496528e+00
-7.880605541208496767e+00
-7.539812531406489882e+00
-6.744646562058669303e+00
-6.374335242853749861e+00
-7.139341282934652533e+00
-7.905035379345833668e+00
-8.392030566151545301e+00
-8.226144522909212498e+00
-8.295289607380578190e+00
-7.080253710442637072e+00
-6.179997993778353127e+00
-6.228658507812327549e+00
-7.609615945204599718e+00
-8.296561080062279103e+00
-7.890490341430990817e+00
-6.286376995456953942e+00
-3.773556946302317971e+00
-3.441380210412718910e-01
2.731595059477557985e+00
4.479759567364179240e+00
5.699461093554472058e+00
7.063543019525626576e+00
8.061259010623384569e+00
9.010580157593919282e+00
1.072391947061101547e+01
1.200338844581085596e+01
1.169148973344441345e+01
1.050316648351426174e+01
9.123318521800751313e+00
8.019405395372531942e+00
7.656761131608280202e+00
8.721623479229180020e+00
1.007029299817013523e+01
1.080463477642206449e+01
1.074118293210286801e+01
1.044560260265947171e+01
1.000597975402235207e+01
9.491915497806601820e+00
9.727359518584478337e+00
1.018755553035310513e+01
9.960288167061071007e+00
9.898004216600082117e+00
1.031292060744658023e+01
1.017479732263675629e+01
9.765038167227045207e+00
8.807725850432772674e+00
7.377088959116990807e+00
4.714850989731349529e+00
1.199805637306481376e+00
-1.424072142886642744e+00
-3.429436167331086693e+00
-5.168203650477513733e+00
-5.806399362905347417e+00
-5.104368384690397775e+00
-4.881240299173286168e+00
-5.171078995471394713e+00
-5.007585072324562958e+00
-4.516705369358839484e+00
-5.397073202905685818e+00
