-2.802204849356701999e+01
-2.802204849356701999e+01
-2.802204849356701999e+01
-2.809813202654643760e+01
-2.802534794170122368e+01
-2.795256385685600975e+01
-2.762921238110638456e+01
-2.741698099429279267e+01
-2.762686355232728630e+01
-2.798366682976852005e+01
-2.832366058049149871e+01
-2.829820215567311337e+01
-2.802061978075136395e+01
-2.768411138624234269e+01
-2.760208397904665389e+01
-2.774250219308899190e+01
-2.793220426331704331e+01
-2.811111346712210235e+01
-2.816455957296038903e+01
-2.805863651255337743e+01
-2.787114744019049439e+01
-2.782432319759700334e+01
-2.795576483006985313e+01
-2.813775627063466445e+01
-2.826395253911305261e+01
-2.821458617349500742e+01
-2.802914610010039453e+01
-2.783900099667751959e+01
-2.773426695741468961e+01
-2.787660027053106759e+01
-2.814210707533101186e+01
-2.845920731387874980e+01
-2.846116028227084982e+01
-2.828073066232106569e+01
-2.808312665184278956e+01
-2.808184660345605721e+01
-2.806680104494135364e+01
-2.818908971450455780e+01
-2.835160056647172766e+01
-2.835959265751407088e+01
-2.811193520399762846e+01
-2.807086930726959650e+01
-2.819609169038398733e+01
-2.818969476861402512e+01
-2.812207672715954132e+01
-2.814465260247128597e+01
-2.801615814238030566e+01
-2.767633726023404961e+01
-2.760042062901766258e+01
-2.797530078434127176e+01
-2.838328255451812865e+01
-2.855200853916285197e+01
-2.840363199992020427e+01
-2.800701360912934490e+01
-2.743506173982473939e+01
-2.720039520117434861e+01
-2.773382302780394326e+01
-2.864546426784797362e+01
-2.889288587733916103e+01
-2.769252118475198543e+01
-2.453363305985564580e+01
-1.954949725072205169e+01
-1.355051759445012394e+01
-7.241106803402897363e+00
-1.987769405861616434e+00
1.977215087405777005e+00
5.808892141971092826e+00
9.672424214205674886e+00
1.377712107775801087e+01
1.796273063317989127e+01
2.237409355513999998e+01
2.482081541875434283e+01
2.593224026263547444e+01
2.626274543841001829e+01
2.602585645964578376e+01
2.584363894536611994e+01
2.649841494115899110e+01
2.784219555782985722e+01
2.895042749967309348e+01
2.994100916438531357e+01
3.077849784350369333e+01
3.117351103236555687e+01
3.147047756981156041e+01
3.166302867363335238e+01
3.177404782312372689e+01
3.175230386200129473e+01
3.167879442598085760e+01
3.152960206834033841e+01
3.147392364894011152e+01
3.159833613919356310e+01
3.177752541316279533e+01
3.178284792693866834e+01
3.182243742836256573e+01
3.161728536291763803e+01
3.143259114149013556e+01
3.153837213943526407e+01
3.190652990760422014e+01
3.224897383761725678e+01
3.246059073041440968e+01
3.263012803375483628e+01
3.238681606568617610e+01
3.218557860763640122e+01
3.222084271720063953e+01
3.241595440989755161e+01
3.276873470361199026e+01
3.308962016008710805e+01
3.311522650108670263e+01
3.287419301996977339e+01
3.281215887541543452e+01
3.285122763006215507e+01
3.302864602971928321e+01
3.330267645601239224e+01
3.357453379351209577e+01
3.351513853934983445e+01
3.332352310740463963e+01
3.315936258242671641e+01
3.323272659755863856e+01
3.337818682441510276e+01
3.354077166110075581e+01
3.373408642474266372e+01
3.379965978133149918e+01
3.377638516903816424e+01
3.372200807581211279e+01
3.387999518814628885e+01
3.425381988166573421e+01
3.484826779489933557e+01
3.547700121555171648e+01
3.602344193573296849e+01
3.644435782069154328e+01
3.669442224252924944e+01
3.681606972120266619e+01
3.693620013514077982e+01
3.714758841814898460e+01
3.737236137586700124e+01
3.753918177555460289e+01
3.759634336324203474e+01
3.750578368279258967e+01
3.731674066507320475e+01
3.721957343893754455e+01
3.744785928031235045e+01
3.781893724835428117e+01
3.801241084228554712e+01
3.727033114016101223e+01
3.487541733344014716e+01
3.026700301568586582e+01
2.302350752497550701e+01
1.475921438934410546e+01
6.901511183760110413e+00
1.627914154031353533e-01
-5.108016269408909515e+00
-7.702537549089832680e+00
-9.214293193331167586e+00
-1.108816532486009265e+01
-1.272550137639062129e+01
-1.394121937089334118e+01
-1.576090967564738321e+01
-1.726663855226373556e+01
-1.729156353191279649e+01
-1.730290287550658945e+01
-1.817915420983414521e+01
-1.902236699928385733e+01
-1.961795738040996184e+01
-2.063318166544234700e+01
-2.134534500578755001e+01
-2.110881108700264974e+01
-2.088473021840472299e+01
-2.137331287245282851e+01
-2.217719031341017200e+01
-2.311750189304947867e+01
-2.406696179147844461e+01
-2.462678777159115029e+01
-2.457393690383934270e+01
-2.435421352171960407e+01
-2.434640358921223324e+01
-2.476007323722425113e+01
-2.540554536248345840e+01
-2.593192772256665890e+01
-2.611796018229551564e+01
-2.604077093040705293e+01
-2.591412292880611190e+01
-2.593620491458667843e+01
-2.620414376475553553e+01
-2.669123883830951627e+01
-2.703526265767939307e+01
-2.707858239684250634e+01
-2.693422703884515101e+01
-2.698143100099556335e+01
-2.727266332387097592e+01
-2.766852553836494977e+01
-2.798799298477471353e+01
-2.810894070072875195e+01
-2.800565606431621646e+01
-2.777398407449109641e+01
-2.773945468637831979e+01
-2.817555298579278755e+01
-2.873425485784974853e+01
-2.900020694054850168e+01
-2.883812759690438554e+01
-2.854913893929872515e+01
-2.834727542128416289e+01
-2.842454862925561088e+01
-2.890414958717530070e+01
-2.951134688299219988e+01
-2.967930657900053149e+01
-2.910414230118209389e+01
-2.832635390014442223e+01
-2.814046087117199946e+01
-2.878551693442264536e+01
-2.977847722944284214e+01
-3.028887067890439866e+01
-2.905864537685387816e+01
-2.448925457055650412e+01
-1.692358486149866081e+01
-8.229384568224720198e+00
1.784848864599695162e-01
7.129048654579744237e+00
1.119955945222595162e+01
1.348783850887383551e+01
1.530817553048712476e+01
1.696453006972710398e+01
1.949732227948355501e+01
2.218906922520694636e+01
2.414219975735104384e+01
2.514997297939115839e+01
2.562860834719444725e+01
2.537879856952612911e+01
2.545725603730492637e+01
2.612570475316289631e+01
2.690523208139070377e+01
2.797653519407016276e+01
2.874933750114460551e+01
2.897109953454585707e+01
2.898190539205412009e+01
2.901277550193938026e+01
2.884832310678788758e+01
2.909243291886566141e+01
2.908014109507366740e+01
2.891475809642032146e+01
2.900451683045629636e+01
2.905600882075332692e+01
2.895487806902423955e+01
2.911900029914127330e+01
2.938986442903612328e+01
2.939396227248926863e+01
2.961716988422193353e+01
3.004146150824931993e+01
3.031644010651148591e+01
3.042928797255844486e+01
3.051847608140662160e+01
3.036196864575052956e+01
3.006480989559378258e+01
3.008133499916294085e+01
3.035427223524537155e+01
3.089445008586285368e+01
3.133722366037906326e+01
3.156173448440258511e+01
3.147337557780096873e+01
3.116398718781824684e+01
3.086290209817737207e+01
3.089384284053123153e+01
3.121170430737967649e+01
3.145426464082976281e+01
3.157593498596293458e+01
3.152778340098407384e+01
3.131166998946651958e+01
3.103446210764771962e+01
3.106487717114014302e+01
3.135536834571357900e+01
3.160875855585043226e+01
3.163940400497767413e+01
3.151999553962277290e+01
3.146758516406419659e+01
3.167921363008228042e+01
3.223481666224349595e+01
3.305538800083234463e+01
3.387222198357847702e+01
3.432028161041142056e+01
3.452868512224435449e+01
3.486346839433963396e+01
3.525319174688702617e+01
3.515076201083255114e+01
3.391361196486096929e+01
3.081573525505679001e+01
2.536591639483732052e+01
1.736426749560497740e+01
8.601313670884099594e+00
6.263668209765720363e-01
-4.911135154968970795e+00
-9.126738568931830997e+00
-1.087187807974329168e+01
-1.129021117892663284e+01
-1.213116731012473259e+01
-1.427025394009505987e+01
-1.591207016139277819e+01
-1.744287646460682595e+01
-1.924187497352661680e+01
-2.024889594883213562e+01
-1.995917181231546422e+01
-2.047737374470504434e+01
-2.140833335909130142e+01
-2.212127653967163354e+01
-2.251140957360196282e+01
-2.310253768354447246e+01
-2.358203846472710552e+01
-2.357608861783545962e+01
-2.386804716466926024e+01
-2.462255970520337556e+01
-2.558375803964611350e+01
-2.617627685343040511e+01
-2.660821232865402308e+01
-2.686977104421585594e+01
-2.694211330753823930e+01
-2.683968703579122916e+01
-2.711016482066165523e+01
-2.760190435841942147e+01
-2.814918686628886135e+01
-2.843506941432923796e+01
