-1.350651042135678281e+01
-1.350651042135678281e+01
-1.350651042135678281e+01
-1.282491852447366298e+01
-1.050407307996344564e+01
-7.851861912423893308e+00
-6.800981309717875511e+00
-7.524820678231510129e+00
-7.836407546170894634e+00
-8.206680859966848374e+00
-7.985627192186224299e+00
-7.430139219259030092e+00
-6.033549737457414963e+00
-5.736851625906184360e+00
-6.397329776501734067e+00
-6.901317045811477868e+00
-8.755163700380567349e+00
-1.033939005805316214e+01
-1.075767412231043352e+01
-1.164019695353629835e+01
-1.125345422097034920e+01
-1.093263364866609422e+01
-9.939410527528416139e+00
-8.848320025939935718e+00
-8.357319751862979373e+00
-8.319096265632339282e+00
-8.867609053731206004e+00
-1.011416346508838160e+01
-1.253529447617914450e+01
-1.479152774139500615e+01
-1.648071910855754041e+01
-1.683245999126964776e+01
-1.567357029189575712e+01
-1.272433668875020096e+01
-9.193372600689064811e+00
-6.971969413297670393e+00
-6.019898646480490001e+00
-6.853094488177359445e+00
-9.209126601195283257e+00
-1.063757278227572911e+01
-1.039286412776561264e+01
-8.702492901776999190e+00
-6.582763370309017148e+00
-4.695886081454385241e+00
-4.755875417934558591e+00
-7.168083720969374184e+00
-1.003952256645605168e+01
-1.229030210357503528e+01
-1.290164426808589582e+01
-1.117697219433040878e+01
-7.875008501946519246e+00
-5.582099982372136004e+00
-4.578384554208826174e+00
-5.074930455372967053e+00
-6.943666303801551365e+00
-7.790640392223121324e+00
-7.940173968669478555e+00
-6.600327642400461770e+00
-3.796672235598175682e+00
-1.212133327683033945e+00
9.930061969495336260e-01
2.774829465167854448e+00
4.836383562745757203e+00
6.631680262994704478e+00
8.265321161596103750e+00
1.020971059849898310e+01
1.181070574161647890e+01
1.271620618278053882e+01
1.351869406768796722e+01
1.416046154437074733e+01
1.498088747049327196e+01
1.509320841487689790e+01
1.483649305851562517e+01
1.455210264704094492e+01
1.372131891452957575e+01
1.306015680060858131e+01
1.309953052239979066e+01
1.335277934533485578e+01
1.391509647340741651e+01
1.441244064828628524e+01
1.426917477707611681e+01
1.436736664183780121e+01
1.427740625113129269e+01
1.401744539747430451e+01
1.395213123729981319e+01
1.415685517549554184e+01
1.419476083966999447e+01
1.414330376627733799e+01
1.388591607502433334e+01
1.410864348201632801e+01
1.390385428726776063e+01
1.357254058505649930e+01
1.236513392216690832e+01
1.119087781620363309e+01
9.650490879989490622e+00
7.664208705844380631e+00
6.343459738172510853e+00
5.305759377824841749e+00
4.064912261353080147e+00
2.618342363691066321e+00
8.816871622954182142e-01
-1.452137864812133916e+00
-3.880601301496081401e+00
-5.875615055900455630e+00
-7.106217794962968348e+00
-7.657409971800673176e+00
-7.612969220400565895e+00
-7.726127773946481092e+00
-7.925199568640032055e+00
-8.413337332149042780e+00
-9.018859227979675097e+00
-9.720839330532120570e+00
-1.014523260278561878e+01
-9.897721865346666092e+00
-9.416818703370356758e+00
-8.634998969170986527e+00
-8.933176107167794200e+00
-8.723963065433165909e+00
-9.166738722583877674e+00
-1.027436127836240054e+01
-1.006882147781132453e+01
-9.324909513254283411e+00
-9.096101541239688615e+00
-9.092095483260536071e+00
-8.599817215765140688e+00
-9.785944780852220859e+00
-1.150498490537475149e+01
-1.267926179176806833e+01
-1.272376592070201617e+01
-1.198404050777899421e+01
-1.057561524270954756e+01
-8.820270525757610613e+00
-7.756042018667226756e+00
-7.450363954789267495e+00
-7.819347707196980579e+00
-6.942951968353525238e+00
-5.881717037950172866e+00
-4.025613334666192422e+00
-1.242869989471515613e+00
1.442933107951795968e+00
3.251707014737863499e+00
4.527151347025174744e+00
5.591375401437219672e+00
6.681574767922426439e+00
8.146258486909285779e+00
9.630273323485276649e+00
1.116975037497992496e+01
1.263680636632888543e+01
1.339019666932725094e+01
1.409225054888131545e+01
1.443119851384870955e+01
1.465708899423968958e+01
1.481723568236370525e+01
1.460862095599370214e+01
1.436030073135275842e+01
1.474188948428440860e+01
1.506854937214411549e+01
1.532743927551381979e+01
1.607799901024949207e+01
1.645209808909792315e+01
1.651387469888820902e+01
1.636330066190510379e+01
1.619905185391619185e+01
1.616023685605298255e+01
1.607767346407960929e+01
1.597897354117765900e+01
1.550638909491871331e+01
1.541581193878535672e+01
1.533508645677008886e+01
1.549106288598910552e+01
1.613419735618764861e+01
1.659226967592646318e+01
1.687696520963090308e+01
1.648431608628294498e+01
1.582354214925366520e+01
1.490592710560134826e+01
1.366131635481113982e+01
1.198502858293320905e+01
1.020869110579328343e+01
7.853120382088406792e+00
4.304410782035086314e+00
1.141691968727420292e+00
-1.962226060824005636e+00
-4.816617728761585226e+00
-6.819299167037663700e+00
-8.032656132111016589e+00
-8.151581908531836618e+00
-7.807507433660066276e+00
-6.764887033617569934e+00
-5.305065986813037426e+00
-5.126354812577430309e+00
-5.568681034108672101e+00
-7.377303164878573405e+00
-9.721411311338648886e+00
-1.132316924165488992e+01
-1.213876068120205431e+01
-1.165238779243770573e+01
-9.978503033841114700e+00
-8.844676293467555794e+00
-8.565465639340789750e+00
-9.360633156675108424e+00
-1.091868830513560162e+01
-1.134951831619001439e+01
-1.077934090904830811e+01
-9.040271774692083540e+00
-6.690463829556176911e+00
-5.329772928882779759e+00
-5.542168123352903208e+00
-6.258228098170034670e+00
-8.189503758498467789e+00
-9.130225208911495471e+00
-7.706342908151214033e+00
-5.112129004727570702e+00
-1.458524929270482939e+00
2.299067388160476177e+00
5.173735478542567101e+00
6.868730592675432511e+00
8.132042744903404952e+00
8.937618350594764394e+00
9.747891660016138715e+00
1.085445153355444958e+01
1.178916062444748114e+01
1.259998346248501733e+01
1.319295361743467510e+01
1.399448752508840066e+01
1.448099302069601002e+01
1.518342536433330636e+01
1.563169704353137668e+01
1.609516444167175209e+01
1.617192811174041722e+01
1.631212612724119637e+01
1.639885946349366108e+01
1.662381856870964114e+01
1.694006812141313389e+01
1.735612651358678704e+01
1.730456617213491910e+01
1.727673671791898613e+01
1.712292415033000381e+01
1.730026532490386160e+01
1.737865471016031194e+01
1.759662458326409151e+01
1.807583319892987106e+01
1.813611621837331711e+01
1.812102866327911244e+01
1.802079594285893194e+01
1.770455357545526809e+01
1.755382987670017769e+01
1.719972081276948472e+01
1.716104106576724320e+01
1.754218160644900593e+01
1.736826260174249370e+01
1.710435691118460966e+01
1.728833950268916908e+01
1.689998089772257117e+01
1.602728092643747715e+01
1.548010772802464885e+01
1.426357201620023218e+01
1.278925147290266473e+01
1.061064230203584735e+01
8.053593685475895825e+00
5.606213230361883681e+00
2.792129854502082509e+00
4.027852301437017113e-01
-1.238074729281159803e+00
-1.435155530544278690e+00
-2.059522714022062218e+00
-2.322438550081491915e+00
-2.145419780081617933e+00
-2.959921895842044126e+00
-4.146034440659081888e+00
-5.126065286713932245e+00
-6.160193616755066159e+00
-7.145311971985988109e+00
-7.853291245590991565e+00
-8.684577591733571467e+00
-8.935892508085780506e+00
-9.239117651343402571e+00
-9.394036799553902028e+00
-9.157084376832630213e+00
-9.325943539879462563e+00
-9.044296902976375563e+00
-9.237725370207058972e+00
-9.486166513707471992e+00
-9.251808298588462876e+00
-8.871892639270184233e+00
-8.513328130697361829e+00
-7.426512842944192450e+00
-6.274109167675016252e+00
-5.734984633904687712e+00
-5.210590773850339197e+00
-4.806368865968384974e+00
-5.325115297035718065e+00
-6.042417743912662509e+00
-7.111814533921151593e+00
-8.133997950260924981e+00
-8.933457041906679663e+00
-9.235794921593758033e+00
-8.924455530109268508e+00
-8.462884892724575892e+00
-7.874930919309316657e+00
-8.066966242445793966e+00
-8.406369189598914105e+00
-8.895578944745651029e+00
-9.348889640097953091e+00
-9.418485734945301502e+00
-9.038425669283547847e+00
-8.499994351396502168e+00
-8.256733278826404288e+00
-8.158623597255308724e+00
-7.685477484218392163e+00
-7.347132888392991390e+00
-7.257770815053238955e+00
-6.892200040130379790e+00
-6.783230848249128364e+00
-7.207655492709172051e+00
-7.466365650912760721e+00
-7.680654129410900310e+00
