-6.301430019080670242e+00
-5.926052747438069979e+00
-5.713905392352714330e+00
-5.809790502170625537e+00
-5.946637506746244917e+00
-6.321748522939684811e+00
-6.003649061083509153e+00
-6.219965742141861043e+00
-5.939403826447355428e+00
-5.084850620980343905e+00
-4.749583492922865524e+00
-4.724739006395700436e+00
-5.573750961432705431e+00
-6.083682184987508457e+00
-6.302929565211999652e+00
-6.164724585937021217e+00
-5.701196456011062175e+00
-4.920898352523058961e+00
-4.731050258631039895e+00
-4.970896792354119853e+00
-5.144188771385713288e+00
-5.079700643382640379e+00
-4.092033182280810699e+00
-2.999859587128488325e+00
-1.673512830954526409e+00
-8.685801322706254712e-01
-8.045957128225139643e-01
-1.560576718543537744e+00
-3.099635162915556741e+00
-4.247654404994352539e+00
-4.859357045505353412e+00
-5.487680331059666905e+00
-5.777086536577603404e+00
-5.768545635059723509e+00
-6.158770231922026994e+00
-6.332907674919337815e+00
-6.447850468744730890e+00
-6.345166245871054045e+00
-6.119424252577025491e+00
-6.064585377055362159e+00
-5.508797367594132410e+00
-5.049149667437347055e+00
-4.633150116128295970e+00
-3.420440958941030729e+00
-2.022855085268647546e+00
-7.239225910426120292e-01
1.189733555533369902e+00
3.186137185371022085e+00
5.193510103625247787e+00
7.391579467949941140e+00
9.197720115092405280e+00
1.047750197366463709e+01
1.097290722752362768e+01
1.005241100278957234e+01
8.653635033798293463e+00
7.428184188722302572e+00
7.166324367288948061e+00
8.046749246238173114e+00
1.033052086636621603e+01
1.286842587073954114e+01
1.465142726718250721e+01
1.491828350551620197e+01
1.419174213883237634e+01
1.295132672975974941e+01
1.182360583294968492e+01
1.111559379347189314e+01
1.102878108159810822e+01
1.099461233760512080e+01
1.037965576933945222e+01
9.118321773915216255e+00
8.323350813409797766e+00
7.504598429774803847e+00
7.048482373758081287e+00
7.301721692980053469e+00
7.705187538039022677e+00
7.848234438796252377e+00
7.742963062839254285e+00
7.556226073984985803e+00
7.584572383147629715e+00
7.331105365997419021e+00
7.166222369587690544e+00
6.085312598544398988e+00
4.123104023407183405e+00
2.180200835596233233e+00
-4.783053422084764250e-01
-2.640179738035336676e+00
-3.161402651484565229e+00
-2.998062068130965319e+00
-3.045417713824838390e+00
-3.334261454221351784e+00
-3.837196590545029373e+00
-5.256949378683001051e+00
-6.948855314440419484e+00
-7.285784052780674536e+00
-6.620616757695026777e+00
-6.264274986234171116e+00
-5.606022608529590556e+00
-4.638055788636544108e+00
-4.819263098194104700e+00
-5.225452943945549933e+00
-5.618653769885625593e+00
-5.541413519250895980e+00
-4.995798411522794247e+00
-5.211822184018807924e+00
-5.358600347904975969e+00
-5.154705594873298935e+00
-5.295777198428883281e+00
-5.488852661435805302e+00
-5.167458142030499246e+00
-4.428485209814560619e+00
-4.492112772845415769e+00
-5.082706311231914853e+00
-5.621326424621813977e+00
-5.938915620962209374e+00
-6.273109844100305033e+00
-6.242151119904550072e+00
-6.311962456450447512e+00
-5.894774230341665699e+00
-5.963689794107128961e+00
-6.432434902156036749e+00
-6.566548718847006860e+00
-6.528543393559270491e+00
-6.110428968822250617e+00
-5.464730502023892100e+00
-4.129013090880810033e+00
-2.382514640619498358e+00
-6.436082623643053502e-01
1.071667030361121542e+00
2.909240899178231921e+00
4.242591680015618039e+00
4.741410978797272691e+00
4.612707017454765079e+00
4.322890702559650578e+00
4.438349539983874159e+00
4.534660247727735793e+00
5.039038298724848985e+00
5.968575054317522444e+00
6.710910150538337504e+00
6.783476636757336031e+00
6.585072450392880583e+00
6.318474125378038764e+00
6.063771081406195584e+00
6.087121901029938442e+00
6.319125938704258871e+00
6.966545359910364610e+00
7.519080135060987935e+00
8.034336149078015410e+00
8.600472142923043961e+00
9.401621491434891453e+00
1.044007655779357435e+01
1.146528276853927686e+01
1.210081939576229715e+01
1.273494206358401115e+01
1.301681865727534237e+01
1.282056987289646699e+01
1.253194157008762666e+01
1.236541956808635589e+01
1.195262743131925021e+01
1.114277351438075492e+01
1.032244258985367580e+01
9.749222524512703103e+00
8.140684132634863346e+00
5.897345530282855464e+00
3.718419349370337024e+00
8.432396034942288843e-01
-1.733504383290355166e+00
-3.596346505658040371e+00
-5.446670738572786163e+00
-5.876380909367409089e+00
-5.081892574693757325e+00
-5.069507280463261267e+00
-4.469176107330676828e+00
-3.586392417900231777e+00
-3.897823799442401427e+00
-4.364100028428388178e+00
-4.432731512690415876e+00
-4.250507965618995243e+00
-4.396039794046314064e+00
-4.747651509516390256e+00
-4.833020711245660905e+00
-4.618421860290534475e+00
-5.088757333019039208e+00
-5.580452037154776335e+00
-5.281454703843455611e+00
-5.225286100243349274e+00
-6.266976665363043431e+00
-6.439193712691940519e+00
-6.113536115172857777e+00
-6.245256130520859372e+00
-6.470762463054080982e+00
-6.188738634379882697e+00
-6.516330438469034370e+00
-7.196702667536348130e+00
-7.604092503147544591e+00
-7.268196991731096901e+00
-6.429454175842966634e+00
-4.921205691517623215e+00
-3.309874418742806856e+00
-2.382611335105251360e+00
-2.178185023091447015e+00
-3.165482476198774542e+00
-3.737304854125124365e+00
-3.558659608959501952e+00
-2.381903173881083635e+00
1.596499807776201596e-01
3.189874725488531126e+00
6.174014982042542954e+00
8.013811601099554593e+00
8.747709770209160851e+00
8.915958170591796517e+00
8.475409398334413424e+00
7.982006413982547954e+00
7.918608229515202268e+00
8.317457502988119700e+00
8.731583649050415730e+00
8.595560698923241816e+00
8.265669907764070956e+00
7.542717955465739088e+00
6.550371562224746036e+00
5.586003254516701766e+00
4.921071654346834023e+00
5.260062772949977372e+00
5.587865364870678420e+00
5.835247200730059980e+00
5.996154287484154466e+00
6.138289103825923299e+00
5.631561104452804223e+00
5.242509561694211229e+00
5.693561561681930172e+00
6.062246680866968163e+00
6.205355492609919033e+00
6.025191602168019855e+00
5.106703061598689253e+00
3.136878414404586479e+00
4.371111543364059049e-01
-1.966006521745703450e+00
-3.850471416582669448e+00
-5.006154564345719038e+00
-5.946659748806000678e+00
-6.193683046600414244e+00
-6.438408232177779134e+00
-6.615047755726796375e+00
-6.908031769050273496e+00
-6.715431426734342679e+00
-5.954242182660956395e+00
-5.774439258802279262e+00
-5.827107975685880348e+00
-5.507188584485874117e+00
-5.576745781116938083e+00
-6.334953038693989846e+00
-5.960968866719305481e+00
-5.610026773158839575e+00
-5.629613061867031476e+00
-5.535058962475310373e+00
-6.228027541398083677e+00
-6.788369078125262135e+00
-7.513965161627702116e+00
-7.491314207345547871e+00
-7.324795760443168824e+00
-6.964558758670269079e+00
-6.039060253104962861e+00
-6.065038821655363677e+00
-6.889992127799626331e+00
-7.186735030961147963e+00
-7.300825209411813788e+00
-7.202635113051279347e+00
-6.851243496928154819e+00
-6.134325730073958205e+00
-5.955634882745093783e+00
-6.128812097752841304e+00
-6.558281558199810846e+00
-6.851030137156437050e+00
-6.768019710589624260e+00
-6.129298695164541400e+00
-4.616847229531187757e+00
-2.357389800924588386e+00
-4.861023146193345079e-01
1.252338534952506910e+00
2.583660270790267166e+00
3.606906721313689168e+00
4.264568827434623621e+00
4.609314589473689772e+00
4.784534708119867474e+00
4.715163849052633971e+00
4.729420358608377839e+00
5.001808957397750000e+00
5.276435911389063094e+00
6.339444407000145887e+00
7.438387901114785095e+00
8.282549534151106840e+00
8.641571028203708593e+00
8.897853196769773376e+00
8.767296556429247545e+00
8.664727027821227168e+00
8.840750397681539141e+00
9.223928006289405346e+00
9.389767000183262269e+00
9.267646975447700441e+00
9.010565989545225918e+00
8.532671859741052245e+00
8.468994181197357918e+00
8.891819894061130825e+00
9.585930413177475629e+00
9.758046255487498044e+00
9.405944542283554810e+00
7.562975987345321727e+00
4.690396289032969790e+00
9.502974458406932001e-01
-2.214401624622975184e+00
-4.056794865761323088e+00
-5.644300379335493112e+00
-6.193635279849657671e+00
-5.692524886263536033e+00
-4.312495899477626793e+00
-4.312495899477626793e+00
-4.312495899477626793e+00
-4.312495899477626793e+00
