8.384486153934736508e-02
1.643860386982377131e+00
9.632857512719775750e-01
-3.520672352553022133e+00
-6.867070806974471253e+00
-8.964044865604067880e+00
-1.118123292545853786e+01
-1.192546110693205108e+01
-9.456427577381694149e+00
-7.018836939083942461e+00
-5.981108609329819359e+00
-4.661184404635390521e+00
-2.999691057149480589e+00
-2.386267141732585362e+00
-6.950327619612559626e-01
5.952355250840301037e-01
5.282116621297758829e-01
4.860179747556119256e-01
-2.166512135968721608e+00
-3.362073420625621534e+00
-3.871204941859441195e+00
-5.295832211013275170e+00
-4.093828534841029487e+00
-3.449909368330330128e+00
-3.200603680773815185e+00
-4.567121023603544216e+00
-3.935390207366792570e+00
-3.682594712149416250e+00
-3.920765825778621760e+00
-2.393933686934566651e+00
-2.153935143143039799e+00
-3.274417362261885511e+00
-3.915217035992017980e+00
-5.233494583820982982e+00
-6.145186553529913276e+00
-4.766789185420025277e+00
-3.751181736483350626e+00
-2.399901351703397800e+00
-1.343908024036349902e+00
-2.598794930745485399e+00
-2.791978995895705307e+00
-3.074657348718278449e+00
-2.414534363738890743e+00
-2.563579037535032246e+00
-1.143064819153365441e-01
2.598948792704005029e-01
4.574034692979739303e-01
1.302117505581872337e+00
7.013805351674711197e-01
7.341507103039009996e-01
1.794844919435688357e+00
2.506144470662725166e+00
3.803248941521880866e+00
4.295800703431002177e+00
5.830389687792356668e+00
6.611785892586110158e+00
7.122554266028199521e+00
7.870114222223771883e+00
7.160873174123772777e+00
6.313932617119339952e+00
5.459862215680367115e+00
4.539294430152310156e+00
4.160008991784794219e+00
4.584270755181091062e+00
5.179760620999479315e+00
6.404632036137675399e+00
5.993290184769215934e+00
6.569360918496856883e+00
7.132464962092520899e+00
7.749855158232906049e+00
8.849694829144896246e+00
9.508939264775799316e+00
1.015551299634883264e+01
1.053986097251355858e+01
1.098432176586059228e+01
1.160341305144623369e+01
1.238696825518433720e+01
1.325150727693342567e+01
1.410112622290412965e+01
1.404476316527355095e+01
1.364748158036284131e+01
1.260407374424609905e+01
1.187093785422057124e+01
1.072624075716928083e+01
8.858355581279612423e+00
6.405041717191235939e+00
3.773383709010193598e+00
1.223826763591579825e+00
-1.109032789287209164e+00
-2.613199375998281671e+00
-2.576279055552134878e+00
-3.434626558443957478e+00
-3.793783026025201455e+00
-3.233747484743977552e+00
-4.638111076590403670e+00
-6.012573370328467171e+00
-5.510094394055437661e+00
-5.904844807607781298e+00
-7.206159170817052484e+00
-6.105834111953814869e+00
-5.922062464503778045e+00
-7.131030333759613704e+00
-7.085301918842767499e+00
-6.861902590390882573e+00
-8.746099296116284449e+00
-7.451056771484923402e+00
-8.265269755534076168e+00
-7.073108369624975467e+00
-6.606155569577365938e+00
-5.942839092412026680e+00
-4.760515068442735753e+00
-5.152031473843897480e+00
-6.302678291984669556e+00
-7.728179860287615277e+00
-8.432975186602087447e+00
-1.007151328007565638e+01
-9.506351986928116560e+00
-8.898364294884299142e+00
-7.997539385144673219e+00
-7.543128424295779233e+00
-6.835447638208725252e+00
-8.285197168724446115e+00
-7.677177098375950415e+00
-9.240612701926769645e+00
-7.607996602768528405e+00
-7.728865504693446908e+00
-5.891275826095362156e+00
-4.049718922128007215e+00
-3.032206007800041903e+00
-6.423411273650980746e-03
2.238557089035611902e+00
4.977864004172960044e+00
7.178027982540618801e+00
9.079058815460744114e+00
1.068639927858327709e+01
1.083720795120752101e+01
1.187775952010717084e+01
1.177946410744464423e+01
1.211388275568460671e+01
1.292560453202138149e+01
1.215728588990324610e+01
1.226137744246083727e+01
1.248701422965072361e+01
1.235198345183613711e+01
1.314569556197763234e+01
1.306567745151598814e+01
1.280805803328838088e+01
1.279869555025075378e+01
1.110763816151676409e+01
9.938254266388083735e+00
8.920485526457714087e+00
7.644174300576543679e+00
7.627796966823271241e+00
8.192696044268879874e+00
7.674876739419159932e+00
7.217027742912669019e+00
7.213765516018398216e+00
6.340934998526334354e+00
6.280866804031546735e+00
5.798148584433819863e+00
5.714583997208078081e+00
5.657534414904237252e+00
5.952159001789269155e+00
5.214210997438462059e+00
4.498486025656805332e+00
3.565492630003864960e+00
2.392772636929979324e+00
7.892081499403876821e-01
-1.573755367150258544e-01
-2.621977391807434721e+00
-3.517770548009240716e+00
-5.416064919781188536e+00
-6.362048468118041811e+00
-7.420793409246378758e+00
-7.734773690435006621e+00
-8.289510578664852858e+00
-8.273303978001600001e+00
-8.507094476057137200e+00
-9.509325972041574815e+00
-9.343188195407314822e+00
-9.322902423063982980e+00
-1.013730760569941403e+01
-8.859088668241406950e+00
-9.411385936229891058e+00
-9.440161930989711792e+00
-9.609689243413164661e+00
-9.693720559780755863e+00
-8.618454851225891389e+00
-8.844707951057229067e+00
-6.386539070288928421e+00
-5.572925929005757339e+00
-5.555554300397591128e+00
-4.876048492822685709e+00
-6.853574757305819887e+00
-6.649230849694702350e+00
-6.959658941874875104e+00
-8.298519135089581056e+00
-6.404751086704810525e+00
-7.024157753662406023e+00
-8.003719460019096843e+00
-6.836828292024270226e+00
-8.355051158487244223e+00
-8.433676587323867935e+00
-7.906046715830891358e+00
-6.512650067881232907e+00
-6.438797662881650119e+00
-5.460805616754888625e+00
-3.502713054715983709e+00
-3.028087957251001772e+00
-1.426402469589079791e-01
1.685915450428280948e+00
4.481183876036777036e+00
6.159279824692580618e+00
7.228993927744726378e+00
7.696702431795952037e+00
7.815004207920901003e+00
7.832885420651163777e+00
8.466928261046810178e+00
9.682225757129526045e+00
1.042247911963668017e+01
1.116523340666100950e+01
1.107064129875336533e+01
1.108375217116411093e+01
1.121483207412656569e+01
1.122204928766742427e+01
1.145404456814251937e+01
1.156223704527071483e+01
1.230539203040383889e+01
1.177390719611731562e+01
1.189290584188128186e+01
1.202589119714892263e+01
1.191840809477328200e+01
1.234414609268715246e+01
1.118370860925104004e+01
9.929645584547438730e+00
7.032212378408122078e+00
4.318767892251391238e+00
1.054533095118027175e+00
-1.109641998570576327e+00
-2.547718732389247176e+00
-5.065314687839384433e+00
-5.587817014377343128e+00
-5.141427830215500094e+00
-7.288043676980716867e+00
-7.697494563569555304e+00
-6.841891312327859076e+00
-8.712474055787847504e+00
-7.097330914949636416e+00
-8.040407253370215557e+00
-7.756303724961352231e+00
-6.654317688346698567e+00
-8.243413352936890703e+00
-8.278432652669968306e+00
-8.303246043563285994e+00
-1.018497889407770174e+01
-1.060115603477763635e+01
-9.840962615347104148e+00
-9.393258720434889852e+00
-9.379709544576311231e+00
-7.514468608372589564e+00
-6.747305453934393071e+00
-7.446263796653882494e+00
-7.156370893306422509e+00
-7.618385477048005505e+00
-8.856586204251817307e+00
-8.258906304832731138e+00
-8.051823346015794414e+00
-7.178806886193521919e+00
-7.618770377736368893e+00
-6.647460583155865521e+00
-6.449154481783605064e+00
-7.477314289695598859e+00
-7.096962744815686897e+00
-6.962546145934663144e+00
-6.226465405112695528e+00
-3.121093863304051474e+00
-7.423458728809286811e-01
2.123231384612040529e+00
4.212136715691157107e+00
6.499985697480560098e+00
8.064298884078876739e+00
8.221682022230742959e+00
9.046684804615328090e+00
1.007554532013282511e+01
1.070939203084417457e+01
1.104931129496024766e+01
1.079336779287873149e+01
1.038647410023455642e+01
9.132581813187991671e+00
8.617897799333441355e+00
7.936342582180174077e+00
7.412785229586717151e+00
6.831051181203530831e+00
5.719317115685641717e+00
5.901338483592990514e+00
4.802669892835110588e+00
4.066725128539233403e+00
4.875840048882511546e+00
4.491367358859704950e+00
5.039504045610016192e+00
4.458195996489264346e+00
4.062874756662013809e+00
3.478580677577133962e+00
3.167591186741385734e+00
2.358480170155987210e+00
1.869465579890169593e+00
-5.546872097239455290e-02
-8.899174763832777835e-01
-3.582739361478906925e+00
-4.685989847171439848e+00
-6.109598198791484691e+00
-6.550894399049039585e+00
-7.471404970027388792e+00
-7.471404970027388792e+00
-7.471404970027388792e+00
-7.471404970027388792e+00
-7.471404970027388792e+00
