-1.116558243835762454e+01
-1.282733295941134344e+01
-1.399192010625898241e+01
-1.407877690274565552e+01
-1.346494821076151638e+01
-1.266608750469302791e+01
-1.182266653718971305e+01
-1.157982085539791051e+01
-1.212931230146013561e+01
-1.273720801064993147e+01
-1.307736617800566670e+01
-1.307891404488369425e+01
-1.319804015766061767e+01
-1.321923208342278500e+01
-1.348544831460032967e+01
-1.419194116264652372e+01
-1.465195585436220860e+01
-1.490958792763972163e+01
-1.470374017665132982e+01
-1.427487660721161156e+01
-1.423740306122278731e+01
-1.410412547314609277e+01
-1.416973899860909292e+01
-1.454951538999488925e+01
-1.467017496770567853e+01
-1.466500272079076161e+01
-1.448398683514290575e+01
-1.456419760404708086e+01
-1.470054356740274670e+01
-1.497058388870538259e+01
-1.523623266541586396e+01
-1.525919886758401489e+01
-1.528882727304450562e+01
-1.501596649336098466e+01
-1.486686222321342576e+01
-1.503696583236822626e+01
-1.530963404339219913e+01
-1.549657392003886436e+01
-1.565698212074853402e+01
-1.575232331590971313e+01
-1.573396933911557838e+01
-1.575001087193572680e+01
-1.585611699326113744e+01
-1.609468185832401943e+01
-1.630768958258602197e+01
-1.637706760464668321e+01
-1.624577906626047508e+01
-1.645051269775093061e+01
-1.645147632288941963e+01
-1.639368716191521003e+01
-1.652730840091042452e+01
-1.662097024400631540e+01
-1.664469248919760958e+01
-1.651398030899884972e+01
-1.658419929654415981e+01
-1.685688987724170929e+01
-1.709092709682795430e+01
-1.717285914938294766e+01
-1.747102488605156978e+01
-1.736499727824493888e+01
-1.708391292411705109e+01
-1.649465776269364881e+01
-1.619647566387412141e+01
-1.615285767380709103e+01
-1.632202839461178812e+01
-1.659710223406689167e+01
-1.694576451139396056e+01
-1.690695994808041647e+01
-1.568545232587874239e+01
-1.323521935893975510e+01
-1.062072346691537739e+01
-5.978311916657981229e+00
-4.234983371860521206e-01
4.222008080099680427e+00
9.084653404287893252e+00
1.255536979024720168e+01
1.567686598433944489e+01
1.690845775907087045e+01
1.733589209380289731e+01
1.813029821454107449e+01
2.013288585440669820e+01
2.092706766923960870e+01
2.313717862689590632e+01
2.615693567287144461e+01
2.650614831906922930e+01
2.773208392931425337e+01
2.840224929530660347e+01
2.747828476226070293e+01
2.786972566252976335e+01
2.742544148578409136e+01
2.736386832782552858e+01
2.781192382830600707e+01
2.801900763203992284e+01
2.715670551020873447e+01
2.765803232616541507e+01
2.767696899675178557e+01
2.789096237449373916e+01
2.812613374961262380e+01
2.994516797516603290e+01
2.998184720216554666e+01
2.951373786001400390e+01
3.017700869209799563e+01
2.946563727819368239e+01
2.896666620117067481e+01
2.989630999175111725e+01
3.005667875637259101e+01
3.086055239832727892e+01
3.148243948327205999e+01
3.049107438906892753e+01
3.050732189039850795e+01
2.856774133305645336e+01
2.771533299230216940e+01
2.805845771711964431e+01
2.821612873934800447e+01
2.990362899539608321e+01
3.124784385528768382e+01
3.265807401059809223e+01
3.261736534457217118e+01
3.234814004756488970e+01
3.125318691284405759e+01
3.061920416368129594e+01
2.961964670084540074e+01
2.974358515313740270e+01
2.994481076076928971e+01
3.013356925437882694e+01
3.000908232339966020e+01
3.026613425176809713e+01
2.900695880503959145e+01
2.897686341379979780e+01
2.873728786757503784e+01
2.933076429888166103e+01
2.923147911823613043e+01
2.969180473753432992e+01
2.942136989305435790e+01
2.896591376758330938e+01
2.914913999969677505e+01
2.805611649917035422e+01
2.815730285958129286e+01
2.916784880767380983e+01
2.838816355396430069e+01
2.839718822210686611e+01
2.861506612020782114e+01
2.699763196120551711e+01
2.622807873458414818e+01
2.661522120098924304e+01
2.642666715283604617e+01
2.696793551314521054e+01
2.717965419831661933e+01
2.592184491381102518e+01
2.289119592776447831e+01
1.696719181867667814e+01
1.038744474119281591e+01
3.176374142829560654e+00
-2.535612293349154278e+00
-6.927137936653187111e+00
-9.524246882866775010e+00
-1.082073288305450198e+01
-1.179463237259325581e+01
-1.300265949950263789e+01
-1.417804296701031141e+01
-1.547690588849692084e+01
-1.645473381559382986e+01
-1.711243926147216854e+01
-1.745699743344513877e+01
-1.752047803676778415e+01
-1.788298614762465988e+01
-1.884201611015276967e+01
-1.923799125414958766e+01
-1.945168738239883766e+01
-1.999716707459345955e+01
-1.982755697014088980e+01
-1.994665499556388966e+01
-2.037117236475912563e+01
-2.106316009892960750e+01
-2.144290457945074024e+01
-2.184360411109672739e+01
-2.183480242304263541e+01
-2.198754848297295084e+01
-2.207279617513416170e+01
-2.228009835711861442e+01
-2.267539805286998345e+01
-2.301905558495953130e+01
-2.322815667469082612e+01
-2.318202862678392151e+01
-2.308828628435509600e+01
-2.322438018682469973e+01
-2.344262794129853944e+01
-2.372170360589724325e+01
-2.399625276751469727e+01
-2.415604086056122668e+01
-2.418345454242914983e+01
-2.415286556440531029e+01
-2.427270379956518909e+01
-2.460195820397516897e+01
-2.487198223296395128e+01
-2.512848185142129864e+01
-2.512462420613375258e+01
-2.511203963254905958e+01
-2.505059460789003722e+01
-2.516232271479751859e+01
-2.548145217079479963e+01
-2.579889096192201237e+01
-2.588302158378913020e+01
-2.574178635791820113e+01
-2.574661424875479554e+01
-2.589709187173082228e+01
-2.612609542000968688e+01
-2.625825961176901302e+01
-2.641054802527243694e+01
-2.647592433280819790e+01
-2.629170782312255028e+01
-2.570773249192581744e+01
-2.542278227972485638e+01
-2.471223877161235905e+01
-2.234859800131380325e+01
-1.913505565534662267e+01
-1.437844004728836644e+01
-9.076567979199902325e+00
-3.372395891976757820e+00
7.746748157689433700e-01
3.524901286537152068e+00
5.907444522514550656e+00
6.903958832378138233e+00
9.073035643132440597e+00
1.075314692156639573e+01
1.371360766326132818e+01
1.516204533773399987e+01
1.556018502049335694e+01
1.638644245095067475e+01
1.492461509471658765e+01
1.488034282736161451e+01
1.485992765668437698e+01
1.435744400696060019e+01
1.610051148573127477e+01
1.661325962368381681e+01
1.642432276079848918e+01
1.733571552328290721e+01
1.778616018460851222e+01
1.727918685792096554e+01
1.779544981983918817e+01
1.708856924318560289e+01
1.752187368357533259e+01
1.647299919823769088e+01
1.656935513624637579e+01
1.690434614893240806e+01
1.681526739026763551e+01
1.763031324730278016e+01
1.772989673326852511e+01
1.747709986046750430e+01
1.793456996056713137e+01
1.670627445138654821e+01
1.710949643249754715e+01
1.781469891743412859e+01
1.762123100877727211e+01
1.876670696833757646e+01
1.907486698023012650e+01
1.985998038816893541e+01
1.934888636022438391e+01
2.022608319437608770e+01
1.908658768041653886e+01
1.755682581436344947e+01
1.740657786216646485e+01
1.620068455382343586e+01
1.525753277127885710e+01
1.677848054897411956e+01
1.742179340288159395e+01
1.858779377014380430e+01
1.809786980579117710e+01
1.773382071527679926e+01
1.655246573078935768e+01
1.572314065913463921e+01
1.510191327965398678e+01
1.570214515840428504e+01
1.674686225503661774e+01
1.747740038504455740e+01
1.669039292706269606e+01
1.647115693008991855e+01
1.538457244451332784e+01
1.409441326387816318e+01
1.373865281851879772e+01
1.499847163862159505e+01
1.519307693957241412e+01
1.525615071863478178e+01
1.651159344045909805e+01
1.578529833490666334e+01
1.524244595644874067e+01
1.429302230771071258e+01
1.335415106268420260e+01
1.083545409583551944e+01
7.832304750449244679e+00
2.974527722898276494e+00
-2.346153624798963833e+00
-8.239793308124475857e+00
-1.341405029267374438e+01
-1.708114344957285979e+01
-1.991733940149269344e+01
-2.147670255655170024e+01
-2.287864410367296131e+01
-2.371621400967138271e+01
-2.488158366253166776e+01
-2.622562457043701656e+01
-2.704429633852933890e+01
-2.783441172104925698e+01
-2.782671773907637558e+01
-2.831937272563529362e+01
-2.832463802954273646e+01
-2.872602281070750863e+01
-2.917931675196755492e+01
-2.985018900237749762e+01
-3.000501434576555937e+01
-3.001451745033926954e+01
-2.441334737941578226e+01
-2.441334737941578226e+01
-2.441334737941578226e+01
-2.441334737941578226e+01
-2.441334737941578226e+01
-2.441334737941578226e+01
