-5.827458390928512699e+00
-5.454489025449012374e+00
-5.143933559855136117e+00
-6.252202223933529979e+00
-6.774115886076121917e+00
-6.416002346140555090e+00
-5.004040705030801561e+00
-5.317976564302901998e+00
-5.994095446887375722e+00
-5.428219570324287702e+00
-5.499953495680574456e+00
-4.607876083995829042e+00
-5.041108139636171437e+00
-4.820164765045461763e+00
-5.509750226810480100e+00
-6.122448974361576646e+00
-5.481317077621879363e+00
-4.444294273678095486e+00
-3.864223204987970561e+00
-4.180942667057452766e+00
-5.086123196609539932e+00
-4.762129029710612471e+00
-3.834499958075497261e+00
-3.401610480337897702e+00
-1.301789132710797325e+00
-1.484052678480928811e-01
-6.812045842958727171e-01
-2.174840034620974194e+00
-4.146950321449806687e+00
-4.440325560424245310e+00
-4.742847564294162765e+00
-5.520316351603373306e+00
-6.125883064001205192e+00
-5.907343610550970681e+00
-6.786621480182120081e+00
-6.860034083634747759e+00
-6.031445926238449218e+00
-5.558652314359141755e+00
-6.302727235757347835e+00
-6.613022179372454623e+00
-5.540924917534132632e+00
-4.595416738363891973e+00
-4.975507332795334747e+00
-3.902007575583009480e+00
-2.041313102813225200e+00
-1.182662747812040616e+00
8.368545221202274842e-01
3.411670112111449882e+00
5.747445949940386711e+00
7.941442882079069676e+00
9.442627064733905229e+00
1.064393094515637195e+01
1.157324468015521823e+01
1.031625216740602013e+01
8.627988037632956519e+00
7.050413786405110628e+00
6.746933326119119556e+00
7.333288147484543273e+00
1.042986486967681259e+01
1.309160327364757315e+01
1.410975484517035561e+01
1.493122585224958598e+01
1.400382182402230669e+01
1.276774840479444251e+01
1.244139719734769756e+01
1.172843498392607309e+01
1.104201018061286454e+01
1.069928086159561609e+01
9.767536933448988989e+00
8.736309840758154976e+00
8.850570022648948765e+00
8.365295701583981725e+00
7.736949580736894205e+00
7.635387966283313510e+00
7.679023514305762355e+00
7.794142886314967988e+00
7.942878880061178926e+00
7.808439694660741281e+00
7.786554637512410615e+00
7.007125638614434493e+00
6.830605264531192766e+00
6.224902475978606908e+00
4.019198165648665722e+00
2.522681023293686486e+00
-2.624986568667067033e-01
-2.860887331255457244e+00
-3.114409738438915998e+00
-3.025510433403086452e+00
-3.431331438422186686e+00
-3.936764271820035077e+00
-3.854092637048520675e+00
-4.854345666489379596e+00
-6.897808897634116754e+00
-6.920726143581942935e+00
-6.185461311368618986e+00
-6.341584734524224665e+00
-5.709066096954291680e+00
-4.678702923275466219e+00
-5.143925989100260665e+00
-5.397628116255806852e+00
-5.837031300850747506e+00
-5.805119195372581586e+00
-4.725481646820440140e+00
-5.019804828725066947e+00
-4.954999212131256492e+00
-4.637319081758879413e+00
-4.669306914857091151e+00
-5.335532516796018143e+00
-5.059559161578681241e+00
-3.330029307479613898e+00
-3.615607822272646210e+00
-5.430273898464066384e+00
-6.357515082987565513e+00
-6.377187181109266412e+00
-6.256386420279476113e+00
-5.865059540260298299e+00
-6.319006135362474019e+00
-6.270437009307307186e+00
-5.862702684934102848e+00
-5.771396357437228453e+00
-6.032493087952228272e+00
-6.471434893278931177e+00
-6.234297131284852078e+00
-5.794889664487483216e+00
-5.232641642767514867e+00
-3.385158205602623926e+00
-5.685936318364421815e-01
1.590956989974086078e+00
3.282120314912974735e+00
4.489911534045824659e+00
4.680841674396024388e+00
4.516530009585361327e+00
5.112728734684555576e+00
4.888545103402141656e+00
4.379495550123792214e+00
4.425463375026203572e+00
5.761973487819130213e+00
6.720056414887456420e+00
6.761379817555511984e+00
6.766879569851919740e+00
6.785373402644178320e+00
5.902382394481448635e+00
5.735256048162789000e+00
6.685610851723034820e+00
7.445444548372377902e+00
8.274563904531289538e+00
8.672307819986762922e+00
7.928146359125382681e+00
8.520978560048602546e+00
9.712432122884557373e+00
1.141837000679016079e+01
1.238225639038848769e+01
1.316733892441315135e+01
1.301180865796763442e+01
1.220169640401018540e+01
1.312219975651695414e+01
1.300728345830766131e+01
1.162493385199126195e+01
1.072693139689318187e+01
8.968146026625685607e+00
8.795099313903993021e+00
7.620511075690179048e+00
5.621164909025320178e+00
3.902486170966042334e+00
9.780723769361512332e-01
-2.365315582430326469e+00
-4.056232542559899734e+00
-5.915498458043267682e+00
-5.875785190484631215e+00
-4.679843306837701888e+00
-5.107266848589095964e+00
-4.601203348327763898e+00
-2.614101236729818645e+00
-2.864371957122516577e+00
-5.198288741090474119e+00
-5.076272573423727508e+00
-3.945823294653800772e+00
-4.105750204333737940e+00
-4.786482642208220284e+00
-5.269342529181901824e+00
-4.135565845686958397e+00
-5.146485445744739096e+00
-6.059388548379451400e+00
-4.958202547572318153e+00
-4.770403645081641386e+00
-6.076684454896579268e+00
-6.069946596235048730e+00
-6.590942786951488941e+00
-6.823472038155332875e+00
-6.827229454972417955e+00
-6.734505281216059736e+00
-6.766696852068845303e+00
-7.089683042502558763e+00
-6.956862257284420537e+00
-6.889874880709464300e+00
-6.249407597765839206e+00
-4.623735336916793059e+00
-2.659774028152270375e+00
-1.336651482087181542e+00
-1.335839599813783751e+00
-2.915069939952888323e+00
-3.298520051465613001e+00
-3.514160535473737301e+00
-2.700811308268081135e+00
-1.964967153585843729e-01
3.079373389591901766e+00
6.446703593415805678e+00
8.621244293438717676e+00
8.795549918149047741e+00
8.600246949139807029e+00
8.531183921883439325e+00
8.197562430935397160e+00
8.172544514376124170e+00
8.724301658790553304e+00
8.805008993619667379e+00
8.875105541309521229e+00
8.608169138802079345e+00
7.716818640237601556e+00
6.437375132562496383e+00
5.423891637172822300e+00
4.804886486383176170e+00
4.942444947386243292e+00
5.428293512014506383e+00
5.704056020163013052e+00
6.073143381741535229e+00
6.270875879948655474e+00
5.106285708599795470e+00
4.865311154161094720e+00
6.338568194994374849e+00
6.883708408037700899e+00
6.668791776078299094e+00
5.726516492617996335e+00
4.115845428485036095e+00
2.806223671327697122e+00
7.733544405684296130e-01
-1.597743896641401706e+00
-3.726364746899968772e+00
-5.475116937144677287e+00
-6.012870814402461406e+00
-5.660475476595978606e+00
-6.177649020364159860e+00
-6.390614847848863356e+00
-6.568969707705485384e+00
-6.747623843235733609e+00
-5.946827529353839736e+00
-5.470895639343937411e+00
-5.665372469807061329e+00
-5.780486839190291271e+00
-5.034808417196536823e+00
-5.648186092929395663e+00
-5.931680640155281736e+00
-5.578599991444217032e+00
-6.015943562731354888e+00
-5.473975276419457359e+00
-5.731968128729939771e+00
-6.455942678741669383e+00
-7.132537584063478597e+00
-7.396091664288745093e+00
-7.393207962844724257e+00
-6.997900520917064604e+00
-6.397116771369703692e+00
-6.741874667503446439e+00
-7.003606812481385724e+00
-6.699902858979037035e+00
-6.957081220171749791e+00
-7.135213987223403720e+00
-6.723586164565064749e+00
-5.845680636899992066e+00
-6.060702838738137643e+00
-5.750802415759705077e+00
-5.975315020793029674e+00
-6.532325116484600791e+00
-6.369901106888416820e+00
-6.095140882358366596e+00
-4.590989311807581075e+00
-2.322446572689604416e+00
-7.616950146186982629e-01
1.678354112345255666e+00
3.108887242405747209e+00
3.422017240844956731e+00
3.987793338142817223e+00
4.705589386088865567e+00
5.249920786983806487e+00
5.069109490936047457e+00
4.809414295719951049e+00
5.131832531859545021e+00
5.570496872668780242e+00
7.592997874407218184e+00
8.510106951928484875e+00
8.145789807165447982e+00
8.290773805567678068e+00
9.165691314588098493e+00
8.635011836362712856e+00
9.185957737371548859e+00
8.966200491145059459e+00
9.305484023162554408e+00
9.527823785649989219e+00
9.138848503888997499e+00
8.752109157527536709e+00
7.594240976800957554e+00
7.778226565628770572e+00
8.835878826410823450e+00
9.172363746086112712e+00
9.869154517313585728e+00
9.610930386762298383e+00
7.860033038427662433e+00
4.832893319756713879e+00
1.164210176172761901e+00
-1.323708253977375904e+00
-3.477398920664995785e+00
-5.604375052699550608e+00
-5.833449424984292975e+00
-5.158505902924118480e+00
-2.950601428748781618e+00
-2.950601428748781618e+00
-2.950601428748781618e+00
-2.950601428748781618e+00
