-1.507391514808380073e+01
-1.548748456634756820e+01
-1.531190838381166408e+01
-1.500485401862873758e+01
-1.487887245914857459e+01
-1.498651941730194892e+01
-1.527493352907000457e+01
-1.558117616863167143e+01
-1.569940007702989604e+01
-1.557875325712914005e+01
-1.540448217213603854e+01
-1.537987013596733021e+01
-1.561910048147808361e+01
-1.592239262424656054e+01
-1.611150079779931943e+01
-1.619927894699157278e+01
-1.609121954920438213e+01
-1.598453042492184473e+01
-1.596606096815986220e+01
-1.611925374459788785e+01
-1.637108031369179884e+01
-1.658074772391218588e+01
-1.667584281158651294e+01
-1.671212139742772251e+01
-1.674392540039896815e+01
-1.680781617781964599e+01
-1.696484187498198537e+01
-1.729621875896890870e+01
-1.767059357026579391e+01
-1.790317737229575101e+01
-1.793668505251863010e+01
-1.784562613437325851e+01
-1.767195582929782205e+01
-1.744546244857405171e+01
-1.734641439145918440e+01
-1.740600362453052696e+01
-1.754186059712640144e+01
-1.759253065487589751e+01
-1.755478625891191413e+01
-1.750390785828930262e+01
-1.750382645682737959e+01
-1.754225584468512267e+01
-1.766824585669280978e+01
-1.786335267317334186e+01
-1.803186808494956850e+01
-1.814066875110409072e+01
-1.821241098642804346e+01
-1.833296162808101570e+01
-1.847980965529762898e+01
-1.851570559711834107e+01
-1.848591793578230735e+01
-1.838325053683047372e+01
-1.825018518842339077e+01
-1.828524718731890175e+01
-1.854605977655254634e+01
-1.897417390484159228e+01
-1.928541829419338427e+01
-1.919312252699894472e+01
-1.873977516833202017e+01
-1.816239048284623436e+01
-1.785000085617804899e+01
-1.812533803999659554e+01
-1.897123279700287668e+01
-2.007930615591808632e+01
-2.088675682564230129e+01
-2.105677512773462468e+01
-2.053395505487078765e+01
-1.952551498758937143e+01
-1.817367743089756615e+01
-1.631660713319151412e+01
-1.349446105220506986e+01
-9.196923129989452050e+00
-3.289786366933060258e+00
3.615308269582504064e+00
1.033613663126368465e+01
1.579434629380429023e+01
1.933450625278041457e+01
2.112605434693620410e+01
2.182272608054557139e+01
2.237300246479645693e+01
2.326583346560456533e+01
2.449787163915602406e+01
2.568361015087505805e+01
2.641305537952771232e+01
2.664830594569874478e+01
2.676437428480349467e+01
2.700322050931796269e+01
2.744712322237996460e+01
2.806259644260776653e+01
2.836546485531777506e+01
2.816738249380981784e+01
2.775693846057099989e+01
2.747545938546006639e+01
2.766917606172888711e+01
2.846488971376812671e+01
2.962829847622521129e+01
3.062736791375018797e+01
3.106126852388030457e+01
3.098237502085349249e+01
3.063808027384934718e+01
3.025934027657516268e+01
3.011331071002773285e+01
3.018891082659143166e+01
3.030242749424295567e+01
3.036297463341707825e+01
3.030177352834481752e+01
3.027378956172326951e+01
3.042452466208488815e+01
3.065581638129842545e+01
3.085387477062364070e+01
3.091391809430674087e+01
3.076488679491622591e+01
3.056981665647943913e+01
3.048759020072736448e+01
3.058831059155685139e+01
3.085798987579596186e+01
3.118462683200154828e+01
3.144519374921433297e+01
3.156932714624256775e+01
3.160381431306182520e+01
3.165559856221683077e+01
3.172680819967960986e+01
3.179561050436930003e+01
3.184481402582639831e+01
3.181451226266878862e+01
3.176101621500599492e+01
3.179171823641483741e+01
3.190554856107304005e+01
3.209810297101525123e+01
3.237497255472781887e+01
3.264868035018498205e+01
3.288159196876223689e+01
3.308681030952500635e+01
3.330627723163583909e+01
3.348548051644576873e+01
3.357703242293774082e+01
3.360980652289524784e+01
3.360117730835434458e+01
3.353494180339509967e+01
3.342961772311764435e+01
3.322892820860793961e+01
3.288519458930747419e+01
3.255575150618827251e+01
3.242965966621392226e+01
3.259518838027031506e+01
3.297701984790924712e+01
3.304540209374130910e+01
3.198336601631747200e+01
2.893747918901235749e+01
2.365168983785265056e+01
1.659128231044376633e+01
8.940300319763245795e+00
2.210913257777359142e+00
-2.496573171342405306e+00
-4.937453989552428979e+00
-5.763832905046870181e+00
-5.993449633882907079e+00
-6.567868578766933751e+00
-7.908298336373564830e+00
-9.853015019055638035e+00
-1.188665548925290238e+01
-1.351761474586657563e+01
-1.462718321960867307e+01
-1.545878671567938589e+01
-1.614462274385796192e+01
-1.677684834842138883e+01
-1.734171209760614119e+01
-1.781675235764815568e+01
-1.817925486736046281e+01
-1.853090487332626068e+01
-1.904545695455963639e+01
-1.978427578844004131e+01
-2.047481799577066397e+01
-2.093009336769899775e+01
-2.105528315290268537e+01
-2.091932463916995388e+01
-2.084893372804557288e+01
-2.101309714922143357e+01
-2.140728617552344915e+01
-2.195932882077170945e+01
-2.240600123688717815e+01
-2.261556907210413669e+01
-2.269924178813472437e+01
-2.282301872706439738e+01
-2.308835328399137410e+01
-2.354694338004894760e+01
-2.395374137866759057e+01
-2.420858438780178545e+01
-2.431968867942768497e+01
-2.434223256849157480e+01
-2.445337544991806311e+01
-2.475099424916792756e+01
-2.510939215442683192e+01
-2.535265715732080594e+01
-2.546254211345785023e+01
-2.547817627393576601e+01
-2.550975931964697097e+01
-2.569042461596396976e+01
-2.599397085052544654e+01
-2.629042649422751410e+01
-2.641220974917768061e+01
-2.633543365265299840e+01
-2.622071797673585536e+01
-2.628662649444843780e+01
-2.661699287158085170e+01
-2.702522259646773506e+01
-2.729213000464386241e+01
-2.730382005456540995e+01
-2.708532857201154087e+01
-2.693724047826324863e+01
-2.712794231382887489e+01
-2.763732494656689909e+01
-2.802096491741104600e+01
-2.765312398103275626e+01
-2.601957013548794251e+01
-2.300082077743305575e+01
-1.887245267048502129e+01
-1.413389917953913333e+01
-9.219510058084784632e+00
-4.230267779042796050e+00
7.641113721124330738e-01
5.688882520190333025e+00
1.028599446115126170e+01
1.411777984411201992e+01
1.665796332357678722e+01
1.783253525468417422e+01
1.810933110479922092e+01
1.800372273794689448e+01
1.812809519630406285e+01
1.874985593503527070e+01
1.970280945841417974e+01
2.047222185339525069e+01
2.076860167246625011e+01
2.070122727283046871e+01
2.054573056215962268e+01
2.065833271258462744e+01
2.117065565540817573e+01
2.196615170037484788e+01
2.264161248426840345e+01
2.287765520536011721e+01
2.264931135784863514e+01
2.223259832533692659e+01
2.189594999426387645e+01
2.174843221386557346e+01
2.184220033420470841e+01
2.199553757966366163e+01
2.198931968899808354e+01
2.173982927979308499e+01
2.141281153792422387e+01
2.120769768506394470e+01
2.119244781590153792e+01
2.132438845592183441e+01
2.151994797442271334e+01
2.163355141511071267e+01
2.154539701394687157e+01
2.139375880090484827e+01
2.135720040649408702e+01
2.151769380759532524e+01
2.183944062898704530e+01
2.219952081560429491e+01
2.244794037597122482e+01
2.250314992277731108e+01
2.236820071722494774e+01
2.213045082459734658e+01
2.195627259413361543e+01
2.201063033088749776e+01
2.217616620026223018e+01
2.230635219014303772e+01
2.240680151756253835e+01
2.237161463199051070e+01
2.219488543439696926e+01
2.195902964910536781e+01
2.182493574400075076e+01
2.184170764280135657e+01
2.192662115288079860e+01
2.195654372265499177e+01
2.206073207380059387e+01
2.223525677973157855e+01
2.239031830665063794e+01
2.257686731498992927e+01
2.280304568510848640e+01
2.292986342799821031e+01
2.289833273358706478e+01
2.282588102812439601e+01
2.293376749256628955e+01
2.328636732516067909e+01
2.354530212153050783e+01
2.302966535834728035e+01
2.094332526188471633e+01
1.669097954683795137e+01
1.027769316047313453e+01
2.539984381963710014e+00
-5.144488350585115555e+00
-1.151553339409808885e+01
-1.594485288896297348e+01
-1.843504022760271965e+01
-1.976140010674068037e+01
-2.074429757970480992e+01
-2.186840150126528215e+01
-2.316217769411450789e+01
-2.435359273134707792e+01
-2.510253208004811754e+01
-2.548626325695236616e+01
-2.581966529573039892e+01
-2.621108822778153069e+01
-2.667269554401552156e+01
-2.715337007825135629e+01
-2.741593746365030171e+01
-2.727340868184190725e+01
-2.703181811659184675e+01
-2.721706679084286051e+01
-2.637160560567713219e+01
-2.637160560567713219e+01
-2.637160560567713219e+01
-2.637160560567713219e+01
-2.637160560567713219e+01
-2.637160560567713219e+01
