-6.939304953623503636e+00
-6.939304953623503636e+00
-6.939304953623503636e+00
-6.939304953623503636e+00
-6.939304953623503636e+00
-6.939304953623503636e+00
-6.939304953623503636e+00
-6.939304953623503636e+00
-6.939304953623503636e+00
-6.939304953623503636e+00
-6.939304953623503636e+00
-6.939304953623503636e+00
-6.209223572018678361e+00
-5.753103453055059546e+00
-6.754232744261887689e+00
-6.953632034660819805e+00
-7.873433634836688455e+00
-7.679853731229822067e+00
-6.706226376640801234e+00
-6.213964296970535095e+00
-6.609104530050051274e+00
-7.333701693064801574e+00
-7.618701515583799377e+00
-7.504045058170074611e+00
-7.358327009115532391e+00
-6.439690309855937933e+00
-5.725427949086902224e+00
-6.921564325509762305e+00
-7.835543696543782133e+00
-7.307375798163731062e+00
-7.548669366853450136e+00
-6.740947508387733933e+00
-6.519986235412972064e+00
-5.908861331958648933e+00
-7.305147658085706652e+00
-7.825602692795457394e+00
-8.544692036335909791e+00
-8.045088353650207580e+00
-7.364538044777164671e+00
-6.536357159396623651e+00
-6.331298369629598355e+00
-6.928600150536595947e+00
-8.778936440722182155e+00
-8.537130452401859415e+00
-7.928522814844637168e+00
-6.037045437262922754e+00
-2.342026538782269629e+00
5.032845569399451158e-01
2.850438358621939727e+00
5.235122230697562884e+00
6.094233427846693196e+00
6.672319587619717218e+00
7.445169271859362503e+00
8.228779112378706628e+00
7.627287391443088538e+00
7.392574506063374074e+00
7.574427730807681058e+00
7.253768363773350991e+00
8.021216141531160915e+00
8.942258478697775459e+00
9.288058504937030335e+00
9.524018739475982542e+00
9.182509792998219567e+00
8.053135708647005231e+00
7.821314823795696647e+00
8.261975541639539955e+00
8.997086481474147135e+00
9.270004054968836726e+00
9.056284591376012827e+00
9.112617369940855028e+00
8.334363981677011424e+00
7.695068411510288087e+00
7.352045589048255003e+00
8.175267528579288623e+00
8.352032044493910234e+00
8.483486950243715796e+00
8.681954980323107307e+00
8.715942065216163215e+00
9.643868510367312297e+00
9.499477812967134227e+00
9.875701027611983207e+00
9.349558456184922761e+00
8.183058144902393138e+00
6.335749897128456709e+00
5.078018382943016995e+00
3.921482078298213825e+00
3.121146610382475650e+00
1.423974836553695722e+00
-6.731877074234459135e-01
-2.886511943957839499e+00
-4.377888993365803394e+00
-5.258126833689391155e+00
-5.572546805430814487e+00
-5.673035848547358206e+00
-5.403274250358730768e+00
-6.413264872445375353e+00
-7.491792068533777105e+00
-7.806889633571072018e+00
-7.641336996508223400e+00
-6.513626954838967364e+00
-6.558300920735367079e+00
-6.362569813131346841e+00
-7.195636150812236842e+00
-1.036844576585371769e+01
-1.213448961455225827e+01
-1.177205881794433040e+01
-9.978365391558130071e+00
-6.987496161698035557e+00
-5.454195999389675364e+00
-5.032268645276685604e+00
-4.620490630038887048e+00
-6.616095917638162405e+00
-7.932546393073684143e+00
-7.939989550526690643e+00
-7.488654011309172631e+00
-6.766111685115469676e+00
-7.138251260129666598e+00
-6.722724556870886659e+00
-7.216006095915419749e+00
-7.651629684122006836e+00
-7.081765125887216072e+00
-6.970861052300234562e+00
-6.416028632818975730e+00
-6.347446245544332122e+00
-7.093816787286915115e+00
-7.110496277233302465e+00
-5.565769592219475648e+00
-3.030342352377784820e+00
4.963401332007377764e-01
3.048327815967665444e+00
4.686163509825914453e+00
5.254680965118866176e+00
5.499504128765066113e+00
6.071634989821541595e+00
7.348577487307148992e+00
7.885674047366102890e+00
8.515138343355298289e+00
7.954118011943773325e+00
7.455924414292367075e+00
7.486051618002153241e+00
7.642434060933922524e+00
7.745308993099717654e+00
8.733384772223248049e+00
8.750312582821518248e+00
8.241231417848057461e+00
7.770525982489244754e+00
7.963900046911333241e+00
8.588640593594986328e+00
9.563562784774154224e+00
9.987273420944266178e+00
9.831410015457903384e+00
9.626600366732871450e+00
8.662551590416095237e+00
7.617370783885959895e+00
7.509148000881035401e+00
8.336025039524491476e+00
8.934820329382887394e+00
8.274577289541094061e+00
8.673868043679165751e+00
8.729036992815451868e+00
8.751911338697365039e+00
9.934987625343312700e+00
1.071944187689676475e+01
9.716009969678944813e+00
7.703286200274614082e+00
4.935797130582474601e+00
1.398412322051038270e+00
-1.834692153589152275e+00
-2.711067409872785383e+00
-3.532669283011322214e+00
-3.639833319339569329e+00
-3.078736380015818952e+00
-3.822112554068834989e+00
-4.255968941462207056e+00
-4.815709773763002133e+00
-5.043442493546157479e+00
-5.125954080408319236e+00
-4.801736975507167493e+00
-5.097793662998792996e+00
-4.967395613507050278e+00
-5.162215598071668410e+00
-6.066663967390986123e+00
-5.709362107891617022e+00
-5.737523075010456886e+00
-5.345578594592403476e+00
-4.531385114463188479e+00
-4.395701809741644261e+00
-4.557293634775346547e+00
-5.631448769984479519e+00
-6.355667207275020658e+00
-6.605824322178466268e+00
-7.125216311588297380e+00
-7.035794937631579593e+00
-5.929654122561375473e+00
-5.133947285727940901e+00
-5.034854694958568189e+00
-5.535546297151681117e+00
-5.757400621105801974e+00
-6.295738688792408055e+00
-6.152647137395939936e+00
-6.329695214660426394e+00
-5.886593023529469448e+00
-5.702893807504294088e+00
-5.431632885971712454e+00
-5.725073044751266771e+00
-5.790010304711636024e+00
-3.250137399031819641e+00
-1.212714018085881085e+00
9.397643662270677156e-01
3.926824425587523759e+00
5.708323935071540234e+00
6.479501273333165834e+00
7.091129580588594550e+00
8.626770439784511524e+00
9.174324246126566607e+00
9.316249433102855804e+00
9.032789063783717154e+00
8.937154698015167043e+00
9.193066985587885043e+00
9.403107844013360861e+00
9.685096397542100277e+00
9.873045787111244920e+00
1.006297640820612393e+01
9.836799123235083542e+00
9.133666837175466569e+00
9.466865802283507492e+00
9.657399296027801228e+00
1.010049267868833311e+01
1.013566259285868476e+01
1.045955877522796307e+01
9.482577627540571541e+00
8.558118971961555133e+00
8.938828507472548424e+00
9.822382629295857370e+00
1.160544901391974726e+01
1.311734413403332056e+01
1.272408265539205985e+01
1.133226246826774108e+01
1.053664566708284056e+01
1.046584970865580821e+01
1.043905456560766254e+01
1.090659908058083971e+01
1.119852609727962722e+01
8.385998882815020039e+00
4.524344237581748196e+00
1.400165222725883174e+00
-2.466766057867065154e+00
-3.786626473596311104e+00
-3.092180550952624785e+00
-2.664511233789224498e+00
-2.937165923827285585e+00
-4.610291516695640190e+00
-5.805702905534341873e+00
-7.134514860222868293e+00
-6.480278859322751828e+00
-4.102423699716803540e+00
-2.850656451034639272e+00
-2.760870292587842556e+00
-2.848934153184841556e+00
-4.105006227806136110e+00
-5.171886222395841948e+00
-5.629544045952261655e+00
-5.067320152857200277e+00
-5.195314771239115892e+00
-5.299662264337856143e+00
-5.452296127944346260e+00
-5.138941845254482388e+00
-5.937493733530501139e+00
-4.784457045745638126e+00
-4.916688014478368451e+00
-4.954567102262892320e+00
-5.281307595582600989e+00
-5.639699657985399739e+00
-5.233674295511158370e+00
-4.938385819783791320e+00
-4.326025690263273660e+00
-3.540127930967837067e+00
-4.117723690877103770e+00
-4.746864220775502297e+00
-5.305945246130802317e+00
-5.967649941604396879e+00
-5.579498863342890580e+00
-6.197782005401798244e+00
-6.541911109046981920e+00
-4.865288072222556437e+00
-5.137403175056594939e+00
-4.930414104069630099e+00
-2.057512681901850105e+00
2.038989002827285013e-03
3.119687451920848176e+00
5.714725454313176911e+00
6.140862721949466696e+00
6.266751080911708627e+00
5.485425618891976107e+00
5.707428250424400495e+00
6.177011543006484473e+00
7.455146671478149578e+00
8.946031734105444500e+00
9.439532546688202075e+00
9.723502242621254510e+00
9.771568396713609772e+00
9.962607358608286390e+00
9.689052258625288516e+00
9.275626986640450156e+00
9.885110191641686583e+00
1.003570966510237739e+01
8.658742767515091643e+00
9.528186111881273845e+00
1.022089085730276281e+01
1.046959196593583563e+01
1.088026420291352103e+01
1.017785458797735032e+01
9.427233652170880163e+00
9.233897779726142119e+00
8.140474319692406979e+00
7.095313696785699342e+00
5.321488528375699190e+00
