-2.278816975545164780e+01
-2.278816975545164780e+01
-2.278816975545164780e+01
-2.278816975545164780e+01
-2.278816975545164780e+01
-2.278816975545164780e+01
-2.278816975545164780e+01
-2.350467227418069527e+01
-2.499390470263945474e+01
-2.534207202242119195e+01
-2.477851412609273041e+01
-2.419667481623022454e+01
-2.419607670976784775e+01
-2.481909365134930212e+01
-2.514423604531051382e+01
-2.498880137210844765e+01
-2.475579447715126591e+01
-2.441055357843672269e+01
-2.418736754897934205e+01
-2.410608541346064726e+01
-2.420584340769598342e+01
-2.432644513392297014e+01
-2.407600317333814743e+01
-2.392353604653493804e+01
-2.394878047056409542e+01
-2.403013547652262361e+01
-2.409347744512684386e+01
-2.408451037537949091e+01
-2.390998981790925981e+01
-2.373554390663144886e+01
-2.365578034167379329e+01
-2.372823725887553081e+01
-2.381153636219224978e+01
-2.395339433543271923e+01
-2.373496318456723486e+01
-2.348628757698179825e+01
-2.345361736234232808e+01
-2.358401632287674232e+01
-2.373040524017252650e+01
-2.376386741910857836e+01
-2.358575231113483639e+01
-2.333130268518409878e+01
-2.316788055052047923e+01
-2.322159536536124946e+01
-2.363236633557853494e+01
-2.405363107579682236e+01
-2.397870344690829469e+01
-2.357150284372767146e+01
-2.311875656153728897e+01
-2.279433256506081662e+01
-2.276197844134492598e+01
-2.302076585421787414e+01
-2.325399740522480485e+01
-2.294209304841158925e+01
-2.234954790898851229e+01
-2.186339805029083649e+01
-2.197476276665344486e+01
-2.279359288106266135e+01
-2.369550650118570800e+01
-2.401223762567706288e+01
-2.349272554607052044e+01
-2.136693447194091533e+01
-1.755508643644906286e+01
-1.299654723602632700e+01
-8.193156824497416224e+00
-2.594400400925954919e+00
3.835203371032609443e+00
9.890023073371517981e+00
1.632315827887802584e+01
2.215324303480708679e+01
2.618829843063337748e+01
2.917079816688961458e+01
3.062582655913658414e+01
3.123988519389028085e+01
3.172237601634408932e+01
3.146688432923582468e+01
3.106469140958805042e+01
3.093322976683841574e+01
3.111580377531440078e+01
3.155635429201631936e+01
3.316020651789163765e+01
3.528055313723305630e+01
3.683688538820562286e+01
3.722420430663197521e+01
3.681600711782964908e+01
3.526908223931825148e+01
3.327435522119343858e+01
3.166808059289932942e+01
3.081118333777179785e+01
3.050778871595440833e+01
3.020808787538639706e+01
3.014174712718934757e+01
3.020965950503303787e+01
3.044923605049178406e+01
3.084927541167035514e+01
3.111925066347230029e+01
3.126573605430505509e+01
3.095979422883818799e+01
3.062693293682596973e+01
3.039467302468069221e+01
3.087237709609610192e+01
3.180463898359445807e+01
3.279587259544561562e+01
3.347111589758851125e+01
3.340903140137020699e+01
3.263142506842260815e+01
3.165638986205519956e+01
3.094368472503074585e+01
3.052966352439301545e+01
3.077686047336438335e+01
3.125138138035337221e+01
3.150710729082856076e+01
3.156531252089015283e+01
3.158567851174929331e+01
3.135084345301673281e+01
3.109386400361141156e+01
3.129463744327484775e+01
3.155941369900016014e+01
3.186939523339946234e+01
3.234726286211314772e+01
3.246627033168300613e+01
3.225306577043640743e+01
3.191688128595617258e+01
3.168155383171739459e+01
3.217906486273341216e+01
3.364508594625224447e+01
3.545704384849360480e+01
3.740349183600131511e+01
3.916886010449026401e+01
3.988186910065994084e+01
4.004791168451278338e+01
4.065862980539226612e+01
4.127009125127592881e+01
4.215301680308139254e+01
4.265656994260470469e+01
4.285773409779240950e+01
4.229495502830196330e+01
4.174152039632656397e+01
4.225659344615210955e+01
4.383308655729859993e+01
4.567545209712162091e+01
4.615082726324075679e+01
4.431437687086980048e+01
3.914034279740202749e+01
3.122595728278603389e+01
2.308832933638093010e+01
1.641239556320556048e+01
1.130414031190483293e+01
7.929992401859729867e+00
5.590032226435937446e+00
1.650969804640806116e+00
-2.786180233661520234e+00
-6.409455696072797082e+00
-9.142642139518667221e+00
-1.015837588818300929e+01
-9.562822124705949278e+00
-8.400952542595916839e+00
-8.062263914134526033e+00
-8.731595889652725262e+00
-9.383836933694334803e+00
-9.875249006317446288e+00
-1.028713707093859675e+01
-1.017848433198991209e+01
-1.013805777370157912e+01
-1.090354096757758739e+01
-1.187064320220456359e+01
-1.275787114551923906e+01
-1.330759656423975912e+01
-1.310669018590417778e+01
-1.289345595223369223e+01
-1.292350836029064531e+01
-1.324535916826573434e+01
-1.398824708596686683e+01
-1.463215805884807530e+01
-1.478273378640732894e+01
-1.465907261867478972e+01
-1.446984789515487257e+01
-1.451922676555011371e+01
-1.494820859790194412e+01
-1.558363730803807101e+01
-1.583843328835572528e+01
-1.575936244208503290e+01
-1.558326076314409292e+01
-1.545956446594668066e+01
-1.559405935283252909e+01
-1.585648191456925282e+01
-1.620069485415077182e+01
-1.627362514049836761e+01
-1.612631083337517524e+01
-1.597070839228630490e+01
-1.601366790121279138e+01
-1.626974311166622655e+01
-1.660221587539838595e+01
-1.683009807033864647e+01
-1.679530204811024419e+01
-1.652794767423087308e+01
-1.632351159207485836e+01
-1.633500469349733208e+01
-1.653048055142780726e+01
-1.676711046286109053e+01
-1.685630094839495996e+01
-1.674738871368916548e+01
-1.654223108453774671e+01
-1.648745203860694986e+01
-1.664687237752318794e+01
-1.687387884894910428e+01
-1.702828685201975389e+01
-1.691109029729122071e+01
-1.659931627167635781e+01
-1.631344614022971840e+01
-1.628586110835459877e+01
-1.652865215090410800e+01
-1.676080595346819280e+01
-1.684605080003340660e+01
-1.671259495891472469e+01
-1.644063949673802227e+01
-1.616515060021849592e+01
-1.620397920595831209e+01
-1.650083898524270154e+01
-1.664288958864623780e+01
-1.663701848515984949e+01
-1.634756815967935495e+01
-1.609903576077821441e+01
-1.606045940223538437e+01
-1.613369388585519815e+01
-1.647449027200329752e+01
-1.670839880836275526e+01
-1.656393456643285589e+01
-1.617452625788218867e+01
-1.580626369686896204e+01
-1.575068262243815731e+01
-1.589831788826586134e+01
-1.624548733471124962e+01
-1.670958237694113890e+01
-1.688946147006804566e+01
-1.679444222839329370e+01
-1.654804026571466480e+01
-1.629919778049280765e+01
-1.619458392218875531e+01
-1.605896084119280687e+01
-1.601147299151702796e+01
-1.597284075470758324e+01
-1.593649908951005578e+01
-1.592066919136901504e+01
-1.587510099684315712e+01
-1.588902625886626119e+01
-1.591598597960190098e+01
-1.583762330899593884e+01
-1.581988216945642023e+01
-1.592680262894173460e+01
-1.598077683021853090e+01
-1.579811632490725515e+01
-1.572867499156157756e+01
-1.579232551836918041e+01
-1.583056954562133889e+01
-1.588473506685104830e+01
-1.610209220053604540e+01
-1.618995353171030516e+01
-1.597889534483206297e+01
-1.563372329811816286e+01
-1.543355934523690642e+01
-1.543857361107972004e+01
-1.566409097379144377e+01
-1.585127033430686438e+01
-1.592224780822490970e+01
-1.581816048572713740e+01
-1.555799832049034315e+01
-1.527329031635705725e+01
-1.527734328428912391e+01
-1.567116494248347180e+01
-1.589112899164509152e+01
-1.583434828067971267e+01
-1.582921257017295780e+01
-1.574056636652919927e+01
-1.575191089759010410e+01
-1.589933791777831296e+01
-1.605071790003927745e+01
-1.603042923904031269e+01
-1.569356301992800873e+01
-1.530374564731666531e+01
-1.546704294778763256e+01
-1.606100060943464314e+01
-1.639991452378162151e+01
-1.562891992534637531e+01
-1.306410725412672313e+01
-8.628721980410956505e+00
-2.749726868147530201e+00
3.748968747872890805e+00
9.210788839206058398e+00
1.483113727327893194e+01
2.077835631380853698e+01
2.693154310466924883e+01
3.400616950270315897e+01
3.873124044370307928e+01
4.164066331232798746e+01
4.088092613205148496e+01
3.672505591935241398e+01
3.345550109379450987e+01
3.163629900475862300e+01
3.229313188958845871e+01
3.489138822271372220e+01
3.818556707541229400e+01
3.964794366116466762e+01
3.927290791289043881e+01
3.818171839933308576e+01
3.844071320169440042e+01
3.957766841748954079e+01
4.188853663188677956e+01
4.354216456557453085e+01
4.340170993405816802e+01
4.215114601861328936e+01
4.065930511482937959e+01
4.011168077916112651e+01
4.113188923391865615e+01
4.224601179914233740e+01
4.025525947424156925e+01
3.436195410791143701e+01
