-6.369839687070758316e+00
-6.369839687070758316e+00
-6.369839687070758316e+00
-6.369839687070758316e+00
-6.369839687070758316e+00
-6.369839687070758316e+00
-6.369839687070758316e+00
-6.369839687070758316e+00
-6.369839687070758316e+00
-6.369839687070758316e+00
-6.369839687070758316e+00
-8.275548353649456956e+00
-9.341267822043789693e+00
-6.905208442330361684e+00
-5.929732992963948845e+00
-5.245606298502594633e+00
-4.770674381128631403e+00
-5.869858859751110103e+00
-5.487043343140207696e+00
-6.833000784736325883e+00
-7.453136164063598024e+00
-6.946119447003369807e+00
-6.892461924077116109e+00
-6.815082737518608269e+00
-7.703534790670581778e+00
-7.797711932107562305e+00
-7.309937140218764284e+00
-7.062490837954973344e+00
-7.194243655396109105e+00
-6.148649438636439868e+00
-6.347270366344417880e+00
-6.747358992087923113e+00
-8.701245317109627564e+00
-9.760729613406345706e+00
-9.367754984528341211e+00
-1.016292193843002778e+01
-1.002954405922896619e+01
-8.018288226051993206e+00
-7.299625503828264250e+00
-7.964069469774697652e+00
-7.370547543634077492e+00
-8.041956319555163546e+00
-7.694314022486041793e+00
-6.627098363468389763e+00
-4.739665997700831745e+00
-1.591112863879776462e+00
3.671553705486946817e-01
2.152402290550439190e+00
3.636313143916123813e+00
4.106021809642451004e+00
5.736792989143641996e+00
6.640468374027217457e+00
8.641035662735241374e+00
1.006717608527626062e+01
1.022647060907427274e+01
9.729401426877112513e+00
9.138248112974041604e+00
8.547593083690337323e+00
8.682050598066005875e+00
8.984898894135799452e+00
9.927024009769276347e+00
9.811335803260016419e+00
9.763681548135831889e+00
9.288865807624048898e+00
9.145447156207591632e+00
9.310546572462973458e+00
9.791841291843285333e+00
9.029139648406371066e+00
8.880429038624621185e+00
8.798876735584149955e+00
8.037574673573649520e+00
8.147003527034101467e+00
8.437151186570780226e+00
9.649688698978486912e+00
9.255670242496663036e+00
8.593312247749416599e+00
8.668370047613272789e+00
7.934750429949922079e+00
8.046640629317964866e+00
8.371585206664285295e+00
9.138515856264911363e+00
9.862929912545533639e+00
9.115631719671002386e+00
7.715988846873125695e+00
5.004618252521801480e+00
3.196285415000347463e+00
5.999367426715842555e-01
-1.958350675314376677e+00
-4.692994490573148880e+00
-6.419106628584986929e+00
-8.297291832683651336e+00
-8.369183825620748252e+00
-6.988248990728648025e+00
-6.991656847871013269e+00
-6.741531474070799668e+00
-7.023914248931238724e+00
-8.120630604242085937e+00
-7.985999464300820527e+00
-7.350147994411853958e+00
-5.829908570958996172e+00
-3.585606291184191718e+00
-2.404078249976572934e+00
-1.681600989390311662e+00
-3.425999271083242093e+00
-5.404228613131852654e+00
-6.689469077769392591e+00
-8.469245092796860774e+00
-7.471752282470239592e+00
-6.947767378942827143e+00
-6.755520370153762499e+00
-6.838379697596296047e+00
-6.829195356510628478e+00
-7.321437966838063360e+00
-7.080161124662326166e+00
-5.855706249810903152e+00
-6.146470073178205595e+00
-5.559864312976342759e+00
-6.499984440217229320e+00
-7.206320964800498885e+00
-8.097113891085648163e+00
-7.752115723642098999e+00
-7.086596287444485220e+00
-5.155374900730762100e+00
-3.726612025833682562e+00
-3.044512782337816859e+00
-2.655842811911177659e+00
-2.341595410826862178e+00
-2.289201124266058152e+00
-6.416349490552233359e-01
2.465945191409433246e+00
5.106346113983963875e+00
7.692283143021857228e+00
8.853044044109271482e+00
9.014807523998982219e+00
8.725857504303405676e+00
7.810338634073811903e+00
7.845722412831555026e+00
8.088806242098023347e+00
8.474184046767913259e+00
8.927166857240694142e+00
9.330143203212061920e+00
9.042307465099165498e+00
8.838956286339683999e+00
8.290980930854127351e+00
8.771300099439683251e+00
8.820626533654451151e+00
8.993432787140143603e+00
8.906487025637032318e+00
9.274521846064285313e+00
8.781129214797159577e+00
9.314092651821498592e+00
9.792357444043167547e+00
1.012692102037448727e+01
1.016362326032322549e+01
9.589991756745977369e+00
9.398984918023463919e+00
8.904479701677271208e+00
9.358710087398282695e+00
9.598404139729684204e+00
1.043447628862677412e+01
1.030818088724523740e+01
1.025537039270832906e+01
9.048789602099059692e+00
7.106500733759570920e+00
4.058357333454670091e+00
8.224569908005965324e-01
-2.068058042997250823e+00
-4.877770167282907465e+00
-5.976863708597848657e+00
-7.096565550112080345e+00
-6.774265848226808551e+00
-6.993553886154345811e+00
-5.980618466374525433e+00
-6.095203721343471770e+00
-5.375226869239330796e+00
-6.314670834937540000e+00
-6.715356453056831931e+00
-7.394988435969976237e+00
-6.911088711528036832e+00
-6.593408586240416369e+00
-4.950131821967923784e+00
-3.932378464654250561e+00
-3.526533216502740320e+00
-3.465023353132606676e+00
-3.915851811096176860e+00
-5.314563353472509633e+00
-6.685752290716368229e+00
-6.721284070838525082e+00
-7.101946930632410115e+00
-5.685896904602019575e+00
-5.267967787022654669e+00
-4.878596001349542632e+00
-4.686646364505450357e+00
-6.549617492808379460e+00
-6.536774146778228101e+00
-7.074702704101946793e+00
-5.924134859699192290e+00
-5.734768791539594623e+00
-4.704953343378056374e+00
-4.434310196198564924e+00
-4.202277724298358663e+00
-4.815782691791900660e+00
-3.589962707356699312e+00
-2.857360145389020278e+00
-1.182743104469276663e+00
2.249139523820616215e+00
4.302668485088901207e+00
6.783212076912061406e+00
8.193771955914904481e+00
9.028671326514340123e+00
9.877108001712937124e+00
9.978075556380536781e+00
1.035555237896381264e+01
1.011946563145053268e+01
9.913472828133443215e+00
9.946565670004945403e+00
1.072783500867148554e+01
1.163532843822237517e+01
1.223814352572512831e+01
1.201197827393960615e+01
1.121939182755729192e+01
1.043079065458957899e+01
8.909693180558011960e+00
8.999431524244007718e+00
9.320756310091173447e+00
9.683022947179535933e+00
9.916774566453067763e+00
1.010227641882000782e+01
9.236797764644283149e+00
8.851774899636559724e+00
8.984730462041371268e+00
9.478903479262173803e+00
9.489084125877848663e+00
8.716677579026818279e+00
5.801777383127879162e+00
1.160359074325651552e+00
-2.422763064368869568e+00
-5.573583346174241449e+00
-4.962845185400833969e+00
-4.208169692033091991e+00
-1.721959810673059366e+00
1.402595093346867827e-01
-1.112055225306318285e+00
-2.349889942758333294e+00
-4.781103343301524866e+00
-5.786766484278182965e+00
-6.971588268453452031e+00
-7.527804150890309742e+00
-5.836939816699026728e+00
-5.604625977836039219e+00
-5.711843501435854620e+00
-6.061252926784147732e+00
-7.412866163213724491e+00
-6.536925757905377665e+00
-7.667214004061210453e+00
-7.359596780540199390e+00
-6.665656170975761796e+00
-6.887235061785679235e+00
-6.467844782296783279e+00
-6.934216561614500840e+00
-6.420070289532474384e+00
-6.287141601591082818e+00
-7.486079149668745103e+00
-7.156884033432038272e+00
-6.671558786558476228e+00
-7.578255142394278998e+00
-6.887789625219504330e+00
-5.932744490073480925e+00
-6.750103639175311088e+00
-5.765529214297480998e+00
-6.042254838594100619e+00
-6.754403677299584352e+00
-6.745761915443268641e+00
-8.065900486696145677e+00
-8.149903936774196112e+00
-8.391154776700755491e+00
-6.235249450458707265e+00
-3.124432297987807416e+00
-4.001335128391223517e-01
2.873725419466824693e+00
6.015961978254216191e+00
6.581141257542403089e+00
6.626113330233666332e+00
6.354703404626418362e+00
6.785197011604935824e+00
7.593001676338571038e+00
8.238960996373290158e+00
9.404566670559834307e+00
1.026603880636786315e+01
9.675951011949853964e+00
9.621287946520684642e+00
9.638955283993551504e+00
9.878479796647559041e+00
1.020930539792722058e+01
1.003597578317888050e+01
1.012743413659444691e+01
9.591392071810624032e+00
9.843002582626132480e+00
1.025755718949681317e+01
1.073552602635407283e+01
1.147193812036546312e+01
1.245116210216055386e+01
1.205849540382987861e+01
1.034958915002224167e+01
8.896271616624485290e+00
7.411761198139293683e+00
3.204181791768337728e+00
9.699594377883768992e-02
-1.629172713218240753e+00
-4.940000758226585020e+00
-7.042478724409807711e+00
-6.975797443504426987e+00
-5.955164213580239618e+00
-6.337026491694748742e+00
-6.373555776162343811e+00
-5.763414919541068215e+00
-5.121381973483409844e+00
