-2.632834224006704460e+01
-2.632834224006704460e+01
-2.632834224006704460e+01
-2.632834224006704460e+01
-2.632834224006704460e+01
-2.632834224006704460e+01
-2.632834224006704460e+01
-2.632834224006704460e+01
-2.632834224006704460e+01
-2.632834224006704460e+01
-2.599618787330407343e+01
-2.562347742095842662e+01
-2.555054681201299971e+01
-2.595939330274313761e+01
-2.621337394746867488e+01
-2.632904635841082097e+01
-2.636713076601920136e+01
-2.609693250892507166e+01
-2.614758608659433392e+01
-2.629342970001840030e+01
-2.636856323418505355e+01
-2.649954420182322679e+01
-2.637018013347284651e+01
-2.628733413485543480e+01
-2.609726160714786047e+01
-2.610485794352147337e+01
-2.625155183728396580e+01
-2.650934932853783721e+01
-2.647604481119831021e+01
-2.655651142148863642e+01
-2.646310791712310717e+01
-2.640734344891412277e+01
-2.632402635487983034e+01
-2.638248098338499403e+01
-2.641882677723079453e+01
-2.631590820433940792e+01
-2.614292980067794048e+01
-2.615769303188510264e+01
-2.620538856840396846e+01
-2.646980688163073481e+01
-2.666013297218532330e+01
-2.683785934031868337e+01
-2.674366232402915600e+01
-2.663646714466348797e+01
-2.654796020688442937e+01
-2.684879582868661174e+01
-2.728323160135298409e+01
-2.763963378515901681e+01
-2.791201285524559239e+01
-2.768810699449032597e+01
-2.725424284521953666e+01
-2.668912183131401505e+01
-2.646837605695553464e+01
-2.670516351992124982e+01
-2.691901556666724105e+01
-2.724998447052498562e+01
-2.709062313078189987e+01
-2.670668476636055289e+01
-2.620222287259984384e+01
-2.596828546070797117e+01
-2.639355023571737746e+01
-2.709207521061840396e+01
-2.749503897854724954e+01
-2.666201148541760091e+01
-2.358497635458390107e+01
-1.796623464939595749e+01
-1.032181349345768240e+01
-7.982539242350066289e-01
8.352698929637261571e+00
1.518185285636641702e+01
2.083246930197586977e+01
2.324159583207022806e+01
2.465339948827364225e+01
2.478160276804521445e+01
2.489032603174026193e+01
2.631816994761281236e+01
2.707646215517990029e+01
2.865128346071668730e+01
2.956607483939729164e+01
2.950342268681304603e+01
3.035084577092410640e+01
3.029950279821990833e+01
3.092974663474844021e+01
3.141068205156273763e+01
3.164239063171759625e+01
3.190982299288413770e+01
3.059316516715241718e+01
2.994254323240536664e+01
2.920491227393140221e+01
2.921030284227643747e+01
2.927881825431725815e+01
2.983102801638587209e+01
2.989386839460336631e+01
2.994986772810504405e+01
2.984461881314372178e+01
2.992699807909330545e+01
2.991950117464605086e+01
3.042814598036044771e+01
3.047957806743247744e+01
3.047230254697900520e+01
2.995054384560612348e+01
2.942105560972506950e+01
2.889980768213528606e+01
2.865749881878786809e+01
2.891203737727823508e+01
2.934681049146018239e+01
3.014446100621625035e+01
3.074775898096468296e+01
3.088729624796295425e+01
3.130431700911188386e+01
3.114303656613573779e+01
3.104259835849954285e+01
3.085402131395446190e+01
3.100953786585128213e+01
3.110918137879549406e+01
3.129547475952680458e+01
3.138558115961518880e+01
3.117522526207421052e+01
3.126711601029103704e+01
3.121941587531343032e+01
3.149792985971053128e+01
3.175045933906301698e+01
3.207180143237113157e+01
3.188625733386995975e+01
3.149346244700141639e+01
3.087193445246696299e+01
3.048457405663994635e+01
3.068609782455009594e+01
3.179018346357607427e+01
3.316293166799717795e+01
3.455843890674498908e+01
3.524862468911623381e+01
3.508088467038546554e+01
3.493336885225772903e+01
3.495380627961593234e+01
3.568399617734060314e+01
3.679565915250784514e+01
3.771230087165601930e+01
3.792574650349595089e+01
3.741656783735349734e+01
3.661692163273442446e+01
3.660973605857417823e+01
3.754904763968027481e+01
3.860739720308292533e+01
3.879785063020588609e+01
3.636229609463487122e+01
3.061681810664748227e+01
2.175803248760126252e+01
1.184206908890875987e+01
2.458238824205002615e+00
-4.843642864532697878e+00
-8.622512522651309297e+00
-1.069565876689948247e+01
-1.054234288306152934e+01
-1.163938735675601066e+01
-1.274654790215047129e+01
-1.459794878116433736e+01
-1.595835301879070833e+01
-1.687341926841704520e+01
-1.736057179729771605e+01
-1.745077693740231695e+01
-1.797943136321104163e+01
-1.845677231738861934e+01
-1.930716549599037180e+01
-1.971984238487295471e+01
-2.050728285960802211e+01
-2.081475671484552592e+01
-2.128020125763944037e+01
-2.146647453620073875e+01
-2.214540092536465465e+01
-2.263807223018701364e+01
-2.320906504526998759e+01
-2.340226348214197571e+01
-2.353158504027783593e+01
-2.339310657240765678e+01
-2.349315792552442517e+01
-2.381759203284238069e+01
-2.415335043631471379e+01
-2.473728931045577895e+01
-2.497963546017958691e+01
-2.504287074275820046e+01
-2.484177256137535039e+01
-2.478761613621577453e+01
-2.478120165103208450e+01
-2.513516048910020118e+01
-2.548794217588637423e+01
-2.582857804759032305e+01
-2.595630436426916887e+01
-2.603765651325964114e+01
-2.605321501539714291e+01
-2.623879688237299135e+01
-2.650250923586791885e+01
-2.669978497417543295e+01
-2.692749725693921548e+01
-2.689929521413863256e+01
-2.682422366146107962e+01
-2.684369077714046270e+01
-2.707804871936825108e+01
-2.743186197268150295e+01
-2.773847830075408893e+01
-2.777812521759551245e+01
-2.752262075755601956e+01
-2.730998284234077289e+01
-2.738598284407828842e+01
-2.772693927391785707e+01
-2.822945398271230744e+01
-2.851410748651128557e+01
-2.826076875798309374e+01
-2.763599079877340614e+01
-2.710654929768906385e+01
-2.728582697614231023e+01
-2.823084936922333199e+01
-2.924614897048403606e+01
-2.934475617008992643e+01
-2.751608225985399869e+01
-2.363838272981980992e+01
-1.796660214484011675e+01
-1.140941426056533103e+01
-5.689055099616812328e+00
-7.706285896125804058e-01
4.483103578388167421e+00
8.355121630984081449e+00
1.325760095582483800e+01
1.815182433613447799e+01
2.129840917378573550e+01
2.391783574336397677e+01
2.389142693565118947e+01
2.404960301034935810e+01
2.382957693069939964e+01
2.514612070738534655e+01
2.648343869146129492e+01
2.840397330798750630e+01
2.919844126485301317e+01
2.919129502808717902e+01
2.804853938644355082e+01
2.744407769237316330e+01
2.719342525137495414e+01
2.744188004685308258e+01
2.789936234467167964e+01
2.761085190382804910e+01
2.691289522049785177e+01
2.540984417375738147e+01
2.441987064173922306e+01
2.447424432310772602e+01
2.488393532178686485e+01
2.610075908834133429e+01
2.690319378822165675e+01
2.753508384323892599e+01
2.736511496969364998e+01
2.705569742678815359e+01
2.722992205850829350e+01
2.733002001248476631e+01
2.783167548115190115e+01
2.813670951379461016e+01
2.814570213825352596e+01
2.827381324394330875e+01
2.824038889546061171e+01
2.853226132830337747e+01
2.861328443060776294e+01
2.871883196452807141e+01
2.879435250468061014e+01
2.842029473669259687e+01
2.852560620428222293e+01
2.863731593819939647e+01
2.870869413814437365e+01
2.899722521847456846e+01
2.896679125563178303e+01
2.864672418080591498e+01
2.860515030597637320e+01
2.864891037361997661e+01
2.870937944101141071e+01
2.911228048681349989e+01
2.907998556692950487e+01
2.887495988968220928e+01
2.879758756181259827e+01
2.893241860318264358e+01
2.950830798375579178e+01
2.986487999892445444e+01
3.009479910430113847e+01
2.968663745543820198e+01
2.889016441752052344e+01
2.861424961971759018e+01
2.955082117241039086e+01
3.158253636526756125e+01
3.386045573561013100e+01
3.466729271663988499e+01
3.271148534560911969e+01
2.695267800004572933e+01
1.878076557149090675e+01
9.316521513332038040e+00
9.394716125541560103e-01
-4.960568627227198490e+00
-9.171132913577579870e+00
-1.041233338221382887e+01
-1.239627135156972138e+01
-1.417324601931707484e+01
-1.626395188175671436e+01
-1.798234448844699074e+01
-1.826293120978773388e+01
-1.875211210956674535e+01
-1.814844062865108043e+01
-1.770794575350305067e+01
-1.790397043374191455e+01
-1.901228558717277650e+01
-2.008090396381594900e+01
-2.085033562709745780e+01
-2.232401306585938983e+01
-2.313362366193006636e+01
-2.310913021435208847e+01
-2.396070306435458619e+01
-2.484034568920942121e+01
-2.497375565337785019e+01
-2.532015387820130670e+01
-2.570039332122715692e+01
-2.585772469971333010e+01
-2.587227786329912504e+01
-2.601520703196198880e+01
