-1.399932071968919267e+01
-1.399932071968919267e+01
-1.399932071968919267e+01
-1.399932071968919267e+01
-1.399932071968919267e+01
-1.399932071968919267e+01
-1.399932071968919267e+01
-1.399932071968919267e+01
-1.399932071968919267e+01
-1.399932071968919267e+01
-1.399932071968919267e+01
-1.253684411047090919e+01
-9.256828076394675975e+00
-1.056602053186937340e+01
-1.241801645393953102e+01
-1.381107275460390227e+01
-1.639907732692909903e+01
-1.612822876222917401e+01
-1.493908991382245688e+01
-1.086130603353492852e+01
-8.354278957669929895e+00
-7.146904185794036302e+00
-5.917959940910244576e+00
-7.431960195375478584e+00
-9.687328967496041443e+00
-1.161930270335990478e+01
-9.028574506434102531e+00
-9.573851873962027526e+00
-9.047947171768822017e+00
-7.794956174076439481e+00
-8.857506191942436047e+00
-9.282735204235585513e+00
-1.063391862813753974e+01
-9.060065256809924250e+00
-9.354592884471339076e+00
-9.236081353633252888e+00
-9.260418386829641690e+00
-9.684312238511067150e+00
-9.164567308634147480e+00
-9.203413726607781342e+00
-8.431857249153361877e+00
-8.333308768256269872e+00
-6.629938349738113246e+00
-4.615686929255278237e+00
-1.493725040376276958e+00
3.309154500067378546e+00
5.169659669461097451e+00
8.896792022120292742e+00
1.196111012427039988e+01
1.077243010768910736e+01
1.010174981494295565e+01
1.224037947191669495e+01
1.261418655957253243e+01
1.170593350590459281e+01
1.201911260291939776e+01
1.230626803250163803e+01
1.200503934300495068e+01
1.282601760852519135e+01
1.246787977159485372e+01
1.238553190491010625e+01
1.217205165055216121e+01
1.199838545991562455e+01
1.300292692892733726e+01
1.254979643892124130e+01
1.153906893859096172e+01
1.098546905826889208e+01
1.199485138155874075e+01
1.257945447374059533e+01
1.379663114681829228e+01
1.401369441315258868e+01
1.343521114431251995e+01
1.329536531479663530e+01
1.286873174031839540e+01
1.411307883907977079e+01
1.293997215883270790e+01
1.257133251109427619e+01
1.245140163249866383e+01
1.264411259830718848e+01
1.264363617470018930e+01
1.329929589482666863e+01
1.182432126699529640e+01
1.188422912511606278e+01
9.304327516415858312e+00
4.957932077724196418e+00
6.193543703241304321e-01
-3.488731971888217487e+00
-7.174692774543611762e+00
-1.133746414976526395e+01
-1.069451657255845944e+01
-8.286461149647408320e+00
-1.083336673881509782e+01
-8.875373135293916249e+00
-9.103648248147550248e+00
-8.348497629837215328e+00
-9.693832003505384876e+00
-9.581636645256644158e+00
-9.830484433649413489e+00
-1.011345729893581868e+01
-1.076182230487025926e+01
-9.540325919602270943e+00
-1.018513775474468552e+01
-8.982925452832418500e+00
-8.435867370772662355e+00
-8.246284318078357600e+00
-8.248080168566835013e+00
-1.011935835382914917e+01
-1.030474004901658525e+01
-1.052750773561958830e+01
-9.372827642823324368e+00
-7.974817989942931895e+00
-9.075811028604388042e+00
-9.505864073004037351e+00
-1.048111461797904376e+01
-1.231375715899077328e+01
-1.423946686020884300e+01
-1.615204552647310621e+01
-1.382237704493111785e+01
-1.102056653409852238e+01
-9.252707950440136386e+00
-7.169719983930074036e+00
-7.236062414263860987e+00
-8.766800274177761310e+00
-6.628999925966192919e+00
-3.807995627065894340e+00
-4.360281180983971439e-01
4.008027060353916760e+00
8.383785416094989174e+00
1.002410507266025697e+01
1.032370297003451576e+01
9.653317900065211177e+00
1.093306436212219879e+01
1.122384824681814486e+01
1.247176431517476658e+01
1.343298843861719938e+01
1.352552021824591755e+01
1.197397581316387161e+01
1.087984426132195814e+01
1.125380938223671379e+01
1.326666932375439067e+01
1.197462911419023079e+01
1.407326677927366632e+01
1.527224687315389140e+01
1.503915195839928742e+01
1.388925974640337557e+01
1.371744828716463083e+01
1.413531473657844018e+01
1.484575785608813803e+01
1.491089284187653874e+01
1.455794593586566599e+01
1.389909885349202945e+01
1.421385929993993535e+01
1.382742021731646354e+01
1.229605896084221861e+01
1.447699817218358831e+01
1.564212480009269512e+01
1.576333138597119543e+01
1.587574939249362593e+01
1.415229931193466761e+01
1.328037311020910671e+01
1.179437944463479759e+01
8.579905914913924292e+00
4.784817449669286127e+00
2.076312064700729376e-01
-4.261894166221424918e+00
-5.471018451234539448e+00
-6.867490701629609617e+00
-8.092421447100992538e+00
-7.555699870636486182e+00
-8.825454439635509019e+00
-9.105740600736796253e+00
-1.029264051160262383e+01
-1.073546863318049560e+01
-1.080315086851816986e+01
-9.897647141232104318e+00
-9.358600470130475912e+00
-8.704796096678027340e+00
-8.154322661084453472e+00
-7.371148839219742399e+00
-9.603696526716985815e+00
-1.011078782660400321e+01
-8.429830642219629411e+00
-8.848660036798198902e+00
-9.506842756509056969e+00
-9.732027278462417996e+00
-9.571943407712458551e+00
-9.746119016169268789e+00
-8.566783117116314017e+00
-8.754563707506873627e+00
-8.276389907882778729e+00
-9.006620040273258354e+00
-9.101356518832599107e+00
-8.754648082090218608e+00
-8.441841448164835171e+00
-8.945585093490247885e+00
-8.453842708519157867e+00
-8.160660600166361078e+00
-7.102139775996229254e+00
-9.276902635900077243e+00
-7.935257205206808884e+00
-7.848773406024335486e+00
-7.871246589804462346e+00
-5.278435605804201458e+00
-2.277816886394700369e+00
1.817788625304035843e+00
5.112265481808920597e+00
7.944432354789423556e+00
1.067559727658873214e+01
1.269041166846090185e+01
1.413874507660993274e+01
1.347416727314896789e+01
1.182214971092516720e+01
1.321309918287238183e+01
1.448257830828118209e+01
1.473117917793008402e+01
1.580866280204154251e+01
1.579131524262293595e+01
1.465823167282727191e+01
1.401098230243451859e+01
1.432512235057706995e+01
1.426080792222262339e+01
1.477007572289508985e+01
1.500109009604810950e+01
1.472555314678110960e+01
1.437056395383842933e+01
1.373297561111541576e+01
1.353711247445231081e+01
1.464992336006750762e+01
1.547186431705017284e+01
1.500162002647309301e+01
1.311941347044666273e+01
1.024305438446225125e+01
6.029457177757793218e+00
9.964152104617898242e-01
-5.486291277535073618e-01
-2.717086929282697128e+00
-4.246931957998611118e+00
-4.570671009460080647e+00
-6.626928262969000727e+00
-8.427889063522053803e+00
-9.048016740571526384e+00
-9.130675732727944194e+00
-9.897718719755564720e+00
-1.075003689023820641e+01
-1.089697424119420432e+01
-1.037017844560729962e+01
-9.618308591115100725e+00
-8.432697702919691451e+00
-9.258437464932979921e+00
-7.836382577678499217e+00
-7.939826167077666419e+00
-9.233227306068757301e+00
-1.142043961316919365e+01
-1.088451014351457680e+01
-9.529543582392250300e+00
-1.003448065210432993e+01
-9.353253549577178916e+00
-7.247617812383082558e+00
-1.030507955643069806e+01
-1.231938557547426427e+01
-1.220904394582246333e+01
-1.053705029406931715e+01
-1.091967596596474266e+01
-9.582514459275381924e+00
-6.837664916662109071e+00
-5.908174725267827831e+00
-8.382918711383839039e+00
-7.963078099688765121e+00
-8.757525187773278930e+00
-8.453942516419838071e+00
-8.829106560136930071e+00
-8.447625095505397752e+00
-6.815721821570831729e+00
-6.224232963994326795e+00
-4.954779711064086101e+00
-2.731073384393268633e+00
2.035891759252536293e+00
5.245184997260857074e+00
8.710415799294468187e+00
1.229728359586138708e+01
1.261888938831871698e+01
1.197047707208287370e+01
1.250844941444723801e+01
1.263702115737591924e+01
1.391675772285405621e+01
1.471602142122692669e+01
1.440616630799436670e+01
1.405079643054643057e+01
1.410233684359352324e+01
1.387466600247433135e+01
1.287419232907443067e+01
1.325750773557921391e+01
1.450136951704605259e+01
1.501142488503765904e+01
1.557917031366678273e+01
1.584107628858332895e+01
1.516923891022126902e+01
1.521943676643296328e+01
1.734168793760532168e+01
1.645019381583323792e+01
1.606500635018133849e+01
1.303510854934816265e+01
8.727837507226457348e+00
6.381488996387462365e+00
3.965089158907785460e+00
-1.751187474997707438e-01
-1.802368308115052109e+00
-3.100967128826827568e-01
-1.207555267645348707e+00
-2.157366925225087773e+00
-3.464430422184674008e+00
-6.822292000858290351e+00
-8.977970575468344094e+00
-7.805208133214657451e+00
-5.749831780689960148e+00
-4.563476188858946792e+00
-4.561334820435576809e+00
-4.406608344871588478e+00
