-6.688789592362808456e+00
-6.688789592362808456e+00
-6.688789592362808456e+00
-6.688789592362808456e+00
-9.415512810086713813e+00
-7.661107364344573512e+00
-5.603473787617383017e+00
-7.311181329858302824e+00
-6.427386842432724734e+00
-3.580074210255861367e+00
-6.083690803783103007e+00
-6.156469686829106891e+00
-6.988661762661795507e+00
-7.930259370957711162e+00
-6.325868584608865142e+00
-5.724810901679010300e+00
-4.984236895692972347e+00
-4.431262923029391843e+00
-7.119615138129733012e+00
-8.924421887782798990e+00
-1.226309549757011297e+01
-1.242993742695501602e+01
-1.135189161585775253e+01
-7.312486952434864129e+00
-2.533409428717937839e+00
3.770931407531175061e-02
-9.236249587343203782e-02
-1.412034456426506934e-01
-2.140054667869047300e+00
-4.596995730497403621e+00
-5.010947068351009115e+00
-4.796856195726125982e+00
-5.109929741616266341e+00
-6.237899200406523015e+00
-6.629111560319984164e+00
-7.139194524941149034e+00
-7.160023738235205215e+00
-6.635133578040812274e+00
-4.169991364122457966e+00
-2.371373520349979280e+00
-2.936921288266664654e+00
-3.913154724106717275e+00
-1.955876561780109935e+00
-5.243207163286022210e-01
1.343033501727936230e+00
5.810047459707461392e+00
9.214641860344505275e+00
9.639784636758941261e+00
9.244462261659622371e+00
7.892949723855564592e+00
6.279960955032737324e+00
6.388475227302022219e+00
6.580977316946245992e+00
7.963425118952334181e+00
9.452050734360042838e+00
9.891984025247731793e+00
1.082860797991227031e+01
1.133219807636089627e+01
1.291840359719915909e+01
1.351939062918712864e+01
1.317942766322706660e+01
1.221757995864931168e+01
1.086893705349248940e+01
9.396415557208486646e+00
8.844525873265824956e+00
8.576376149878981892e+00
9.508191978709181313e+00
1.039442246663017322e+01
1.078603704667635910e+01
1.142179048980968048e+01
1.215752210449197612e+01
1.274185691520649222e+01
1.311024966415965842e+01
1.410328405923117856e+01
1.377376391317867821e+01
1.312217975874053799e+01
1.237019390685954612e+01
1.170314311322920631e+01
1.047186747042773725e+01
8.574964677155081816e+00
5.379055139994004975e+00
1.849331953307328469e+00
-1.529936502607011528e+00
-4.339944203533175227e+00
-3.864171801712547705e+00
-3.764143975675467324e+00
-2.336303042265295726e+00
-2.649515274713297064e+00
-3.369862157150521842e+00
-6.143123727434913306e+00
-7.170196313619974227e+00
-8.017162372802618009e+00
-6.765750412235247424e+00
-5.980993299056385659e+00
-5.380291294471081898e+00
-5.719539505562829085e+00
-6.703216107756116315e+00
-7.221657342164276017e+00
-7.499715305983288616e+00
-6.289199839668707881e+00
-6.028341434227944440e+00
-7.981116958056087007e+00
-9.277087943243222057e+00
-1.024815097696852639e+01
-1.235366946264282006e+01
-1.101476277670798964e+01
-9.063495801753731484e+00
-6.994096036156680185e+00
-6.778915125081778292e+00
-7.495779934077169138e+00
-7.298871892512340587e+00
-7.948787050034269441e+00
-7.132333721858007181e+00
-4.695370548932167765e+00
-3.938645280082337941e+00
-3.959288842767060945e+00
-5.712342393764333615e+00
-8.768359592619768605e+00
-9.181927048063105445e+00
-8.223585848623775618e+00
-8.415884085914237644e+00
-5.475898218508975290e+00
-3.114929104757296230e+00
-3.893177068510758954e+00
-3.651452847074870167e+00
-1.660693295560298210e+00
8.256910938614416828e-01
3.438888190164794079e+00
7.175380442682673277e+00
9.292313077490399920e+00
9.056626789750223949e+00
8.847737301731692483e+00
8.723518174141801751e+00
8.794967851921995816e+00
9.557821090975796352e+00
1.000720366346141077e+01
1.013092979147274164e+01
1.016852694029165249e+01
9.985434790673522798e+00
9.526520247681286691e+00
1.015582100804842192e+01
1.029904297701091842e+01
1.080650844357068685e+01
9.907628359350598046e+00
9.841685468670862136e+00
9.387613623272121899e+00
9.441066427291774588e+00
1.087617741313307107e+01
1.162198287955247977e+01
1.166447293473136071e+01
1.223947182558690905e+01
1.130924016839201229e+01
1.000709036695552356e+01
1.065058854817172929e+01
1.061028795732344854e+01
1.013528392394878530e+01
8.423424616553274902e+00
6.912812787599437847e+00
3.508511672243984414e+00
1.072429543476598468e-01
-2.458445221515840551e+00
-5.135905894399509286e+00
-6.274884355559676941e+00
-7.922515432287419834e+00
-8.388148870749112973e+00
-9.003501260826441310e+00
-8.344282844892623174e+00
-6.818917263639551862e+00
-7.155768516212549279e+00
-6.298146236349263738e+00
-5.463299825303884916e+00
-7.086418057569369822e+00
-5.343031771460740487e+00
-4.577973148430099393e+00
-4.364231207864393447e+00
-3.918902893220399086e+00
-4.629237267915609522e+00
-5.359233398296424866e+00
-5.836991796659440013e+00
-8.151262773822812946e+00
-7.027199315440919136e+00
-5.168556258003803805e+00
-7.037018353779602720e+00
-7.058721074063385892e+00
-5.814916767248750951e+00
-8.054433424520704321e+00
-7.478231432736383688e+00
-6.459169966773990801e+00
-7.300876103818988661e+00
-6.078645411401822685e+00
-8.104287960629299903e+00
-8.520290400237794159e+00
-9.073963447674826099e+00
-7.711155571404882281e+00
-5.936817378103985909e+00
-3.758155621388703072e+00
-3.518930415942404188e+00
-3.577065236358678568e+00
-5.926431528139086247e+00
-5.699174151808832356e+00
-5.129178037093104159e+00
-3.585399765311716447e+00
1.510086613426903313e+00
4.889346842648652824e+00
6.406157446629453744e+00
7.868473589005239077e+00
8.476924809075036649e+00
8.607287300857628054e+00
9.966901921253340291e+00
1.125291056556140568e+01
1.234213438037640387e+01
1.217245032131984850e+01
1.105111567279792695e+01
9.554279100206922948e+00
9.408170190489846263e+00
8.831873057996922682e+00
9.043395893039370748e+00
1.049011625445645990e+01
1.133209134014265373e+01
1.043632575855904854e+01
1.001515017870378976e+01
1.058286175238674254e+01
1.029868508844210062e+01
1.081935785367501346e+01
1.094724494445751972e+01
9.708918725298719465e+00
9.987227762329800029e+00
9.315840218691441521e+00
8.017156970992637355e+00
7.694247096327070601e+00
6.948540214497914924e+00
4.649413336963627685e+00
7.301260743897941552e-01
-6.914385075903528577e-01
-4.092476035739788465e+00
-7.468254919314710527e+00
-7.376001563396997085e+00
-8.082200473809036723e+00
-8.421642774168471846e+00
-7.695221513803271129e+00
-7.092385247975867557e+00
-6.685582283847582907e+00
-8.325811751829432339e+00
-7.456217653215834851e+00
-9.300629454713327249e+00
-9.814197067539119246e+00
-8.976037093034648251e+00
-8.674438210448704112e+00
-8.134526128767900488e+00
-6.820866808611921961e+00
-7.068396114714889045e+00
-8.569787797974630195e+00
-1.014335327875479997e+01
-9.233097771683926425e+00
-9.057012691550831107e+00
-7.734868859964292298e+00
-5.769897650761229180e+00
-5.386197043126398576e+00
-6.086156307515584452e+00
-8.134904165968485756e+00
-8.916453497231650260e+00
-9.766899012242680200e+00
-8.880856240939838386e+00
-7.778040345380651033e+00
-7.121518477751444642e+00
-6.658170706966405561e+00
-7.559030102526332229e+00
-8.577375411763441093e+00
-7.422345112696864255e+00
-5.763386444545595566e+00
-1.950270521045557981e+00
1.372923299191499247e+00
2.922970782667173584e+00
5.422695858459432472e+00
6.532780741954614001e+00
6.189182165819688386e+00
7.085520706891202281e+00
8.260623334539307194e+00
8.799635894780827527e+00
9.629348043924821354e+00
9.610086716324190093e+00
9.010192989867785940e+00
8.671094268325150622e+00
8.091901900068720010e+00
8.275902247011565294e+00
8.537520139750586878e+00
9.683301352202006385e+00
9.413349150241637986e+00
9.711152916666057067e+00
9.537450573700461121e+00
9.624876960105954282e+00
8.854642882452672836e+00
9.210991539113003057e+00
1.013551196957824274e+01
1.037854960637912072e+01
1.012012276152257684e+01
9.300803349615076598e+00
7.017547768785302509e+00
3.490846686675265431e+00
5.092535245642921815e-01
-1.648518101634739441e+00
-4.294593536656848620e+00
-4.921911557128217929e+00
-4.138025617976322401e+00
-4.345627705837634913e+00
-5.313059836746802489e+00
-4.139499391657633254e+00
-6.791852697663458116e+00
-8.023742794329960404e+00
-6.439342569405447136e+00
-7.321959461571649008e+00
-7.419484183015204515e+00
-6.466213607312617739e+00
-8.104244586112269388e+00
-6.915413792221400513e+00
-8.273151360055731374e+00
-6.922575285744909657e+00
