-2.322553729455777471e+01
-2.322553729455777471e+01
-2.322553729455777471e+01
-2.082517017473077559e+01
-1.844304177979819670e+01
-1.799389352461496472e+01
-1.908477049543310500e+01
-2.023299972847117445e+01
-2.083782903110797946e+01
-2.065441015830434779e+01
-1.993675362843986676e+01
-1.954534646341866733e+01
-1.965052098989045959e+01
-2.000331639644991810e+01
-2.055006841100952997e+01
-2.085250875871945553e+01
-2.040610044543990043e+01
-2.000640277981493398e+01
-1.993319840145608524e+01
-2.011763751976551617e+01
-2.035996452165178994e+01
-2.035985818591777630e+01
-2.017588747670525251e+01
-1.972622178001367388e+01
-1.976215637177902806e+01
-2.015724678302118988e+01
-2.110222652638724128e+01
-2.204950862407621770e+01
-2.219417235397418153e+01
-2.177927907309587496e+01
-2.115213504148526269e+01
-2.078252157142278733e+01
-2.066287662843602746e+01
-2.107485457533610784e+01
-2.181914621150627909e+01
-2.178857786208169500e+01
-2.129780616372921287e+01
-2.079581707968939597e+01
-2.069465038454055161e+01
-2.123476695778903789e+01
-2.197192285254964617e+01
-2.250771256930614328e+01
-2.252139198289057020e+01
-2.174971096114332525e+01
-2.080836084039151501e+01
-2.064637011971665359e+01
-2.114370134123587164e+01
-2.194670199842888536e+01
-2.260055197967689011e+01
-2.232922667354528556e+01
-2.124631737687506217e+01
-2.037346908227261721e+01
-1.982198652515595683e+01
-2.020928045488240699e+01
-2.132577018704743210e+01
-2.198100209724554333e+01
-2.206874300028958302e+01
-2.151632979531335721e+01
-2.101089910124323623e+01
-2.063567449335855386e+01
-1.990872369613800075e+01
-1.833938806158089818e+01
-1.442797259777625385e+01
-7.549565630614430312e+00
1.168461796321374813e+00
1.010295297658227653e+01
1.641058780923635396e+01
1.951694449847926549e+01
2.089916385864511028e+01
1.905869885963081245e+01
1.745248285209660466e+01
1.755738797231350645e+01
1.865791436042323426e+01
1.885755674870077669e+01
2.004736930843692733e+01
2.076642742776558492e+01
2.097370216588408809e+01
2.197077163011963208e+01
2.408770423773513514e+01
2.715013708807868298e+01
2.898768239418863857e+01
2.997114392071367917e+01
3.010207478358868727e+01
2.982055422231695729e+01
2.844645329055704153e+01
2.775847015941900153e+01
2.813807992765453747e+01
2.830371517024122596e+01
2.844223367348624265e+01
2.868356861956584325e+01
2.906605141939546044e+01
2.955649137936153892e+01
3.005344951426598143e+01
3.044527773621102185e+01
3.125192550283571435e+01
3.122397939227683850e+01
3.093303042853903051e+01
3.075353536623456563e+01
3.087330979410221943e+01
3.100776526111460640e+01
3.109947582544187128e+01
3.156212956506909251e+01
3.183099639893970689e+01
3.196481072134001522e+01
3.223139059518076266e+01
3.224426421866850490e+01
3.220467569048918222e+01
3.219723043972746268e+01
3.173603802841993016e+01
3.150801782491635450e+01
3.130890582582030746e+01
3.122097701430734062e+01
3.136151727333032824e+01
3.120640868866578543e+01
3.096798774145466027e+01
3.080584366084751125e+01
3.046143648222875200e+01
3.061649618031526643e+01
3.106737928789801018e+01
3.127599136645037348e+01
3.158476782896597257e+01
3.166713917473727591e+01
3.144113241828135585e+01
3.194190108314400689e+01
3.298894410503575614e+01
3.374925387621036776e+01
3.486346866976282399e+01
3.587599477530242353e+01
3.591751875876200018e+01
3.534814413196556160e+01
3.588660984670025300e+01
3.617180183517977810e+01
3.613691959036226109e+01
3.685106578967800317e+01
3.708455812003745677e+01
3.708274926723575504e+01
3.749487902669966388e+01
3.749971970966998924e+01
3.785758469262473369e+01
3.742843855923251795e+01
3.501325542717017925e+01
3.023916803746295301e+01
2.337945337724667283e+01
1.502911274834265498e+01
6.786611270973517129e+00
6.919006583761868612e-01
-4.392308884686868531e+00
-6.188315382572599610e+00
-7.199646382763150498e+00
-8.335126912914162745e+00
-8.399194538754439776e+00
-9.071522353850555831e+00
-1.149504595392533446e+01
-1.269916159604332151e+01
-1.444891578030381396e+01
-1.652603488266069931e+01
-1.775759548629352125e+01
-1.854170070452807551e+01
-1.898470925184914648e+01
-1.949627168171332059e+01
-1.978943415839627207e+01
-2.022688993573941474e+01
-2.098526942729358069e+01
-2.176277871485905635e+01
-2.238661406147141264e+01
-2.306934629706115913e+01
-2.315603036675002002e+01
-2.337438849086315074e+01
-2.365819953590315805e+01
-2.390517296856875262e+01
-2.428717528357830346e+01
-2.467389436056561536e+01
-2.477641572469804032e+01
-2.484327418930066145e+01
-2.501734972768667120e+01
-2.517114306177542815e+01
-2.558802269996781220e+01
-2.594073771949425478e+01
-2.621881410121917710e+01
-2.629966695425931178e+01
-2.635722444236476747e+01
-2.653815454918333927e+01
-2.683620730350929051e+01
-2.716802905201433305e+01
-2.738456254933209166e+01
-2.755737523822070756e+01
-2.747696650696362042e+01
-2.746516130242819642e+01
-2.766405908910721578e+01
-2.796633803024234410e+01
-2.824402959673119540e+01
-2.831605588397039597e+01
-2.833019712831672621e+01
-2.827690866483604282e+01
-2.829614519863076438e+01
-2.864487622616694651e+01
-2.904969241340573305e+01
-2.937213627454246634e+01
-2.944355782106997665e+01
-2.919886863301113422e+01
-2.905872316147961598e+01
-2.908853371903411045e+01
-2.935957055109926372e+01
-2.975607507582073552e+01
-3.009216135370987644e+01
-2.996524912004463204e+01
-2.955128077915887985e+01
-2.891667408523168348e+01
-2.853580441471958196e+01
-2.797159005972322987e+01
-2.646472933494994351e+01
-2.370336020206226735e+01
-1.892303373710618786e+01
-1.272662888389556279e+01
-6.147919772915118486e+00
1.064936915601206735e-01
5.858252068467630913e+00
7.995908605583039730e+00
1.009947750279213174e+01
1.149660836549882603e+01
1.342687093480935090e+01
1.479786600965352861e+01
1.755155280695273490e+01
1.939620287139744192e+01
1.960350191662031349e+01
2.091399120405774070e+01
2.266754295616727077e+01
2.296618806960663051e+01
2.506667999094030819e+01
2.542485836254716958e+01
2.500798445537829906e+01
2.410957583098065626e+01
2.255527916167666191e+01
2.123215827448708026e+01
2.042948790287614003e+01
2.104768317809201861e+01
2.172252532454225360e+01
2.245153282860832533e+01
2.355413713291017075e+01
2.374412858743875887e+01
2.303220631496396820e+01
2.281071893661568595e+01
2.286366618461460121e+01
2.285068665761962947e+01
2.304125069293208483e+01
2.377864918317554910e+01
2.388213060825525602e+01
2.378846365147304809e+01
2.365213277377081269e+01
2.336435141006323235e+01
2.328601899840432665e+01
2.338075762241509281e+01
2.370926263036647796e+01
2.384701418738663037e+01
2.389788719492323565e+01
2.402651007492047341e+01
2.366099174610558720e+01
2.342853222433484106e+01
2.347094216154791368e+01
2.338521925134541490e+01
2.335427836793024170e+01
2.370731814532101467e+01
2.400494373674564841e+01
2.390253674786979587e+01
2.391669501216681226e+01
2.378715340184900384e+01
2.351244980655210881e+01
2.330631520031014503e+01
2.325402445906142646e+01
2.331314079214888224e+01
2.364074088319717148e+01
2.380018984250825298e+01
2.443750478518604652e+01
2.499835782417000019e+01
2.567792503375631696e+01
2.735596737239704623e+01
2.883197250726373184e+01
3.003544640209014815e+01
3.084034996161055275e+01
2.910379643247940606e+01
2.407384918282900443e+01
1.702967123219541179e+01
8.658942410538628565e+00
-1.036053302490123507e+00
-8.585833678181529649e+00
-1.337421797863276041e+01
-1.618026655430114502e+01
-1.685942778883749682e+01
-1.700538091578728483e+01
-1.741129712936875507e+01
-1.891708467023835993e+01
-2.088004401784365527e+01
-2.280495186399991070e+01
-2.331110590378760961e+01
-2.415192576928043877e+01
-2.419895338320190348e+01
-2.423151138317100362e+01
-2.518159675103313333e+01
-2.610773454140933936e+01
-2.711345656766970080e+01
-2.774062417826212013e+01
-2.833443072203485613e+01
-2.884155756444876673e+01
-2.888269226796428768e+01
-2.950247022012782239e+01
-3.004235313004364372e+01
-3.048511006089673359e+01
-3.112061160023771933e+01
-3.182671757244364485e+01
-3.212541004371228581e+01
-3.244965726597989431e+01
-3.262189818825544307e+01
-3.265640046478379332e+01
-3.291688559813725590e+01
-3.334029595332813045e+01
-3.425663620612826321e+01
-3.500803784597350443e+01
