-5.986660256577613026e+00
-5.986660256577613026e+00
-5.986660256577613026e+00
-5.986660256577613026e+00
-5.986660256577613026e+00
-5.986660256577613026e+00
-5.986660256577613026e+00
-5.986660256577613026e+00
-5.986660256577613026e+00
-5.986660256577613026e+00
-8.188488561569872815e+00
-8.957124437523468430e+00
-5.526452223576249878e+00
-6.633866871514338293e+00
-6.436219296206344254e+00
-3.758903155383232164e+00
-3.595607075247498674e+00
-6.224817640940880636e+00
-6.218770465754314358e+00
-7.609437417002956394e+00
-4.087542856161797467e+00
-7.973079792246065445e+00
-6.616811871743065510e+00
-8.178601027671508206e+00
-7.493909574553025088e+00
-9.231321295154637951e+00
-7.072457471786357530e+00
-7.420957581018129190e+00
-5.414814214010162274e+00
-6.514417865089715320e+00
-6.500223323851318291e+00
-9.914354916192193556e+00
-9.603939923796971811e+00
-1.121526136923376882e+01
-1.133596915392328697e+01
-1.061425620537989012e+01
-7.866278259615556934e+00
-5.452364139175895907e+00
-7.041437597083054278e+00
-8.446973047647025723e+00
-7.217549931494229298e+00
-9.368400208239133775e+00
-6.456070422288569866e+00
-6.246593377388896862e+00
-3.274966824425135314e+00
3.122095669655814199e+00
2.328734998046907645e+00
3.859245150591364748e+00
3.757285068773891457e+00
6.382068107014166713e+00
6.802533530509877302e+00
8.219692785237246113e+00
1.055408995744658895e+01
1.113127908225332341e+01
1.004009008193854768e+01
9.040225751187241698e+00
9.332412558189588481e+00
8.657620745103175253e+00
8.132596715421279043e+00
9.842218883016787601e+00
9.869588762151488837e+00
8.864114424547983262e+00
8.650500938401378903e+00
9.145010967046252048e+00
8.659145260320393334e+00
9.173843146981955243e+00
8.451346410637496476e+00
9.102137557458664929e+00
1.054514007119441565e+01
7.043948205329247259e+00
7.958733431971960037e+00
8.435318898639271978e+00
9.869422712258474562e+00
7.675759136772137836e+00
8.388864455241002105e+00
8.971585949704225627e+00
6.570045367232751232e+00
6.586341689600211602e+00
7.758735333606144202e+00
8.645536140610241560e+00
1.058133546896474719e+01
7.815835460392364098e+00
7.801244631924564743e+00
6.763022426581951407e+00
3.666853039251145585e+00
2.273771434056855334e+00
-2.232671664956242807e+00
-4.832159026074151598e+00
-7.542956842022800146e+00
-7.703465233397202461e+00
-8.319052270572917962e+00
-6.017094276775960537e+00
-9.263899214105489222e+00
-7.229330053161761249e+00
-8.235913475468464640e+00
-7.786184346226169950e+00
-8.640018782246119855e+00
-6.439517467310731824e+00
-5.457185987044733011e+00
-2.220605634962617980e+00
-1.345033351627493712e+00
3.790501715611815925e-02
-3.233053063816699435e+00
-5.438674795477324686e+00
-6.108322779760352539e+00
-6.697873326154964779e+00
-7.489813462383817289e+00
-7.649775447543598617e+00
-7.545394175751288124e+00
-6.987325512123167215e+00
-7.858766441400707237e+00
-6.037959738489221628e+00
-7.494726390116976944e+00
-6.419745977094942546e+00
-6.262306424173281982e+00
-6.875293924920515387e+00
-7.325216686933233134e+00
-7.369606474094585913e+00
-7.690214500880108162e+00
-8.459143032888073677e+00
-5.587006421740782436e+00
-6.221982569093166937e+00
-3.777270365029809618e+00
-3.297591557833460474e+00
-2.685282402433345261e+00
-3.475659791145943700e+00
-1.142590841223843245e+00
-3.299362768178831562e+00
2.283092741032097805e+00
3.853143165102258738e+00
7.834447634192629906e+00
9.281010185378645971e+00
8.293068289038853180e+00
9.582376265747360122e+00
9.160832327919935736e+00
8.201911728105466537e+00
8.442798920404342766e+00
9.378963140504271934e+00
8.727690533729937528e+00
1.015680824906393376e+01
8.578166423866312229e+00
9.923724064538298251e+00
8.866117069547675200e+00
9.625140264644032939e+00
9.502485627920231437e+00
9.906111959567111214e+00
9.113092094049454417e+00
9.053572279222263930e+00
9.357831976495535997e+00
9.136606253397262734e+00
9.759264641583714095e+00
8.755413806204238369e+00
1.089547247608986780e+01
1.111317883271782669e+01
9.990168819013190316e+00
9.504086125772120752e+00
1.002622141787271914e+01
9.059239476217365805e+00
1.017306115516394094e+01
1.068764898136937269e+01
9.755615433553911586e+00
9.896494308115867611e+00
6.570471860708411604e+00
4.510865630627183265e+00
-3.335040432118407949e-02
-1.249538929923799779e+00
-3.678154915011231818e+00
-3.646877747154080751e+00
-7.027859323987540208e+00
-6.188971984391441694e+00
-7.852932808754119698e+00
-4.976024527210343606e+00
-5.160566363939227408e+00
-5.290282114381379408e+00
-6.597364924011634102e+00
-7.570104567121898498e+00
-6.858828308874352686e+00
-6.459553603670221911e+00
-6.067568527603235395e+00
-5.765262886983487434e+00
-2.564662546406102361e+00
-4.005466396881782742e+00
-2.500602199939091719e+00
-4.831939659309617774e+00
-3.773938686195940750e+00
-6.814367088533948902e+00
-6.003086799120286088e+00
-8.232440208996688824e+00
-5.831966197450546119e+00
-4.329831087518652311e+00
-4.910483930106181560e+00
-4.116875052411062441e+00
-5.915606984607793883e+00
-6.519782982579137354e+00
-8.192992078584580895e+00
-6.674316192449046170e+00
-7.312194893223745495e+00
-4.777594905098618838e+00
-4.812318924528679709e+00
-4.439992835110810887e+00
-2.680673611493245900e+00
-4.279820509462805234e+00
-4.898343738411128356e-01
-1.325861652012904512e+00
3.601667435591986433e+00
4.219023251526684781e+00
5.247527341500282994e+00
7.678991665358889662e+00
8.879771054256446305e+00
9.302257982229487965e+00
1.047847978671219416e+01
1.101819960942586007e+01
9.536574597313233426e+00
1.094462721112928172e+01
1.011334758567765135e+01
1.077695362690199943e+01
1.136278887274994176e+01
1.143351266268017774e+01
1.283376205622512600e+01
1.047547333499125877e+01
1.056205118722637337e+01
8.727105401945690843e+00
8.891039137409455506e+00
1.010932160041850381e+01
9.862930021983148166e+00
1.067924098410765232e+01
1.046579525917802655e+01
9.996436451919791466e+00
8.025034604997152599e+00
9.678322092871528781e+00
9.486175142114019465e+00
9.571141682024338238e+00
8.268082140566562543e+00
5.827176097678436584e+00
1.563250247660501024e+00
-8.755133513951884883e-01
-3.873530178487659015e+00
-4.797416393799350587e+00
-4.953779815209768067e+00
-3.464541017584565452e+00
4.423283651773957104e-02
1.140972553380438015e+00
-2.299678897649133358e-01
-3.120473077613957091e+00
-6.082942767154992936e+00
-6.306585519865592460e+00
-7.999546501823219025e+00
-5.486147879902365965e+00
-4.720603619372772286e+00
-5.550048343255931549e+00
-5.606654978133274625e+00
-1.021619548191565485e+01
-9.225457628146186195e+00
-7.996313646186037793e+00
-8.611945818112799245e+00
-6.179862271531077589e+00
-6.930817452229414144e+00
-6.380844980696577018e+00
-7.233404885035009002e+00
-5.954051100012490494e+00
-5.990446001359754469e+00
-8.528911206431716963e+00
-7.173117293751499091e+00
-6.896500328079985920e+00
-8.097310545773780177e+00
-8.131026092666575167e+00
-5.889445279488205287e+00
-6.770326193319902153e+00
-6.297502700509176599e+00
-5.872598738316254341e+00
-7.692568779226527376e+00
-6.686421646636074634e+00
-7.620674414654903472e+00
-7.789070824374156210e+00
-6.612412213491237978e+00
-7.328783927383887509e+00
-3.002813652651441068e+00
1.779540589978201304e-02
4.022901825833266720e+00
6.210319523720888135e+00
6.268409055109835037e+00
6.834779530924558699e+00
6.313598676808244825e+00
6.984551302642843851e+00
7.704208532919548880e+00
6.879810428760415597e+00
9.493086899778074184e+00
1.024636218364770102e+01
9.908365272928939760e+00
9.478544928679635717e+00
1.033541007243693244e+01
1.092773096630251750e+01
1.079520359654708273e+01
9.079065067072745521e+00
1.037652223135429352e+01
9.504668972912796221e+00
9.667670461182972019e+00
1.039626197024035292e+01
7.435806984640127126e+00
1.097936125064114776e+01
1.272087417005854348e+01
1.267633970556995493e+01
1.057671003401349985e+01
7.476625616504137817e+00
7.313463684374082341e+00
3.334427367711243484e+00
-1.923955758387636550e-01
-9.829443544653877485e-01
-3.478364761154025153e+00
-9.889413898305678075e+00
-9.236265148536846326e+00
-5.347106179086162925e+00
-3.912224436333927358e+00
-5.559857118652161923e+00
-5.916015589904557892e+00
-4.873722957661056121e+00
-5.807564401504119900e+00
