-2.634226089948360894e+01
-2.634226089948360894e+01
-2.634226089948360894e+01
-2.634226089948360894e+01
-2.634226089948360894e+01
-2.634226089948360894e+01
-2.634226089948360894e+01
-2.634226089948360894e+01
-2.634226089948360894e+01
-2.588512974012250112e+01
-2.561564305730546565e+01
-2.555866654635723023e+01
-2.594633489993880104e+01
-2.639232759288090691e+01
-2.633794367558412830e+01
-2.633990179901579509e+01
-2.622363657245085733e+01
-2.617815289811484547e+01
-2.634690023740008513e+01
-2.633504985557251743e+01
-2.652669438889240894e+01
-2.644832849953524700e+01
-2.622387007582906193e+01
-2.606101280569611589e+01
-2.611508395781525138e+01
-2.631890101983562857e+01
-2.646130077489585730e+01
-2.644625083904089990e+01
-2.648927095822516264e+01
-2.650046433342118135e+01
-2.639851644762706329e+01
-2.635205993961728410e+01
-2.636658051090851274e+01
-2.644719618313189713e+01
-2.630148408100382440e+01
-2.596021475653612853e+01
-2.610104942496302627e+01
-2.623944509794689850e+01
-2.642520624886132197e+01
-2.670993589971509152e+01
-2.685576728759002663e+01
-2.667804094626230338e+01
-2.659101169034410717e+01
-2.646116563828810087e+01
-2.679387540283518021e+01
-2.734612240801824967e+01
-2.761747593546621360e+01
-2.797993896818319115e+01
-2.763876270221509657e+01
-2.714447920612024134e+01
-2.674427656055975078e+01
-2.643823689372606722e+01
-2.677438763833065849e+01
-2.700344419680176600e+01
-2.717780843881366337e+01
-2.711309004730943428e+01
-2.666173029599312017e+01
-2.613933559170840581e+01
-2.601088262175276711e+01
-2.632381267512822376e+01
-2.718299745930104194e+01
-2.746849263247831630e+01
-2.672108418014283870e+01
-2.368106259344555298e+01
-1.804043261950197063e+01
-9.967713099030511614e+00
-1.081741890421863417e+00
8.810978080464174411e+00
1.496313158219207295e+01
2.076664376162375447e+01
2.390625766504738081e+01
2.427753310791811003e+01
2.495445285686751546e+01
2.454619738485687819e+01
2.665146580560257661e+01
2.752983127852429490e+01
2.813274116742895359e+01
2.984801541660276669e+01
2.970445273669198016e+01
3.013673282218853799e+01
3.023118205687226023e+01
3.072443651864419323e+01
3.196115005066929982e+01
3.157471140689127154e+01
3.176261229497066907e+01
3.071514872545842678e+01
2.991929177444928456e+01
2.935414319796631588e+01
2.918382558406148775e+01
2.935876396895860907e+01
2.973477022599353603e+01
2.986300678356401761e+01
2.977194146375997974e+01
3.001271129777862257e+01
2.988275017871309913e+01
3.005984025699192230e+01
3.041286010075467772e+01
3.052040772497897692e+01
3.043401275722463240e+01
2.989085623908594158e+01
2.937546284702136035e+01
2.898877504329072963e+01
2.847500210988483360e+01
2.897876475969065524e+01
2.946632308081534646e+01
2.997431150588238324e+01
3.076731992365941792e+01
3.088899338546423223e+01
3.134303412442020331e+01
3.118626502414528545e+01
3.099194318320446229e+01
3.091698926598203911e+01
3.099732079277347552e+01
3.122797455211070528e+01
3.123852899930076887e+01
3.145298321881713122e+01
3.122102440037598114e+01
3.127097339018155608e+01
3.121572361911001892e+01
3.149629398462618468e+01
3.184121703882650323e+01
3.216675640199215991e+01
3.191808761894419533e+01
3.149681987269056549e+01
3.086509949681457599e+01
3.036318074866052896e+01
3.073962905949330349e+01
3.183753736694048797e+01
3.321178430657507619e+01
3.452152298134363662e+01
3.534248357221401449e+01
3.501816386488031441e+01
3.491291070271415009e+01
3.511199165709555103e+01
3.563656302655130759e+01
3.692484937585693672e+01
3.762029289521202458e+01
3.801959101969746513e+01
3.733840551076338699e+01
3.672531703890420118e+01
3.656013067929258398e+01
3.760446220227378689e+01
3.864205283673653213e+01
3.903346273739317240e+01
3.637988832795835492e+01
3.070221511612356124e+01
2.200252457153764141e+01
1.145234662738293352e+01
2.696832826037534936e+00
-5.243090858248223185e+00
-8.283394220668977681e+00
-1.069177422380901632e+01
-1.073527825181997386e+01
-1.151625059035906951e+01
-1.294231715337290467e+01
-1.417996821132600260e+01
-1.602043444054219989e+01
-1.660913271808227165e+01
-1.764594536662733759e+01
-1.733738167975755928e+01
-1.805703571212931990e+01
-1.817107784345116173e+01
-1.931312177193382951e+01
-1.985225871025069111e+01
-2.054356797224325604e+01
-2.078855138787928425e+01
-2.117661884529494998e+01
-2.149074789410796527e+01
-2.203003686900609637e+01
-2.266533090734074207e+01
-2.312485576235951967e+01
-2.351659290858332341e+01
-2.347716737574629420e+01
-2.345142638623796927e+01
-2.328622499686058234e+01
-2.375175226337620771e+01
-2.408876655969188718e+01
-2.473936658069797545e+01
-2.494625177051908338e+01
-2.504800804090770683e+01
-2.472276905542751635e+01
-2.463825908934299136e+01
-2.476602510760075404e+01
-2.503170662354866849e+01
-2.541468556233751031e+01
-2.582515158021665869e+01
-2.588741725567167151e+01
-2.597701821812621858e+01
-2.604288431879410481e+01
-2.618062427579425133e+01
-2.652184573106687893e+01
-2.669720227526440937e+01
-2.691380116962992375e+01
-2.681478537886966151e+01
-2.668611361837491813e+01
-2.683094421224737758e+01
-2.703364515764441833e+01
-2.745511357994568868e+01
-2.768175103663451964e+01
-2.772726934933485055e+01
-2.743920686543235377e+01
-2.724847271994495657e+01
-2.732952653837239865e+01
-2.771884166897869761e+01
-2.818385338109202465e+01
-2.839092579932760430e+01
-2.822486858925623210e+01
-2.762794513678925057e+01
-2.709202199971624836e+01
-2.726179271687792394e+01
-2.818834669690277650e+01
-2.920293456071460270e+01
-2.938478230389582890e+01
-2.754950055871696080e+01
-2.354657121713256274e+01
-1.785724227500831418e+01
-1.168820626944283525e+01
-5.400613681768756003e+00
-8.913572085959220459e-01
4.169458437325677558e+00
8.598347408160783800e+00
1.277463518347120264e+01
1.863657876644780842e+01
2.122246840639340704e+01
2.391751197648720506e+01
2.408096417343814366e+01
2.418618831586639573e+01
2.390156314991990882e+01
2.533581518958653334e+01
2.676328817682848893e+01
2.822860319047332212e+01
2.930353505748671239e+01
2.909240055803685365e+01
2.835051560589648645e+01
2.733890655457638275e+01
2.736762271646431444e+01
2.724606024751692601e+01
2.801173581412699676e+01
2.758598484123577066e+01
2.715306717453634633e+01
2.558481195131452424e+01
2.447519890004303988e+01
2.440586046489481120e+01
2.488563171001737828e+01
2.612252573562411584e+01
2.694321454413214667e+01
2.762401009477816416e+01
2.754381750022530895e+01
2.701598585931073515e+01
2.728050471522828246e+01
2.746397735239538562e+01
2.769256864860796696e+01
2.823134476426567829e+01
2.813461771811176959e+01
2.839612163345199392e+01
2.838522364353265104e+01
2.854316565914788129e+01
2.880056099146998250e+01
2.871848110018909495e+01
2.882203767243938586e+01
2.851345284119215506e+01
2.847900124409001421e+01
2.878565741892039398e+01
2.880790694804829144e+01
2.898545888520649427e+01
2.899517810312479682e+01
2.862715509694186622e+01
2.855811353709577105e+01
2.870754483072641960e+01
2.868205411523654647e+01
2.907275084146047206e+01
2.918180251079576593e+01
2.893059978837080948e+01
2.893924077994119415e+01
2.891473031158334095e+01
2.951027333633962968e+01
2.990595162926239681e+01
3.009869759846203152e+01
2.975939948054892881e+01
2.890423257347721631e+01
2.863616810599458518e+01
2.978881576242267215e+01
3.157232879281384186e+01
3.413113023480810426e+01
3.474948084990240460e+01
3.284968238425614828e+01
2.731683432147014656e+01
1.887566566127497225e+01
9.490856802210046794e+00
5.932324402026596388e-01
-4.628457184209081809e+00
-9.044684526091183230e+00
-1.079163807252281870e+01
-1.227902287386905478e+01
-1.431579505737000524e+01
-1.572979353450188000e+01
-1.802776942076886968e+01
-1.821137219013359854e+01
-1.885846862671771618e+01
-1.816541392780620257e+01
-1.772873403088048150e+01
-1.750924892804424360e+01
-1.888539297214321167e+01
-2.024893875486004191e+01
-2.094069190290335669e+01
-2.211129162484454724e+01
-2.326755624185167903e+01
-2.296608822079033629e+01
-2.381279110001270993e+01
-2.482973339842305904e+01
-2.497886358704739962e+01
-2.537294755336651519e+01
-2.554040938438753727e+01
-2.593352246518646353e+01
-2.578787997305482804e+01
-2.587119305505462563e+01
-2.621502004898453109e+01
