-1.977733138667622237e+00
-1.977733138667622237e+00
-1.977733138667622237e+00
-1.977733138667622237e+00
-1.977733138667622237e+00
-1.977733138667622237e+00
-1.977733138667622237e+00
-1.977733138667622237e+00
-3.577841517561356710e+00
-6.007639439079740740e+00
-8.163607316999081931e+00
-1.020332810473174234e+01
-1.074679082135505581e+01
-8.867440780320047011e+00
-5.727188757932294649e+00
-4.855321545327012878e+00
-4.413342156904445979e+00
-5.300622351826641321e+00
-7.829496954490934080e+00
-8.102382253010604884e+00
-8.163650786991972552e+00
-7.055066477819456061e+00
-5.897425306885711649e+00
-5.452143179520885674e+00
-6.763293435748479965e+00
-7.289874771181997559e+00
-8.737357201064492429e+00
-8.629589582581806084e+00
-7.654913266759721502e+00
-6.948748866838546867e+00
-5.350090933901941348e+00
-5.854946681120235752e+00
-5.507867981666729307e+00
-6.472547551912533947e+00
-7.310146121362929073e+00
-6.948283378219510809e+00
-5.882939414364106057e+00
-5.222950086896108957e+00
-3.765265524016840892e+00
-4.228982645400830798e+00
-5.442059195173628794e+00
-7.676471911723451669e+00
-8.780981197912808511e+00
-9.636610659997494110e+00
-7.078419747488997160e+00
-4.273468376026988480e+00
-6.337570139444075323e-01
3.446893093487559234e+00
5.619245508506018005e+00
7.128206678649569916e+00
7.937229245709061409e+00
8.803704886358151072e+00
8.834449410870046648e+00
9.113290862806859849e+00
9.871306209847743318e+00
9.966134424398809699e+00
9.811128832728842397e+00
1.030921888498984096e+01
1.097459876081450503e+01
1.095311095403905988e+01
1.094877728994413957e+01
1.051048791102546609e+01
8.746860584698609387e+00
8.565353803458668480e+00
9.138317961711278414e+00
1.045295942741458539e+01
1.169716849040178275e+01
1.217377890069411883e+01
1.207409784074061854e+01
1.117114041537696600e+01
1.067181579073532838e+01
1.027665025591530146e+01
1.083401006463856930e+01
1.106370472977034325e+01
1.094497422963338629e+01
1.060803810786207002e+01
9.322104619892556343e+00
9.073343340414957936e+00
8.964072291113748037e+00
9.821084985770429654e+00
1.091137716557214254e+01
1.050903273251725700e+01
8.528031874482536523e+00
5.588087037630601550e+00
1.957199443080751777e+00
-1.081276768964588797e+00
-3.100803689898040005e+00
-4.552936211537719657e+00
-5.568373434690419899e+00
-5.792425402585092975e+00
-7.868808180398781715e+00
-7.746134429736732940e+00
-7.795289663220356324e+00
-9.732620066796709324e+00
-9.043332974847363204e+00
-9.006647415702964565e+00
-8.320060934075552694e+00
-7.413663756636731605e+00
-5.784289358008664728e+00
-5.665038575709482771e+00
-6.389626894265822088e+00
-7.744455605501177509e+00
-8.482359907630275586e+00
-1.009738423496265192e+01
-8.860474883685268921e+00
-7.063774446505359350e+00
-5.777334809424976569e+00
-5.270815175803027053e+00
-5.707180503649315284e+00
-8.201596906762043560e+00
-1.074048563713357751e+01
-1.007918552240461985e+01
-8.299536699383679661e+00
-6.353635843769457558e+00
-4.466540803964884176e+00
-3.762248667249636469e+00
-6.362438207163904735e+00
-8.364964897313940995e+00
-9.548414345958654792e+00
-9.966481510432110724e+00
-9.076317815718050852e+00
-7.181812908750148772e+00
-6.272423260762557184e+00
-5.953937621985663675e+00
-6.161059501948129125e+00
-5.546365071751831799e+00
-3.429639631779498821e+00
-7.265524111104419980e-01
2.321518011415012683e+00
5.096114482348419017e+00
6.744588130806350890e+00
7.477117236404742684e+00
7.622067452111903840e+00
8.476994625237173508e+00
9.219784670656920866e+00
9.400705221451641336e+00
1.008784270343705991e+01
1.040348786377757229e+01
1.000282767066585876e+01
1.017061984411292030e+01
1.036483389080189177e+01
1.063706359993136452e+01
1.060873633064519517e+01
1.012844568463200012e+01
1.000671355927794437e+01
9.571435099115429779e+00
9.221952257723053492e+00
9.344230093942117676e+00
9.474490961968113467e+00
1.004922254674927551e+01
1.060257332159709875e+01
1.093950784249215502e+01
1.092519598979665041e+01
1.050755319656705922e+01
1.021040252775627977e+01
9.663848926376607196e+00
9.818483946429486409e+00
1.005328084914753362e+01
1.059466792917053546e+01
1.160204913637197066e+01
1.192815132314735571e+01
1.056907026038215491e+01
8.726919081283366353e+00
6.347916954670317580e+00
2.443266264165839807e+00
-4.279855503286502660e-01
-1.755714557872462667e+00
-3.350119780959666560e+00
-4.985430783348809847e+00
-4.963464556622767532e+00
-6.169795782181290100e+00
-6.536243725318466424e+00
-7.091295073639628299e+00
-8.219852439914919984e+00
-7.542082402059565815e+00
-7.413232127217757039e+00
-7.157682841542285068e+00
-6.306115484554077888e+00
-6.759801269986608574e+00
-6.343163680681443317e+00
-6.424011874706049063e+00
-6.081987228850620930e+00
-5.795105873244780881e+00
-5.219493939863206755e+00
-5.674129699607266097e+00
-6.127282554095968337e+00
-5.915967562403727342e+00
-6.854192173293617074e+00
-5.808691010960687962e+00
-6.227065397501761801e+00
-5.033498717330846084e+00
-4.073651645692424772e+00
-5.820366999734468472e+00
-7.040310614265071543e+00
-8.628328494439642782e+00
-1.007709763953400639e+01
-1.130727517512097791e+01
-9.438142025014538916e+00
-7.203294497402376706e+00
-6.419836101372104586e+00
-5.177852628208165164e+00
-4.290636068610093723e+00
-3.308191840352402213e+00
-2.288511347170923749e+00
1.186365192294421167e+00
4.446369626439139466e+00
6.378758014453119074e+00
7.702286075950216748e+00
9.270275036705593052e+00
9.198334931575487872e+00
9.536233716892347445e+00
9.564995484395272030e+00
1.059253934780534046e+01
1.120268398262668796e+01
1.140285598468136641e+01
1.114633142029871316e+01
1.115725647250640229e+01
1.163104520178318069e+01
1.190453886010407025e+01
1.266602537877313317e+01
1.202823867465321328e+01
1.142160910060219337e+01
1.129891839966535372e+01
1.096418547584139702e+01
1.120779338049826457e+01
1.267240113141836133e+01
1.248327951647594247e+01
1.181308476996444767e+01
1.088766129091359325e+01
1.053551961348297539e+01
9.762993805034881234e+00
7.839091361631798094e+00
5.635771732939447887e+00
1.955785718245420135e+00
-4.104805596369561549e+00
-8.320369885227183460e+00
-1.003456747650323777e+01
-9.805546733100793944e+00
-8.041835617535369352e+00
-5.173641532808924026e+00
-4.200743006743302033e+00
-5.905645209827950382e+00
-8.289287650793715656e+00
-1.012667521711513530e+01
-1.045743083969695597e+01
-9.362141273903137773e+00
-7.580576622690808897e+00
-6.627918495582151515e+00
-6.930941184723031334e+00
-9.150745963691338858e+00
-1.036322704533778349e+01
-1.005449671527099298e+01
-8.927293188669100488e+00
-7.796038328587314936e+00
-6.317133133065658157e+00
-6.313613038437890346e+00
-7.030002363159473688e+00
-7.420488398428306986e+00
-7.887199185802232115e+00
-7.004808433172227566e+00
-8.280852699962915509e+00
-9.655323944990149343e+00
-1.040798929503497838e+01
-1.099898426808819174e+01
-1.027783037203686156e+01
-8.389227187141930386e+00
-7.348470005420391082e+00
-6.444524120221282182e+00
-7.182788223390629945e+00
-9.457864101951496849e+00
-8.413997167067085670e+00
-5.877380574715101780e+00
-1.758472693500236606e+00
3.819125401009896503e+00
6.990945188533553178e+00
7.785101524730309919e+00
6.702183936702938105e+00
6.223812121948877341e+00
7.033711049365229506e+00
8.453788710422108110e+00
1.006160222063222598e+01
1.061920449005036104e+01
1.007104672208224727e+01
8.475382310819359333e+00
7.585139612261762032e+00
7.774566462279904222e+00
9.107954132660813329e+00
1.000396636823165686e+01
9.828436520293431400e+00
8.952764061058848810e+00
8.325611780199418277e+00
7.174139803777402236e+00
8.291055110881025314e+00
1.047931449727333053e+01
1.134033182750166091e+01
1.119037092082888307e+01
1.014656598874954341e+01
9.169024504944896847e+00
8.931542733323801997e+00
9.897972524166554820e+00
1.191589805228649368e+01
1.187642819989668119e+01
9.292325288257206495e+00
4.887617190285389768e+00
-4.529341753199300769e-02
-4.341448677615762364e+00
-6.411511597046409605e+00
-7.973512395852466739e+00
-7.402258735591548344e+00
-6.892993630793236015e+00
-7.740727641784088675e+00
-8.575904401879688166e+00
-8.438406280406045568e+00
-8.509303521341795573e+00
-9.662114557212523991e+00
-8.428745043125607239e+00
-7.712900424515386710e+00
