-5.818363342341529965e+00
-5.818363342341529965e+00
-5.818363342341529965e+00
-5.818363342341529965e+00
-5.818363342341529965e+00
-5.818363342341529965e+00
-5.818363342341529965e+00
-5.818363342341529965e+00
-5.818363342341529965e+00
-5.818363342341529965e+00
-5.818363342341529965e+00
-4.844358897228189242e+00
-4.815825488807282007e+00
-4.780987754438305259e+00
-5.361249796051457572e+00
-6.323350058205055468e+00
-6.255382199844301105e+00
-6.190469994253009922e+00
-5.323629969195400768e+00
-5.092395392929204512e+00
-4.182091894996873727e+00
-4.108955814355322644e+00
-4.159762945109168442e+00
-3.950380728190376445e+00
-4.926765624707700297e+00
-5.139418249789417636e+00
-6.153659274665638002e+00
-7.779139963771999788e+00
-7.741860036170469250e+00
-8.022657489215001547e+00
-7.806989933635954948e+00
-6.665172803690385450e+00
-5.704740668864207720e+00
-5.536999103110185061e+00
-5.762761534045068856e+00
-6.534953179109533217e+00
-6.897937603884837898e+00
-7.396332056718456727e+00
-7.005796890689940604e+00
-7.167680624571573844e+00
-6.471611415362946929e+00
-6.358457256851410833e+00
-7.620321031783405807e+00
-7.961811397956474856e+00
-7.064376760751075679e+00
-7.187576320804360819e+00
-6.330177590276214517e+00
-4.020395996679267725e+00
-3.315014465825071088e+00
-3.057797958677586969e+00
-2.390992591735288109e+00
-1.686469134852650376e+00
-6.322697154045159307e-01
1.485436718596636618e+00
4.105273873311545252e+00
6.492417788800691092e+00
7.655989754269342917e+00
8.273578038368762932e+00
8.131430168439131023e+00
8.200164714804019539e+00
7.870016858958779338e+00
8.133307391443443279e+00
8.419154394537970987e+00
8.324149684353983503e+00
8.127992007931904794e+00
8.314244756581869567e+00
7.978992412091267639e+00
8.329483919242550272e+00
8.693877172242565621e+00
9.038622096886472335e+00
8.822426670008235661e+00
8.837371442382636388e+00
8.408885164097322118e+00
8.101204089833139221e+00
8.230052369617046892e+00
8.226398917062518024e+00
8.045159585355545317e+00
7.931062288496524282e+00
7.615866963669518874e+00
7.158581133483283843e+00
6.986041448671114651e+00
7.004508832663891127e+00
6.751924344448140047e+00
6.925834055883537843e+00
6.668121862696559710e+00
6.614524137002721460e+00
6.831196002671399370e+00
6.982213939275728976e+00
7.112934245065933858e+00
7.319418641346986831e+00
6.928562313175421927e+00
6.488650750921108212e+00
5.657450679145730632e+00
4.807431789064164462e+00
3.764164036359756160e+00
2.479415213373735494e+00
6.306327509073821336e-01
-1.125826528609148891e+00
-3.413585148285292803e+00
-4.918122624434604795e+00
-6.047140316004574245e+00
-5.769369223909624367e+00
-5.302760889230714980e+00
-5.416526161838130626e+00
-4.515732415095452978e+00
-5.028456260576829706e+00
-5.346050455543549518e+00
-5.399381875992649960e+00
-6.393838383162130157e+00
-6.061820819831064355e+00
-6.646305872390889213e+00
-7.555947861836399326e+00
-7.083262785068555445e+00
-7.124971513593818528e+00
-6.659104480166039508e+00
-6.305647414409588869e+00
-6.384364079796797320e+00
-7.041973586164822052e+00
-7.625123461289927462e+00
-8.114103318850940383e+00
-7.829865859179836463e+00
-7.692965691609594536e+00
-6.911586684479351206e+00
-6.926777362082155776e+00
-8.219660206377819023e+00
-8.875293953863664598e+00
-9.088048993021846655e+00
-9.277018453428611977e+00
-7.974310273182735997e+00
-5.954118083507362158e+00
-4.205845898897667468e+00
-2.705277983962995236e+00
-9.471524858974176286e-01
2.799625715656933744e-01
2.052887035302639607e+00
3.939084166970842293e+00
5.634150289217757290e+00
6.711019268744649935e+00
6.940200757609250815e+00
6.547324027635656130e+00
6.320726297347709632e+00
6.149386705940967701e+00
6.648331050471687043e+00
6.958899062409574121e+00
7.156397798974386326e+00
6.614419849664976425e+00
5.783330497383595059e+00
5.272383139710146160e+00
5.214521168187569167e+00
5.731217287131968874e+00
6.453626667860510757e+00
7.259022381326771800e+00
7.808747884303276265e+00
7.923685442236298115e+00
7.897057910966705840e+00
7.782458140707381844e+00
7.937868474715060962e+00
7.307717980675692004e+00
7.521165779150485342e+00
7.479690358958205998e+00
7.492387950343267988e+00
8.162783846262321674e+00
8.752345098495498021e+00
9.108082544495873734e+00
8.612453855033521677e+00
8.341494023667682001e+00
7.747769243092538005e+00
7.825958981722261676e+00
8.278491393894087835e+00
9.027864863088405301e+00
9.180713056969752373e+00
8.317614461410732574e+00
6.750602213561887055e+00
4.281358648543568179e+00
2.539465563636016832e+00
1.100766944859127294e+00
-5.806150152105008511e-01
-1.076239646353446711e+00
-3.084168219778422593e+00
-4.657684645091039854e+00
-6.485051356422342650e+00
-6.247989849960152497e+00
-6.142285423585487791e+00
-4.852644355481953831e+00
-4.373148635050986499e+00
-5.155977563185267343e+00
-5.587014071812895999e+00
-6.744795991966558546e+00
-5.801777776764497574e+00
-3.511332183659520823e+00
-2.154661373400741375e-01
1.943410845746367688e+00
2.075683982163775365e+00
-7.294983888967170316e-01
-5.099524287214006968e+00
-8.426340656789914618e+00
-1.109855003460010892e+01
-1.042346061681150360e+01
-8.442722283967915686e+00
-6.553219711723937024e+00
-5.220224996323179489e+00
-5.652360543243401203e+00
-6.891275758163663667e+00
-8.214749145295449750e+00
-8.218216288563658267e+00
-8.265079567733922161e+00
-6.749966060461861872e+00
-5.417530755218342264e+00
-5.381527618413209701e+00
-4.472395831351019702e+00
-3.426756330373855519e+00
-2.838339331952290046e+00
-8.650190189003237329e-01
1.771981352503249285e+00
2.871286311118960821e+00
4.130762644661482241e+00
5.677961707887963172e+00
6.152767297717084638e+00
6.936935527756721953e+00
7.640507396227382841e+00
8.831861143796531977e+00
9.350459465486821387e+00
9.437733593224947981e+00
9.645789955405520644e+00
9.313595651930793196e+00
8.845726619581611772e+00
8.336902914492746675e+00
7.969535146184568042e+00
7.989727203927344590e+00
7.643309910697520415e+00
7.774615914817586848e+00
7.905348158426880545e+00
8.123287780635122246e+00
7.725894674252261396e+00
7.469234541789466775e+00
7.322806036835395105e+00
7.130452787250274760e+00
6.973489616265047708e+00
7.025039951402958671e+00
7.491206828462993350e+00
7.600060444460848608e+00
7.482627928751828250e+00
7.640937169568515763e+00
7.535963526392361445e+00
7.606771688961171840e+00
7.565993558726900936e+00
7.605502767620206050e+00
7.625611991137152046e+00
7.314258565260511880e+00
6.349519401803634722e+00
4.847110550842340437e+00
3.399148514260788012e+00
9.586686364743715050e-01
-1.556451538324112427e+00
-3.501377588311050282e+00
-5.421918210459311105e+00
-7.077389163806032890e+00
-7.568844504851099053e+00
-8.305601281537107639e+00
-7.364103402046980662e+00
-7.414372137567352361e+00
-7.208062962902592297e+00
-6.375062425219122808e+00
-6.596471523306460583e+00
-6.933311285886515130e+00
-7.107418502376404490e+00
-7.040537998221220839e+00
-7.260544362517376449e+00
-6.814493494523255812e+00
-6.449054730191027041e+00
-6.393106172368291595e+00
-6.577233154675367288e+00
-7.130880874082603960e+00
-7.196739899816865460e+00
-7.113099605013052162e+00
-7.025092178331805215e+00
-7.081371036898631566e+00
-7.158661478726951799e+00
-7.804730094665135454e+00
-8.962846413955917413e+00
-9.636814535238483970e+00
-9.500555761347538208e+00
-7.967940580070848711e+00
-6.295449003872566784e+00
-5.347823048900830045e+00
-4.865016319971285697e+00
-6.021475106970622271e+00
-7.631500826582001906e+00
-8.175530611619043597e+00
-7.616446305670631745e+00
-5.535437463903781108e+00
-3.394161824390953264e+00
-9.869152601439927786e-01
1.038753038471272205e+00
1.702567254519067319e+00
2.125597524576016806e+00
2.506964961308928874e+00
3.389201904592093584e+00
4.336218951807627953e+00
4.949650878867425163e+00
5.344291090589626592e+00
5.031533026100877493e+00
4.720597521801731311e+00
4.886418105380241350e+00
5.182882606219046728e+00
5.786118041994479988e+00
6.287458447576394605e+00
6.016935563800031694e+00
5.212993107724786412e+00
4.987110629643025206e+00
5.038089237659640673e+00
5.148990102584325435e+00
5.562286658339512080e+00
6.134923490126158008e+00
6.203152606769853250e+00
5.722159935743957426e+00
5.611455919413294247e+00
