-1.597200307645850259e+01
-1.597200307645850259e+01
-1.597200307645850259e+01
-1.597200307645850259e+01
-1.597200307645850259e+01
-1.597200307645850259e+01
-1.597200307645850259e+01
-1.597200307645850259e+01
-1.671402038310475291e+01
-1.785704932315453775e+01
-1.843815849343812729e+01
-1.798194697155800625e+01
-1.730817935578136613e+01
-1.686481501698875007e+01
-1.699795237637976442e+01
-1.746477170669169254e+01
-1.786476107933460966e+01
-1.797469608688744458e+01
-1.769155413983203218e+01
-1.728384425985553463e+01
-1.709840093143681017e+01
-1.737276754303052329e+01
-1.782330679370524606e+01
-1.796261121908027292e+01
-1.784370725581081274e+01
-1.736698660600650612e+01
-1.687278180647480852e+01
-1.669019102774921848e+01
-1.678934989550119639e+01
-1.714700890150399459e+01
-1.755514201320042744e+01
-1.761186072079576448e+01
-1.735532321251598731e+01
-1.720874152765648546e+01
-1.718720625943786118e+01
-1.728423703049795179e+01
-1.737429782059893313e+01
-1.734654044479660939e+01
-1.710983760700027290e+01
-1.691012201947637195e+01
-1.683522498819667490e+01
-1.686365267852437810e+01
-1.710616303707610442e+01
-1.724148507671063157e+01
-1.709463171248795632e+01
-1.697995171839984607e+01
-1.705530194623473506e+01
-1.721161732892178975e+01
-1.756662825700696473e+01
-1.790707494329429750e+01
-1.799839558803334683e+01
-1.774581256575365629e+01
-1.737456084071968476e+01
-1.712502743772998315e+01
-1.719268594752064772e+01
-1.745703780828946705e+01
-1.778961414042737843e+01
-1.787755668590339297e+01
-1.757252822901380540e+01
-1.713969413456752733e+01
-1.666583856110562323e+01
-1.648024643919415766e+01
-1.665570880348404259e+01
-1.714368959671069348e+01
-1.750123159137164208e+01
-1.743160916774067459e+01
-1.703084411882340277e+01
-1.593762108043432235e+01
-1.386303750735875084e+01
-1.061824886476894036e+01
-6.800855358187275712e+00
-1.550970013527097624e+00
4.206596469995799836e+00
9.044713931784489347e+00
1.391473458418955822e+01
1.728166741607821066e+01
1.918530965864769300e+01
2.157646705495537276e+01
2.355653921719826016e+01
2.631508096066322366e+01
2.919435267655296329e+01
3.246018752233199223e+01
3.476978528543178726e+01
3.636744634781422292e+01
3.673360914238021735e+01
3.549207049403492675e+01
3.488376705127525668e+01
3.488542090260242645e+01
3.410658739146411023e+01
3.492283515479332578e+01
3.574101603298516494e+01
3.481284674522395761e+01
3.413894608795461494e+01
3.243897820689879552e+01
2.972331536494909088e+01
2.862943845263787068e+01
2.717540584932149272e+01
2.695551790741556175e+01
2.657384768774051764e+01
2.669226211484094335e+01
2.607736300105000993e+01
2.532052595730152333e+01
2.521988532199569377e+01
2.410008010912589071e+01
2.408397925323493993e+01
2.399473722704855660e+01
2.407748197441793181e+01
2.533151208484283501e+01
2.539069097316548351e+01
2.666148795481560896e+01
2.769903323800335571e+01
2.735023420725473997e+01
2.771693785755409323e+01
2.735255961523605706e+01
2.748586544749425542e+01
2.780660768489971346e+01
2.884545472267312505e+01
2.927051543252196453e+01
2.994570119772158279e+01
2.937842989036547436e+01
2.813458717177451973e+01
2.724519853171590711e+01
2.672131433527590261e+01
2.690276330741895094e+01
2.786622070976460819e+01
2.873640341119191177e+01
2.885054429642707419e+01
2.927953499619940558e+01
2.869160695989631193e+01
2.898963955303720041e+01
3.011913097314506871e+01
3.134495062596770154e+01
3.217074497456358984e+01
3.170397173268823465e+01
3.129891740118711851e+01
3.006585359724228113e+01
2.895862431924658154e+01
3.009288266727689631e+01
3.179267094177568964e+01
3.216386464084751395e+01
3.246186186879833713e+01
3.211222796045282024e+01
3.127231476848456282e+01
3.013147675886553145e+01
3.203306604396635038e+01
3.447431067129210902e+01
3.692403575136457761e+01
3.817687197666605670e+01
3.789223910328379930e+01
3.629208260237282246e+01
3.226216580448608084e+01
2.779419388060347629e+01
2.388553859531642232e+01
2.021840350184435309e+01
1.607702212510243100e+01
1.219362574923965958e+01
8.850418012492927033e+00
4.793485395474506916e+00
1.512427452770228609e+00
-1.274770994474544672e+00
-3.727159642498212744e+00
-6.162663991813111863e+00
-8.567123030852661358e+00
-1.046109565801648245e+01
-1.175800138151362262e+01
-1.273234416468548247e+01
-1.329200281739413825e+01
-1.343893814399259590e+01
-1.363401533202906712e+01
-1.412471918278338556e+01
-1.456026557266972787e+01
-1.470980589859551735e+01
-1.477734848580918658e+01
-1.485340376794545847e+01
-1.506490553561157064e+01
-1.523688327087763561e+01
-1.546680373199015790e+01
-1.575684842916590256e+01
-1.587086888271489649e+01
-1.569889984419249807e+01
-1.561510987080432145e+01
-1.574258262587148849e+01
-1.604478452377511388e+01
-1.627589939582838241e+01
-1.631409391490518246e+01
-1.632990596337740996e+01
-1.618586401457120161e+01
-1.608551599874675375e+01
-1.621179980305078772e+01
-1.670562030379509366e+01
-1.724467252638874015e+01
-1.748466559194602254e+01
-1.740764035873510807e+01
-1.702815782405633627e+01
-1.648979476105203901e+01
-1.608135716858870623e+01
-1.600603309041040490e+01
-1.615251942423470410e+01
-1.641614481976738915e+01
-1.655487792762392019e+01
-1.662223055408791694e+01
-1.663431433644505120e+01
-1.660301011947543870e+01
-1.647343903918671870e+01
-1.633678516968469552e+01
-1.648323828536372559e+01
-1.663067038785939999e+01
-1.670540635933119944e+01
-1.696569838096475280e+01
-1.716303342914444841e+01
-1.715613778878645235e+01
-1.701305327776604770e+01
-1.680618528301074122e+01
-1.655534542856727853e+01
-1.659625455404936289e+01
-1.661147203627358948e+01
-1.648237852450538909e+01
-1.656053804596347589e+01
-1.655013820957898218e+01
-1.658878594556107444e+01
-1.676217637094741519e+01
-1.721166887427937198e+01
-1.760377555340914313e+01
-1.766754674314835327e+01
-1.735604844553356330e+01
-1.687921849950289754e+01
-1.645269795323770623e+01
-1.619230108653668765e+01
-1.618480748722164009e+01
-1.654271072213651905e+01
-1.673406315715120485e+01
-1.666190865313117087e+01
-1.635968938541565976e+01
-1.620514687181043101e+01
-1.615939179480301746e+01
-1.613175854623312233e+01
-1.625323428253436475e+01
-1.634859613160062253e+01
-1.625171459189789047e+01
-1.606419173536909994e+01
-1.595307830192808396e+01
-1.615008079628773530e+01
-1.642123605934618524e+01
-1.662683347395507383e+01
-1.664024771782973744e+01
-1.650448377540282152e+01
-1.617879099971531431e+01
-1.594910155229220727e+01
-1.594577111483113718e+01
-1.623915340160389675e+01
-1.639685528909948786e+01
-1.642711114618007784e+01
-1.640596940608085319e+01
-1.642811624924151914e+01
-1.644260692537048385e+01
-1.654294493796599852e+01
-1.675266089225212696e+01
-1.679645722053540879e+01
-1.660385355258625140e+01
-1.630783723998435519e+01
-1.623503401425582737e+01
-1.648037839189646547e+01
-1.673238379428168443e+01
-1.693673820081016146e+01
-1.705096788257378648e+01
-1.689398171088084766e+01
-1.665130557973591863e+01
-1.663257568155288624e+01
-1.683457017920216714e+01
-1.720416329927920529e+01
-1.729451771485791056e+01
-1.699086879701656727e+01
-1.673355712924093908e+01
-1.647127287834994647e+01
-1.643156940022639034e+01
-1.668272668369098710e+01
-1.705665121273768747e+01
-1.720069185427510661e+01
-1.675795749451492256e+01
-1.617163055716723719e+01
-1.597706907126564957e+01
-1.615123563972715104e+01
-1.670812285484192472e+01
-1.747116663335212650e+01
-1.798919127276273144e+01
-1.761771798813528633e+01
-1.620008718269052039e+01
-1.400925256013179876e+01
-1.113185225741291084e+01
-7.377544207714688440e+00
-3.140269697463716980e+00
1.933271068254699632e+00
6.456187425755389064e+00
1.123331350292927056e+01
1.482249632003865791e+01
1.738655602002651435e+01
1.947743452488611382e+01
2.186942694897658157e+01
2.457323127122488060e+01
2.724988427272638347e+01
2.915942912986399094e+01
3.061192947385410434e+01
3.085298661916850804e+01
2.994300255940150635e+01
2.982385857990312772e+01
3.005161178535669109e+01
3.045518569375139961e+01
3.127918643665318399e+01
3.203025510731594494e+01
3.215903386571051215e+01
3.225884847121215415e+01
3.234564618828625271e+01
3.195307522527474475e+01
3.067882395904611315e+01
2.857479845277767083e+01
2.561457818661619257e+01
2.238630865735797570e+01
