-5.144877886306693959e+00
-5.144877886306693959e+00
-5.144877886306693959e+00
-5.144877886306693959e+00
-5.144877886306693959e+00
-5.144877886306693959e+00
-5.144877886306693959e+00
-5.144877886306693959e+00
-5.195605495303077248e+00
-5.129553921089036628e+00
-5.083302764461652856e+00
-5.318230793499530762e+00
-6.381515607773092569e+00
-7.772417729958405630e+00
-8.862190367739430030e+00
-9.284852869900211303e+00
-8.756694713505323691e+00
-7.472288775117447379e+00
-5.713428542891081818e+00
-4.590564961905613472e+00
-4.511206993627943973e+00
-6.068442918024611998e+00
-7.960983287231326422e+00
-8.632593338069943556e+00
-8.148678440384996335e+00
-7.073675255451607136e+00
-5.853936743839547319e+00
-5.161076183636843062e+00
-6.269316835614023198e+00
-7.716988150167148675e+00
-8.361362906514337112e+00
-7.890437765891356925e+00
-6.682823930167780091e+00
-5.052107347697273987e+00
-4.375924150728921269e+00
-5.250940500040091052e+00
-6.593335941120073151e+00
-7.845834502029585877e+00
-7.803019182408116983e+00
-7.164790257311525856e+00
-6.658549321102404939e+00
-7.208584270309200015e+00
-8.568038199363716245e+00
-9.558101024786642697e+00
-9.397796696787011683e+00
-7.473012063614033806e+00
-3.949305026248210115e+00
-3.211556398857047245e-01
1.877797381094328255e+00
2.417622593166227851e+00
2.718097289744678235e+00
3.190671845774683213e+00
4.743963110080229306e+00
7.286643349815130399e+00
9.643323027795934976e+00
1.070928035741673057e+01
1.045460052541598550e+01
9.527327513397924719e+00
9.008964781017093415e+00
9.505233351263754571e+00
1.084568570841341106e+01
1.202715864249023525e+01
1.235521482452626429e+01
1.166877662607041799e+01
1.056197658177063659e+01
9.956280830709888008e+00
1.047523905392480614e+01
1.184990315684115281e+01
1.297493693043536922e+01
1.309808984700157275e+01
1.215897882155794107e+01
1.072531211006950791e+01
9.841140248383796418e+00
1.006554386552601521e+01
1.141505104193212361e+01
1.308211604393625116e+01
1.403606891911993770e+01
1.372988164634990760e+01
1.218181223249449019e+01
1.022579343498942350e+01
8.658098290848494472e+00
8.208623141241625731e+00
8.626579417116492010e+00
9.389995608179454223e+00
9.177468242946268617e+00
7.344870087186659902e+00
4.197777936051466874e+00
7.091724821526523836e-01
-2.023254192484313041e+00
-3.250561692629029054e+00
-2.545789678987989468e+00
-1.325485189663631047e+00
-6.468428991752179780e-01
-1.874613894401045755e+00
-3.926301517184840328e+00
-6.326940563151552510e+00
-7.328683555782712133e+00
-7.099664459375593317e+00
-5.834705929456522888e+00
-4.892294409092930785e+00
-5.536729841363175808e+00
-7.466815019821909871e+00
-9.708510990833094212e+00
-1.028059771857820337e+01
-9.499862750573377923e+00
-7.190184592766983407e+00
-5.493044559372927793e+00
-5.589930233476267496e+00
-8.005733464397398080e+00
-1.037789098319834835e+01
-1.156807428429684137e+01
-1.033128298326610128e+01
-7.866265340832220510e+00
-5.667538057099148041e+00
-5.668109274352288729e+00
-8.094504785618264364e+00
-1.127409061275175617e+01
-1.266649606525488103e+01
-1.112551659883743937e+01
-8.027028035681018636e+00
-5.264398865105189174e+00
-4.520374550858388574e+00
-7.070347526919573689e+00
-1.079352732893166511e+01
-1.273573307173356284e+01
-1.115574443266750926e+01
-7.007169899384884104e+00
-1.901712070434563806e+00
1.349946151651816972e+00
1.819460691844370759e+00
7.489099886219641178e-01
3.589108597727432848e-01
1.676872722271579796e+00
4.879703779034712419e+00
8.272441650209291453e+00
9.984851421786823167e+00
9.567755827137611746e+00
8.170563649355905511e+00
7.363039551714120279e+00
7.914928553840917758e+00
9.478932520003425566e+00
1.063581867987249119e+01
1.053027728778788230e+01
9.234034903591046728e+00
7.894380069578849302e+00
8.004962043647180892e+00
9.959408795153978033e+00
1.244333775108629148e+01
1.364311310631627805e+01
1.293749836263650010e+01
1.100582402868053755e+01
9.187264277164016946e+00
9.141356961911776935e+00
1.107520232619135925e+01
1.359506655412189957e+01
1.465605177452659547e+01
1.367059657104798021e+01
1.147544036199046857e+01
9.712741349370919153e+00
9.741132982410338315e+00
1.169245217301124384e+01
1.408668708386448820e+01
1.493943518175162843e+01
1.313295164077355892e+01
9.447058444219631923e+00
5.639837925395865703e+00
2.647886938867416440e+00
7.033444918858906547e-01
-1.062289003858826186e+00
-3.285159110624762402e+00
-7.082956671609411892e+00
-1.046791633886561890e+01
-1.207886021404578969e+01
-1.141212040293047458e+01
-9.214983720980772119e+00
-7.206562454099179504e+00
-6.630240046112357177e+00
-8.037679436979139780e+00
-9.922092544328652508e+00
-1.143948045932050483e+01
-1.126450736069853598e+01
-9.671092940150114003e+00
-8.380383807696835774e+00
-8.622983653344542532e+00
-9.773939966752955399e+00
-1.094848527647919312e+01
-1.135382527015941001e+01
-1.042756478947387500e+01
-8.598131982045154942e+00
-7.255309762274437801e+00
-7.572772789388709569e+00
-8.811612854263080052e+00
-1.031977464868410088e+01
-1.040895750162396638e+01
-9.559497169785702297e+00
-7.851228047115801800e+00
-7.029009370404348367e+00
-7.343778159824444707e+00
-8.434344073191951452e+00
-9.034287288168741270e+00
-8.307631143645542338e+00
-6.322204634565888881e+00
-3.154296166208691243e+00
-9.017845748007995432e-01
5.716001960441536855e-01
1.631683432170373260e+00
3.000749533580564954e+00
4.699136666753385150e+00
7.350535762902794978e+00
1.003212299058196955e+01
1.149320139296460219e+01
1.177828978230544443e+01
1.165135426259351092e+01
1.145100939147686603e+01
1.154349207023881085e+01
1.212094790067226668e+01
1.269417154672172998e+01
1.268749526242332237e+01
1.213764503074460599e+01
1.157903300987416095e+01
1.155807987750287147e+01
1.193870610705302937e+01
1.218721892324551526e+01
1.193492974155166486e+01
1.120025916660886267e+01
1.028542525227809890e+01
9.917758958176431605e+00
1.069250123522127183e+01
1.208188951437187164e+01
1.309268624787381619e+01
1.275417761683767282e+01
1.088532237660329827e+01
7.791180962388044584e+00
4.498313508329464305e+00
1.861667781501534336e+00
-4.066527343268372396e-02
-1.535751709361709016e+00
-2.812937929721279318e+00
-4.671846340101274642e+00
-6.721401125922293218e+00
-8.285009205422745993e+00
-8.637227993378893132e+00
-9.278772151236962529e+00
-9.674091893970690137e+00
-1.034845325864856314e+01
-1.096015475990513721e+01
-1.193435929194171941e+01
-1.190747784127359488e+01
-1.085492066246703402e+01
-9.267004738170797395e+00
-8.338842257631181809e+00
-8.222520318053629040e+00
-8.858692777434310273e+00
-9.748222082857829207e+00
-1.047879484409280160e+01
-1.004820110659219701e+01
-9.020132210134052642e+00
-8.269635879037712911e+00
-8.510923594068579234e+00
-9.130415776839912567e+00
-9.834687819161977984e+00
-1.036955388136217948e+01
-9.687466812123723514e+00
-7.911305909816894300e+00
-6.469623651611066784e+00
-6.502159992091355534e+00
-7.251041934656811350e+00
-8.815668168291582063e+00
-1.020245269158866996e+01
-1.044706933497560719e+01
-8.663511158187384709e+00
-6.045716012311236121e+00
-3.645649694926781592e+00
-2.117495557624160973e+00
-1.430875667608728197e+00
-8.028322976683417433e-01
3.703505575679389983e-01
2.650124084119461099e+00
5.556498522377297355e+00
8.183539312843318925e+00
9.705204725154885637e+00
9.643275383555341307e+00
8.763864772346636300e+00
8.079814548512139538e+00
8.320573464639803518e+00
9.376149487470536670e+00
1.069491711303684589e+01
1.150017613182131271e+01
1.135194192071850772e+01
1.060205753389971939e+01
9.991780359230276076e+00
1.028057305215292949e+01
1.131005876272970134e+01
1.238167986181755253e+01
1.279464641787760470e+01
1.240712614908961520e+01
1.154014851518216744e+01
1.101673173945181361e+01
1.145651798561664414e+01
1.279041642772805609e+01
1.380485920385433651e+01
1.349276615787450595e+01
1.143237431648220692e+01
8.454371244371168714e+00
5.562826289442852179e+00
3.363870609688760283e+00
2.419132421606312811e+00
2.046622759631849586e+00
7.359061451759062455e-01
-1.878939147921342201e+00
-4.857513670034133924e+00
-7.492062745833829140e+00
-8.998759204658860256e+00
-9.367838875879852978e+00
-8.583337089671697839e+00
-7.941184258159536213e+00
-7.770366479868748399e+00
