-2.398829537783372601e+01
-2.416795511595704937e+01
-2.393402316527563656e+01
-2.321473933138087276e+01
-2.102129221145220939e+01
-1.974620810126454984e+01
-2.031314144166533353e+01
-2.166707718389374904e+01
-2.258392134931759898e+01
-2.248181358545258135e+01
-2.179992754850522374e+01
-2.111770995791462013e+01
-2.092714977729407977e+01
-2.140476062275299540e+01
-2.235152464960753349e+01
-2.307609963811266240e+01
-2.309128141661689426e+01
-2.245436315127176741e+01
-2.172205756275815958e+01
-2.146020412241986364e+01
-2.196790986231403409e+01
-2.283661865329846918e+01
-2.346178961569726695e+01
-2.338450054430298408e+01
-2.272934817350951420e+01
-2.202925097705546520e+01
-2.194348158038195962e+01
-2.259698086352752000e+01
-2.356002670839087898e+01
-2.415079847971010452e+01
-2.398173678484517879e+01
-2.319424284488678012e+01
-2.246504614451688298e+01
-2.249084773625543932e+01
-2.329104747533606101e+01
-2.427693302944401310e+01
-2.457783770927375855e+01
-2.397099737150743337e+01
-2.291247640679114994e+01
-2.229486263220963238e+01
-2.270742736534069195e+01
-2.395550715509034134e+01
-2.514880287253918212e+01
-2.536085757616105241e+01
-2.446374743930710238e+01
-2.314736300540214486e+01
-2.259494719042750432e+01
-2.345607492143266981e+01
-2.507007499330607914e+01
-2.607361792018184943e+01
-2.548059829842421564e+01
-2.359462391544669657e+01
-2.183250377722993107e+01
-2.183288819657375157e+01
-2.404394634945499121e+01
-2.709261781633648170e+01
-2.858746762717738576e+01
-2.672407079198512392e+01
-2.186822705026492741e+01
-1.647754741670271272e+01
-1.349520235548660629e+01
-1.394639222106372856e+01
-1.656599414491059008e+01
-1.775491237315474180e+01
-1.454248948549453502e+01
-6.226435379548368232e+00
3.992091835583636783e+00
1.170143078990421515e+01
1.415843144319420510e+01
1.145069456728746005e+01
6.732896982724938972e+00
4.271301984674214403e+00
6.853904372188631022e+00
1.359566183071310341e+01
2.084801835886555210e+01
2.556546430905590839e+01
2.637739486560661462e+01
2.465685473048514709e+01
2.283906917253297308e+01
2.342907264065416939e+01
2.620153964966836924e+01
2.922425821396739920e+01
3.059492787309915585e+01
2.974996748469974150e+01
2.765102456114809470e+01
2.609760467773342185e+01
2.653861429296168239e+01
2.850832879521856356e+01
3.075810881582658851e+01
3.162548206162973230e+01
3.106025261100155532e+01
2.994630115514848256e+01
2.972880269030485323e+01
3.071604551310134568e+01
3.247301283223062995e+01
3.389153210178797337e+01
3.409073679520830780e+01
3.322459196059818964e+01
3.226584101919212344e+01
3.234695446109586214e+01
3.332908696280241401e+01
3.456030957749817389e+01
3.511261105022622786e+01
3.469545013864559024e+01
3.369319662761785850e+01
3.321096472045098835e+01
3.372365084350643372e+01
3.495791065859256719e+01
3.588377196899743637e+01
3.584111962885189939e+01
3.490496900658322943e+01
3.391403595161148132e+01
3.378238391602263135e+01
3.474796475832926035e+01
3.608143608955984405e+01
3.661276737475549226e+01
3.585952080271030695e+01
3.441740640573025445e+01
3.331069659444280973e+01
3.353042942284048422e+01
3.499934354058615327e+01
3.662010874855501896e+01
3.709007767219683416e+01
3.618575726588360908e+01
3.463850240027315408e+01
3.380126874507299561e+01
3.452488536513674688e+01
3.655018163062227643e+01
3.841044944733329203e+01
3.871351632274718924e+01
3.717516178573946917e+01
3.490326533173666945e+01
3.368643728262844661e+01
3.453508503090549908e+01
3.693269103783028839e+01
3.907377259161445693e+01
3.933631118629664769e+01
3.733137569177726789e+01
3.436779745200984593e+01
3.258029573222528796e+01
3.314845740904953431e+01
3.519753998146097018e+01
3.652164116836464558e+01
3.459407279660898382e+01
2.834899362144751223e+01
1.926550402773968429e+01
1.001328463629238819e+01
3.664117811587255691e+00
9.592412882843062150e-01
1.226157884021073841e+00
1.794624646381719701e+00
8.212602692126230730e-01
-2.384348900421863426e+00
-6.937461796874353048e+00
-1.095442539398728243e+01
-1.336482304804571442e+01
-1.391915533638499980e+01
-1.368019006216531253e+01
-1.389586975408138159e+01
-1.509137929812086121e+01
-1.716408829258698177e+01
-1.924106947210793805e+01
-2.065911336447252111e+01
-2.122352315825790825e+01
-2.146485921887181547e+01
-2.194009721152867698e+01
-2.288835676622438342e+01
-2.427542005082004550e+01
-2.557729606017803903e+01
-2.618715103548952783e+01
-2.611738826843244965e+01
-2.571312601681498933e+01
-2.549949345281642366e+01
-2.584756794099640942e+01
-2.683935582625409566e+01
-2.797403009193081402e+01
-2.877972328144311476e+01
-2.898508235828360569e+01
-2.868753690722732941e+01
-2.831246813597097045e+01
-2.831310156510184939e+01
-2.886900750679839334e+01
-2.974078460509471711e+01
-3.049961938936062822e+01
-3.070905902009030797e+01
-3.035852230973189947e+01
-2.986953200064765568e+01
-2.974630584909693809e+01
-3.023337105685735438e+01
-3.110492856766718006e+01
-3.187660596842952998e+01
-3.207005083951703028e+01
-3.162909205815815383e+01
-3.094257256746517015e+01
-3.069898131561748400e+01
-3.124931681306470921e+01
-3.234308302267758251e+01
-3.327822349626646314e+01
-3.345595796817558920e+01
-3.272719055657284315e+01
-3.159413917503997027e+01
-3.097575589463572499e+01
-3.159823491088021896e+01
-3.325974437102618708e+01
-3.495540483591315706e+01
-3.550494379325105143e+01
-3.418444418274683017e+01
-3.081506175929285973e+01
-2.607042938663687082e+01
-2.098908231041180628e+01
-1.634111671990956793e+01
-1.221069110705469640e+01
-8.186270042705164229e+00
-4.197321671634454354e+00
2.132935619832243557e-02
3.973139353489449910e+00
7.741002567646892096e+00
1.077272353090210899e+01
1.322222768662999215e+01
1.535884692206682622e+01
1.725385166677349247e+01
1.863486414263622137e+01
1.946947749221101631e+01
2.020431116793648485e+01
2.055008604813027873e+01
2.103465798064971892e+01
2.210362007541309382e+01
2.351996304621360423e+01
2.463340434020235392e+01
2.541604608663242715e+01
2.582414669448478151e+01
2.577174736772546026e+01
2.553525243456308758e+01
2.564692177500354120e+01
2.603921053740646840e+01
2.650831798359384806e+01
2.684023669362153441e+01
2.718675224868608709e+01
2.740212328246650131e+01
2.761631956939309163e+01
2.780868529148107626e+01
2.802525976601414825e+01
2.809726643041561900e+01
2.799720136960376848e+01
2.779277448356663172e+01
2.765145589459085329e+01
2.762184239041710043e+01
2.770035252135797776e+01
2.778759083950866682e+01
2.780132132178444948e+01
2.772158116462475519e+01
2.772796487763891449e+01
2.781995976446188479e+01
2.796057244710485179e+01
2.800345353911862745e+01
2.791401140480293108e+01
2.768968114739967135e+01
2.748451663770164899e+01
2.747216534070980742e+01
2.763496154683574346e+01
2.772862289987546802e+01
2.756375777996074916e+01
2.729091334652385470e+01
2.702636129517857100e+01
2.697612231594167298e+01
2.724130905844949879e+01
2.775595623976464665e+01
2.800300553797256597e+01
2.767702733233694445e+01
2.699613328547317792e+01
2.652408329036919099e+01
2.667974488535802990e+01
2.754755549956930949e+01
2.870775741898977174e+01
2.944027967546857383e+01
2.904843452852804120e+01
2.740458877244336122e+01
2.508252774362968296e+01
2.285629524084290409e+01
2.067948655222673437e+01
1.820464716222969059e+01
1.465616892479913602e+01
9.613341827736133993e+00
2.944598947332130123e+00
-3.651291621169432844e+00
-8.996927733801250326e+00
-1.238522248612499332e+01
-1.429929425471031657e+01
-1.486138522965484299e+01
-1.573151328819866812e+01
-1.749721429281697382e+01
-1.987148415866808904e+01
-2.177703427369998224e+01
-2.328278314799651127e+01
-2.407476915490126501e+01
-2.474271384921741657e+01
-2.570714140525058511e+01
-2.732509374350874864e+01
-2.905041372738436678e+01
-3.044208044549753112e+01
-3.109971308152741187e+01
-3.108162288898470393e+01
-3.107078957223903970e+01
-3.148875592457658001e+01
-3.247140866218097699e+01
-3.357245822980925709e+01
-3.445791210440729913e+01
-3.491401126078522310e+01
-3.500377549911608099e+01
-3.510505481057964516e+01
-3.562278841555923492e+01
-3.642955755880613822e+01
-3.711501804968177964e+01
-3.726045287189150912e+01
-3.686337981482266457e+01
-3.638922788481475123e+01
-3.637447675843212380e+01
