-8.684011162087539759e+00
-8.684011162087539759e+00
-8.684011162087539759e+00
-8.684011162087539759e+00
-8.684011162087539759e+00
-8.684011162087539759e+00
-8.684011162087539759e+00
-8.684011162087539759e+00
-8.684011162087539759e+00
-8.684011162087539759e+00
-7.970799693441326994e+00
-8.682113377179327074e+00
-9.393427060917327154e+00
-9.732543025579472484e+00
-9.047084876414169585e+00
-7.029087546227959393e+00
-6.198429287641205043e+00
-6.335904804054970363e+00
-7.057931379999205390e+00
-7.976378748386852457e+00
-8.388340753130890448e+00
-8.027937547232889770e+00
-6.697852496979004755e+00
-6.084310736977102785e+00
-6.402563642792728160e+00
-7.381918059242289942e+00
-7.847176725295699207e+00
-7.456517031241210347e+00
-6.842289585746759606e+00
-6.462986075648030848e+00
-7.071085051181551506e+00
-8.656958119623787695e+00
-1.006143254056115133e+01
-9.789441908047507468e+00
-7.271356718098587635e+00
-3.666739173601195390e+00
-4.799087044062502194e-01
-3.159855841853004277e-01
-3.088293421389153526e+00
-7.335086269854649288e+00
-1.090340468052437650e+01
-1.160885851212970721e+01
-9.044930776717599485e+00
-5.062771118728604414e+00
-2.042591714636049272e+00
-1.035887515515415691e+00
-2.490894563767934500e+00
-4.889568192328423990e+00
-5.492947500815015260e+00
-3.771971388230541677e+00
6.314396633827001892e-02
4.540942144852962770e+00
8.169037111801017659e+00
9.326236174449260119e+00
9.302053932279997994e+00
8.657000510852693509e+00
8.148787800332099707e+00
8.059804255571902942e+00
8.528374601664388877e+00
8.698111989303969338e+00
8.588372773531075310e+00
8.358948549793243643e+00
8.579859477716730964e+00
8.778100880498270087e+00
9.225860456153570865e+00
9.138760071565670273e+00
9.090004929034922299e+00
8.782974880025740561e+00
8.709632111788348396e+00
8.654149143732025706e+00
9.061551574111438967e+00
9.039501273495330835e+00
8.761931487096846993e+00
8.181940104865628172e+00
8.300993764010078380e+00
8.753931750132588618e+00
9.468815115298561125e+00
9.895887279549478777e+00
9.936203398161779887e+00
9.117696787966005800e+00
8.146971800728746160e+00
7.810464846351343304e+00
8.385648508068570095e+00
9.166568624116914421e+00
9.704716290717311011e+00
8.743840462373345446e+00
6.126821236053720199e+00
2.134884984676235220e+00
-1.390720841216645631e+00
-3.982819633708563956e+00
-5.477155843277809133e+00
-5.368629566083182425e+00
-5.443609399034475160e+00
-6.031399028762065129e+00
-7.117266681180082877e+00
-7.496153812475277789e+00
-8.364491201383824404e+00
-8.014197924394551364e+00
-6.452253467186079838e+00
-5.273128915458784149e+00
-5.163932156106722182e+00
-5.145587446917107677e+00
-6.259541290478107811e+00
-7.570041963982310662e+00
-8.287738069010330832e+00
-8.071175344202396573e+00
-7.866951346327251571e+00
-7.354998669470218964e+00
-6.681122952077329202e+00
-6.290088532746931804e+00
-6.264426634564459917e+00
-6.984414318664383892e+00
-7.251679637905681375e+00
-8.126743355929779256e+00
-8.551372569001570056e+00
-8.656259503407888189e+00
-8.393211690502820232e+00
-8.573114097233382580e+00
-8.528619636300586393e+00
-8.388054028898274339e+00
-9.035695594989237023e+00
-8.770177075711195869e+00
-7.786022931997472085e+00
-5.893362285434479375e+00
-4.158023460666662174e+00
-1.662618527404347013e+00
4.896563342669935093e-01
2.407390522485627127e+00
3.818920526282281180e+00
5.441771005820462470e+00
6.694639182450977444e+00
7.366856797284953906e+00
7.627594581694167708e+00
7.849182002240739919e+00
7.959179286158961197e+00
7.871145590962775884e+00
8.032506696734856177e+00
8.407652509314617717e+00
8.653061298445463123e+00
8.593852792825321885e+00
8.651746812816126564e+00
8.968026278665677253e+00
9.109701342609364261e+00
9.227042096480156275e+00
8.817750376800631784e+00
8.380645428547630615e+00
7.910375511662346426e+00
7.754018189300065700e+00
8.129346896661227007e+00
9.038507970752977627e+00
9.985402553147116222e+00
1.022912176181568711e+01
1.017219098280613743e+01
9.525225727013523880e+00
8.899408905707948847e+00
8.387400747478096719e+00
8.686949597619072705e+00
9.063782132859575569e+00
9.563727893082848652e+00
9.640954413285484748e+00
9.638944841627788307e+00
9.800038707194826060e+00
1.031937137293219742e+01
1.050440615471475958e+01
9.806350450371343896e+00
7.943240152311988211e+00
4.533769074204586857e+00
-1.946322307931565021e-01
-4.178158693116566624e+00
-6.502174239103743147e+00
-7.442610587323413185e+00
-7.307002421548574489e+00
-5.616242947425611476e+00
-4.945155028373484640e+00
-5.191419582987650827e+00
-5.798777502786331084e+00
-6.158423621219490940e+00
-6.909670658900751050e+00
-6.534701126006141614e+00
-5.731295687606416500e+00
-5.851149670749480336e+00
-5.708296733104063492e+00
-5.725730329699764809e+00
-6.409554486299823495e+00
-7.014643092365374422e+00
-6.683120647593792540e+00
-6.793677375031951016e+00
-7.308360608593680752e+00
-7.213384366999645358e+00
-7.177341668291149723e+00
-7.265970352701206281e+00
-6.852760217856378233e+00
-6.119270363384393896e+00
-6.230382993939016956e+00
-6.220656505557648153e+00
-6.668230328282041874e+00
-6.756693873501866676e+00
-7.663787293105283283e+00
-7.432169266353426451e+00
-7.801060756588577227e+00
-7.726388225471151117e+00
-8.184721877998208939e+00
-7.770473342868360334e+00
-7.814854217995467422e+00
-6.498531016669737426e+00
-4.864219467937242136e+00
-2.003374689090953620e+00
3.579498862381402802e-01
3.543166928753481493e+00
5.778084424409870579e+00
7.347739335076866496e+00
7.725204586173086696e+00
8.179256363429351140e+00
8.185453789082508536e+00
8.268482283300171432e+00
8.657059344005514134e+00
9.391779918358754031e+00
1.003869264310276854e+01
1.018233906412845968e+01
1.002535334719620863e+01
9.904600098775663497e+00
9.615414265541309291e+00
9.452259104751934871e+00
9.479703973076643919e+00
1.001859641952411373e+01
9.983650095016377790e+00
1.013035055407175378e+01
1.014695205986813065e+01
9.985985738078014151e+00
9.806217785863315939e+00
9.657707680042930676e+00
9.705033044401940145e+00
9.555836309391393613e+00
9.820418880273615869e+00
9.638644730158125284e+00
9.909287988168239636e+00
9.910021508030570914e+00
1.033369033531622705e+01
1.028420369226233611e+01
1.036628915692436692e+01
1.012595600528103645e+01
9.771860993517625715e+00
8.499572354037962185e+00
6.645952933813294550e+00
4.504841569549446589e+00
1.948100447975994687e+00
-1.272882252585297191e+00
-3.783165984848150920e+00
-4.994927269858833618e+00
-5.791650575763478415e+00
-6.551551219769955914e+00
-6.212660552564319261e+00
-5.771426960797485961e+00
-5.920015437753689547e+00
-5.635715023135587920e+00
-5.445668692817376311e+00
-5.687607847700704156e+00
-6.681569217943786221e+00
-7.050702985596535299e+00
-7.539594399376619904e+00
-8.036564803198526619e+00
-7.688650785013318334e+00
-6.678872682940182770e+00
-5.794214049605185934e+00
-5.732885056075203600e+00
-5.941327019273554555e+00
-6.602458486680574445e+00
-7.601808753876292180e+00
-7.541638463358759203e+00
-6.741748070261714076e+00
-6.168371724953791713e+00
-5.644508264636403538e+00
-5.740546832208493377e+00
-6.299985554662094422e+00
-7.476601167657575431e+00
-7.579780562946610623e+00
-7.128658080637616301e+00
-7.013647022162704303e+00
-6.933653968560695269e+00
-7.350830706960914007e+00
-8.071160513346582022e+00
-8.650456555752830567e+00
-7.457353877968136757e+00
-5.198392459080924510e+00
-2.381414590282698196e+00
9.488408732539386214e-01
3.846738701877734368e+00
5.537682408001808554e+00
6.268848316339374449e+00
6.653185377058377092e+00
7.304332600901462413e+00
8.037796475058655687e+00
8.608703417571721417e+00
8.802464193385619140e+00
8.711733972247355240e+00
8.411529532921974806e+00
8.088358560613199799e+00
8.217241143175490592e+00
8.743910459545981340e+00
8.934305651587019170e+00
9.188676943250753126e+00
9.165581662691360876e+00
9.043323231547333307e+00
8.566568704976500470e+00
8.649035483604365027e+00
8.790217417833011027e+00
8.787210761791543590e+00
8.851890797691593704e+00
8.938479776720505754e+00
9.047532674814405595e+00
9.222405890619157276e+00
9.715677501871542887e+00
1.009874198705793091e+01
9.744264926389433867e+00
8.066418355118363692e+00
5.371885743037511318e+00
2.139005535536953051e+00
