-2.270799908860779581e+01
-2.270799908860779581e+01
-2.270799908860779581e+01
-2.270799908860779581e+01
-2.270799908860779581e+01
-2.270799908860779581e+01
-2.270799908860779581e+01
-2.260345986495001114e+01
-2.270772092011262089e+01
-2.281198197527523064e+01
-2.418845937270458890e+01
-2.538215111163869153e+01
-2.552217080696473417e+01
-2.498450505880945727e+01
-2.458202047595748496e+01
-2.465912678790590817e+01
-2.489658580933121357e+01
-2.492355503637081071e+01
-2.493556879344717103e+01
-2.497118645799547210e+01
-2.489592141233798372e+01
-2.473425792246444743e+01
-2.475054514009380213e+01
-2.486055918407760146e+01
-2.480119531915934061e+01
-2.464728492538291604e+01
-2.462634208746988662e+01
-2.477333085909819488e+01
-2.480535703140301962e+01
-2.463732018877005103e+01
-2.435249604125052869e+01
-2.410037961933069184e+01
-2.389940499098633353e+01
-2.397488464938036401e+01
-2.447300618797824256e+01
-2.520173863337181785e+01
-2.567469634663801514e+01
-2.563389183459974419e+01
-2.516281975438291241e+01
-2.431740483684538390e+01
-2.353522779737211579e+01
-2.315634509539852814e+01
-2.353104982591398553e+01
-2.429267635853515017e+01
-2.512030537372256234e+01
-2.542122854547989164e+01
-2.517547980579190892e+01
-2.436370922714406007e+01
-2.334033434296908283e+01
-2.260771546660597053e+01
-2.263179390924302936e+01
-2.331021330728076535e+01
-2.419014514702416818e+01
-2.488533502165104494e+01
-2.504630367970833404e+01
-2.453186596488726323e+01
-2.364759890908310780e+01
-2.299400002497099038e+01
-2.278950359117946789e+01
-2.297486386895597477e+01
-2.312319133572395558e+01
-2.292170882451605607e+01
-2.170710949494976205e+01
-1.943945089505101009e+01
-1.588191857464209100e+01
-1.119206665817788249e+01
-5.121195036064912109e+00
2.024434311301734901e+00
9.664081003296967509e+00
1.716801799960289188e+01
2.332266929431381186e+01
2.723815972708815281e+01
2.878549423784377481e+01
2.863921570974710562e+01
2.781431654500383033e+01
2.784885434330935894e+01
2.876351336426846927e+01
3.042474275047909771e+01
3.214090749133168146e+01
3.367073893277638774e+01
3.431759366951324353e+01
3.507109024991186175e+01
3.597433662042138280e+01
3.696185802261152276e+01
3.783433772952380991e+01
3.807139057402360294e+01
3.728792834992177774e+01
3.549811938861749638e+01
3.348048414570835263e+01
3.171926772406432704e+01
3.070063010973167295e+01
3.052397746439392989e+01
3.097269018102531035e+01
3.131440361876854794e+01
3.129734482395984330e+01
3.116854529225359727e+01
3.096968392608582832e+01
3.071400656824838649e+01
3.065041302070391538e+01
3.068125158297408817e+01
3.063751716004661674e+01
3.075776902962637394e+01
3.099585333644380825e+01
3.130459298996530393e+01
3.159836552156631129e+01
3.170469828894859532e+01
3.147501455629506850e+01
3.110059822686023523e+01
3.093764357679313548e+01
3.099486716863485469e+01
3.137511664743747630e+01
3.173645170717448494e+01
3.207901745730000442e+01
3.204862243229492691e+01
3.188951567783631091e+01
3.180684306475699330e+01
3.202850853686832266e+01
3.233599845743606238e+01
3.249582816583167499e+01
3.238166827828256089e+01
3.180623065981030351e+01
3.131921787788411393e+01
3.138449107499851110e+01
3.241891469163595474e+01
3.412559139662678120e+01
3.622584571470287074e+01
3.811469849589460779e+01
3.919083578415050795e+01
3.981285895419792098e+01
4.021097573336581377e+01
4.078829367475272250e+01
4.130070804327937850e+01
4.227982951711116044e+01
4.300881151789078416e+01
4.338382550869628318e+01
4.332060826785502172e+01
4.330632438931029782e+01
4.323631034031348719e+01
4.330924682011067262e+01
4.365605096038920152e+01
4.433708575407131036e+01
4.499063320002245803e+01
4.531183310913350226e+01
4.534144967085497768e+01
4.435116199776910406e+01
4.182390415083061441e+01
3.754326562776788023e+01
3.240450703296256307e+01
2.677976724377927198e+01
2.072502453257846966e+01
1.529210529305039223e+01
1.034186768064833295e+01
5.324888573043458528e+00
5.370265186863871776e-01
-3.972649064015235876e+00
-6.971290117557371602e+00
-8.867112912043744188e+00
-8.645939641696331890e+00
-7.943013918610550839e+00
-7.197722132080343727e+00
-7.131788275506127484e+00
-7.713379643275685815e+00
-9.037174629147338933e+00
-1.037140648748281180e+01
-1.126954887994823018e+01
-1.178603796471388954e+01
-1.245750931508384696e+01
-1.287539392080319978e+01
-1.384248869987757402e+01
-1.498861264837419327e+01
-1.547962644956970379e+01
-1.515453565827834126e+01
-1.485984360577910479e+01
-1.451773756621768818e+01
-1.459539348353346355e+01
-1.517603356216347699e+01
-1.609238582222828029e+01
-1.655173841114556765e+01
-1.671860461338472703e+01
-1.661763882062631836e+01
-1.649997591219863224e+01
-1.666951257939104281e+01
-1.719635708276344488e+01
-1.769038540127906600e+01
-1.805697516289933802e+01
-1.821883918746209474e+01
-1.818086926356110666e+01
-1.810470337234632865e+01
-1.833161786097410939e+01
-1.872564179018483088e+01
-1.905433726661320648e+01
-1.914506768366909384e+01
-1.903053431630254266e+01
-1.885283287052620338e+01
-1.877113583443936662e+01
-1.888205104514829458e+01
-1.912153984050634747e+01
-1.931415724423053248e+01
-1.932757775422063773e+01
-1.913795529571431686e+01
-1.901897654264460513e+01
-1.908908086308102270e+01
-1.934707014823124993e+01
-1.958936489976485618e+01
-1.969871094907754738e+01
-1.960928029819249829e+01
-1.937426150918529899e+01
-1.918687538232948953e+01
-1.914896988642970399e+01
-1.934708815689781147e+01
-1.952940881789234240e+01
-1.955382339030632721e+01
-1.937597811725097330e+01
-1.920873623505521977e+01
-1.914567352511429377e+01
-1.924405800639925346e+01
-1.947865351304837134e+01
-1.970720445943072008e+01
-1.978672538054011198e+01
-1.964740120974383686e+01
-1.941150359438626438e+01
-1.931465985338284241e+01
-1.933743601784115640e+01
-1.938873155072768029e+01
-1.945195153056080173e+01
-1.953383842134980597e+01
-1.951013892838428276e+01
-1.928816452956592542e+01
-1.915779897464485870e+01
-1.914474895080455497e+01
-1.923926888406691305e+01
-1.919917410149865589e+01
-1.918199837304964106e+01
-1.913869786527343919e+01
-1.911717997412807080e+01
-1.916423130045470202e+01
-1.936766292652508525e+01
-1.956133409084302244e+01
-1.959517334190791971e+01
-1.946212375084408919e+01
-1.923216243450033502e+01
-1.901894868355085322e+01
-1.892902451798157770e+01
-1.900399186113300942e+01
-1.921573487493748900e+01
-1.940719945951607883e+01
-1.943649384300472249e+01
-1.929768905809244472e+01
-1.911498373334220346e+01
-1.908719388923000437e+01
-1.918218086134872280e+01
-1.930494968422645030e+01
-1.941985022304214326e+01
-1.954957551264632443e+01
-1.946388050554655891e+01
-1.928433753262654093e+01
-1.922607606970847627e+01
-1.935994053854578567e+01
-1.942172800315941572e+01
-1.938592837902262289e+01
-1.930381861520882225e+01
-1.918957442423689130e+01
-1.910490151576430407e+01
-1.916657144970552551e+01
-1.947148747713053751e+01
-1.975853120990566225e+01
-1.971963924264106183e+01
-1.934354671844328522e+01
-1.889390290401821915e+01
-1.875845464694747733e+01
-1.893142165167949287e+01
-1.941701993114361002e+01
-1.986749775334432755e+01
-1.991532122730509258e+01
-1.923338148246338974e+01
-1.826220237894388987e+01
-1.779325271739865499e+01
-1.840958802840147612e+01
-1.975213214017981400e+01
-2.107076348457290749e+01
-2.119219874348165433e+01
-1.880643614355746962e+01
-1.319073495445914368e+01
-5.697428674913493474e+00
1.960373089827507798e+00
8.456363922186458382e+00
1.414764715422850117e+01
1.801706612005815700e+01
2.224927956016282593e+01
2.623441563171222768e+01
3.084241622772664471e+01
3.390737917178875449e+01
3.588475179565798356e+01
3.579300289691478554e+01
3.528044535799303105e+01
3.548358672172678041e+01
3.662503685911505613e+01
3.847849732961842051e+01
4.080220057991061822e+01
4.160481278037457287e+01
4.109071552346475897e+01
3.991197764194820508e+01
4.003161295271619480e+01
4.110025605130903159e+01
4.368477462100339181e+01
4.592617647344405896e+01
4.634189984185340450e+01
4.475424421929930219e+01
4.230234564367991368e+01
4.095548917349160689e+01
4.220152194102018228e+01
4.544292276451412960e+01
4.838316047944847043e+01
4.818501017273653275e+01
4.323458095475178453e+01
3.344304404816762855e+01
2.146506278640030985e+01
