6.908685334434133907e+00
-6.199661491207231201e+00
-1.629441936568196780e+01
-2.200578639274151271e+01
-2.208534069655160437e+01
-2.135109402041220505e+01
-1.676191906961362221e+01
-1.470656084780975270e+01
-1.209287523967552502e+01
-5.836760834418405430e+00
1.247384057174850902e+00
9.103323656505436290e+00
1.233290164260435695e+01
1.355828515231864273e+01
9.897458946475175878e+00
3.031410802473788912e+00
-1.782599782017733725e+00
-4.815409172008334515e+00
-3.638766165417867349e+00
-3.458930577643713811e+00
-2.442921468278520969e+00
-1.446342853750337554e-04
2.511483352403221403e+00
7.221775151275863891e+00
1.400196420048019874e+01
1.835666098756953701e+01
1.971556396714417758e+01
1.617665795147568986e+01
1.145250823322679246e+01
6.597483288582355776e+00
8.461903575597320426e-01
-2.442570466508241278e+00
-4.976904931463908000e+00
-6.122371556414226035e+00
-5.210785754637567990e+00
-1.330244830740421325e+00
5.560655379786300756e+00
1.521089383341040602e+01
2.292609890853930921e+01
2.303113370707421836e+01
1.649927617026326843e+01
5.238297126902898171e+00
-1.246625286538870370e+01
-2.299411902929758966e+01
-2.427399863551442394e+01
-2.064301907334769126e+01
-1.001328609522327717e+01
1.816019255433773516e+00
9.182229954693589491e+00
1.259166823286838444e+01
9.595271086893593093e+00
2.170260938497193592e+00
-1.187060733645334665e+01
-2.260346395667927055e+01
-2.650934747139239178e+01
-2.163561474739437784e+01
-7.944349951875386395e+00
9.371482655369138826e+00
2.066414457219002188e+01
2.149957933740702032e+01
1.146035515595761645e+01
-3.734060769531552637e+00
-1.320059808203254192e+01
-1.236105089472616037e+01
-3.349972185756719512e+00
6.962103047904699693e+00
1.727417828156611534e+01
2.758625351522753277e+01
3.789832874888895020e+01
4.821040398255036763e+01
5.852247921621178506e+01
6.883455444987319538e+01
7.914662968353461281e+01
8.945870491719603024e+01
9.977078015085744767e+01
1.100828553845188651e+02
1.203949306181802825e+02
1.307070058518417284e+02
1.410190810855031316e+02
1.513311563191645632e+02
1.616432315528259664e+02
1.719553067864873981e+02
1.822673820201488013e+02
1.925794572538102329e+02
2.028915324874716362e+02
2.132036077211330678e+02
2.235156829547944710e+02
2.338277581884559027e+02
2.441398334221173059e+02
2.544519086557787091e+02
2.647639838894401692e+02
2.750760591231015724e+02
2.853881343567629756e+02
2.957002095904243788e+02
3.060122848240858389e+02
3.163243600577472421e+02
3.266364352914086453e+02
3.369485105250700485e+02
3.472605857587315086e+02
3.575726609923929118e+02
3.678847362260543150e+02
3.781968114597157182e+02
3.885088866933771783e+02
3.988209619270385815e+02
4.091330371606999847e+02
4.194451123943613879e+02
4.297571876280228480e+02
4.400692628616842512e+02
4.503813380953456544e+02
4.606934133290070577e+02
4.710054885626685177e+02
4.813175637963299209e+02
-1.590043304268357716e+00
-1.590043304268357716e+00
-1.590043304268357716e+00
-1.590043304268357716e+00
-1.590043304268357716e+00
-1.590043304268357716e+00
-1.590043304268357716e+00
-1.590043304268357716e+00
-1.590043304268357716e+00
-1.590043304268357716e+00
-1.590043304268357716e+00
-1.590043304268357716e+00
-1.590043304268357716e+00
-1.590043304268357716e+00
-1.590043304268357716e+00
-1.590043304268357716e+00
-1.590043304268357716e+00
-1.590043304268357716e+00
-1.590043304268357716e+00
-1.590043304268357716e+00
-1.590043304268357716e+00
-1.590043304268357716e+00
-1.590043304268357716e+00
-1.590043304268357716e+00
-1.590043304268357716e+00
-1.590043304268357716e+00
-1.590043304268357716e+00
-1.590043304268357716e+00
-1.590043304268357716e+00
-1.590043304268357716e+00
-1.590043304268357716e+00
-1.590043304268357716e+00
-1.590043304268357716e+00
-1.590043304268357716e+00
-1.590043304268357716e+00
-1.590043304268357716e+00
-1.590043304268357716e+00
-1.590043304268357716e+00
-1.590043304268357716e+00
-1.590043304268357716e+00
-1.590043304268357716e+00
-1.590043304268357716e+00
-1.590043304268357716e+00
-1.590043304268357716e+00
-1.590043304268357716e+00
-1.590043304268357716e+00
-1.590043304268357716e+00
-1.590043304268357716e+00
-1.590043304268357716e+00
-1.590043304268357716e+00
-1.590043304268357716e+00
-1.590043304268357716e+00
-1.590043304268357716e+00
-1.590043304268357716e+00
-1.590043304268357716e+00
-1.590043304268357716e+00
-1.590043304268357716e+00
-1.590043304268357716e+00
-1.590043304268357716e+00
-1.590043304268357716e+00
-1.590043304268357716e+00
-1.590043304268357716e+00
-1.590043304268357716e+00
-1.590043304268357716e+00
-1.590043304268357716e+00
-1.590043304268357716e+00
-1.590043304268357716e+00
-1.590043304268357716e+00
-1.590043304268357716e+00
-1.590043304268357716e+00
-1.590043304268357716e+00
-1.590043304268357716e+00
-1.590043304268357716e+00
-1.590043304268357716e+00
-1.590043304268357716e+00
-1.590043304268357716e+00
-1.590043304268357716e+00
-1.590043304268357716e+00
-1.590043304268357716e+00
-1.590043304268357716e+00
-1.590043304268357716e+00
-1.590043304268357716e+00
-1.590043304268357716e+00
-1.590043304268357716e+00
-1.590043304268357716e+00
-1.590043304268357716e+00
-1.590043304268357716e+00
-1.590043304268357716e+00
-1.590043304268357716e+00
-1.590043304268357716e+00
-1.590043304268357716e+00
-1.590043304268357716e+00
-1.590043304268357716e+00
-1.590043304268357716e+00
-1.590043304268357716e+00
-1.590043304268357716e+00
-1.590043304268357716e+00
-1.590043304268357716e+00
-1.590043304268357716e+00
-1.590043304268357716e+00
-1.590043304268357716e+00
-1.590043304268357716e+00
-1.590043304268357716e+00
-1.590043304268357716e+00
-1.590043304268357716e+00
-1.590043304268357716e+00
-1.590043304268357716e+00
-1.590043304268357716e+00
-1.590043304268357716e+00
-1.590043304268357716e+00
-1.590043304268357716e+00
-1.590043304268357716e+00
-1.590043304268357716e+00
-1.590043304268357716e+00
-1.590043304268357716e+00
-1.590043304268357716e+00
-1.590043304268357716e+00
-1.590043304268357716e+00
-1.590043304268357716e+00
-1.590043304268357716e+00
-1.590043304268357716e+00
-1.590043304268357716e+00
-1.590043304268357716e+00
-1.590043304268357716e+00
-1.590043304268357716e+00
-1.590043304268357716e+00
-1.590043304268357716e+00
-1.590043304268357716e+00
-1.590043304268357716e+00
-1.590043304268357716e+00
-1.590043304268357716e+00
-1.590043304268357716e+00
-1.590043304268357716e+00
-1.590043304268357716e+00
-1.590043304268357716e+00
-1.590043304268357716e+00
-1.590043304268357716e+00
-1.590043304268357716e+00
-1.590043304268357716e+00
-1.590043304268357716e+00
-1.590043304268357716e+00
-1.590043304268357716e+00
-1.590043304268357716e+00
-1.590043304268357716e+00
-1.590043304268357716e+00
-1.590043304268357716e+00
-1.590043304268357716e+00
-1.590043304268357716e+00
-1.590043304268357716e+00
-1.590043304268357716e+00
-1.590043304268357716e+00
-1.590043304268357716e+00
-1.590043304268357716e+00
-1.590043304268357716e+00
-1.590043304268357716e+00
-1.590043304268357716e+00
-1.590043304268357716e+00
-1.590043304268357716e+00
-1.590043304268357716e+00
-1.590043304268357716e+00
-1.590043304268357716e+00
-1.590043304268357716e+00
-1.590043304268357716e+00
-1.590043304268357716e+00
-1.590043304268357716e+00
-1.590043304268357716e+00
-1.590043304268357716e+00
-1.590043304268357716e+00
-1.590043304268357716e+00
-1.590043304268357716e+00
-1.590043304268357716e+00
-1.590043304268357716e+00
-1.590043304268357716e+00
-1.590043304268357716e+00
-1.590043304268357716e+00
-1.590043304268357716e+00
-1.590043304268357716e+00
-1.590043304268357716e+00
-1.590043304268357716e+00
-1.590043304268357716e+00
-1.590043304268357716e+00
-1.590043304268357716e+00
-1.590043304268357716e+00
-1.590043304268357716e+00
-1.590043304268357716e+00
-1.590043304268357716e+00
-1.590043304268357716e+00
-1.590043304268357716e+00
-1.590043304268357716e+00
-1.590043304268357716e+00
-1.590043304268357716e+00
-1.590043304268357716e+00
-1.590043304268357716e+00
-1.590043304268357716e+00
-1.590043304268357716e+00
-1.590043304268357716e+00
-1.590043304268357716e+00
-1.590043304268357716e+00
-1.590043304268357716e+00
-1.590043304268357716e+00
-1.590043304268357716e+00
-1.590043304268357716e+00
-1.590043304268357716e+00
-1.590043304268357716e+00
-1.590043304268357716e+00
-1.590043304268357716e+00
-1.590043304268357716e+00
-1.590043304268357716e+00
-1.590043304268357716e+00
-1.590043304268357716e+00
-1.590043304268357716e+00
-1.590043304268357716e+00
-1.590043304268357716e+00
-1.590043304268357716e+00
-1.590043304268357716e+00
-1.590043304268357716e+00
-1.590043304268357716e+00
-1.590043304268357716e+00
-1.590043304268357716e+00
-1.590043304268357716e+00
-1.590043304268357716e+00
-1.590043304268357716e+00
-1.590043304268357716e+00
-1.590043304268357716e+00
-1.590043304268357716e+00
-1.590043304268357716e+00
-1.590043304268357716e+00
-1.590043304268357716e+00
-1.590043304268357716e+00
-1.590043304268357716e+00
-1.590043304268357716e+00
-1.590043304268357716e+00
-1.590043304268357716e+00
-1.590043304268357716e+00
-1.590043304268357716e+00
-1.590043304268357716e+00
-1.590043304268357716e+00
-1.590043304268357716e+00
-1.590043304268357716e+00
-1.590043304268357716e+00
-1.590043304268357716e+00
-1.590043304268357716e+00
-1.590043304268357716e+00
-1.590043304268357716e+00
-1.590043304268357716e+00
-1.590043304268357716e+00
-1.590043304268357716e+00
-1.590043304268357716e+00
-1.590043304268357716e+00
-1.590043304268357716e+00
-1.590043304268357716e+00
-1.590043304268357716e+00
-1.590043304268357716e+00
-1.590043304268357716e+00
-1.590043304268357716e+00
-1.590043304268357716e+00
-1.590043304268357716e+00
-1.590043304268357716e+00
-1.590043304268357716e+00
-1.590043304268357716e+00
-1.590043304268357716e+00
-1.590043304268357716e+00
-1.590043304268357716e+00
