6.185021971777508121e+00
6.611654316280515253e+00
6.699257779313012584e+00
7.859179742969962135e+00
7.414372564219875450e+00
5.010326329519048549e+00
4.088067542510692931e+00
4.950602430776931406e+00
9.112087591216001314e+00
1.385188303515479724e+01
1.615336915256234107e+01
1.500703286683325999e+01
9.794822948105879945e+00
2.718095906630489722e+00
-2.142786904338616960e+00
-9.854654592571788774e-01
1.575695270920535185e-01
2.194619239724636461e+00
3.079164475192087025e+00
5.317840991897244685e-01
-5.660770933897621759e+00
-9.841634981692319428e+00
-1.145751623933839625e+01
-9.395952794912089345e+00
-5.811569866946750373e+00
-2.645889931246571791e+00
-1.848978201506203956e+00
-2.968326464031689316e+00
-5.354081308966200936e+00
-7.680005804305903183e+00
-7.670347665839656770e+00
-6.308618618494052477e+00
-5.765626465434393388e+00
-7.988596889333936524e+00
-7.419288866311359421e+00
-6.854833279521163725e+00
-5.631015981958646499e+00
-3.284874368610108508e+00
-4.017178734464091683e+00
-4.622759309273748229e+00
-6.270479848165461334e+00
-9.157415885828706692e+00
-6.923303852615456222e+00
-5.543337691915982468e+00
-4.418417344279182757e+00
-1.793037265015898774e+00
-1.320644303901949090e+00
-5.862915275114331415e+00
-1.009021778338361486e+01
-1.294829493625553951e+01
-1.341813452979091181e+01
-8.722745677396044783e+00
-2.127063066164947447e+00
2.428434916830064960e+00
3.623347894749568088e+00
3.430019421154564707e+00
-1.377475814220369799e+00
-4.516458010890605834e+00
-4.964550633687252912e+00
-2.991463704790052081e+00
6.468423224177488606e-02
5.140242598774872107e+00
6.858982709310322612e+00
6.437749941163762202e+00
5.587301233153684876e+00
4.637522762713884639e+00
4.325761915026694382e+00
5.503374668008096826e+00
6.849838483951725010e+00
7.422221660420065703e+00
7.331289819648462824e+00
6.051838785205998938e+00
5.329907705811922192e+00
5.692495444755024003e+00
5.976398885188759280e+00
7.006774822346013565e+00
6.445534339424011883e+00
6.547401235650758267e+00
4.608210854859117411e+00
3.438424094723200319e+00
4.875348073295444173e+00
5.524560957963152497e+00
4.721588842668412056e+00
6.224095152050184154e+00
6.821623368743314764e+00
5.284392429566951321e+00
3.662269688148724001e+00
3.175344028694875753e+00
4.221001126818761051e+00
5.948207389406153567e+00
8.788933835645181603e+00
9.766238742144087936e+00
7.227669224897157463e+00
3.398998059418153694e+00
2.086814369886145215e-01
-2.415872542345083307e+00
-2.617122089823909814e+00
-2.368367176103396865e+00
-2.989318632463619618e+00
-3.307228504957064885e+00
-4.356183865236228137e+00
-4.708231622375196324e+00
-6.382434442391732077e+00
-5.130909310566142523e+00
-2.251657558879868404e+00
-3.113979426707642606e-01
5.711797825205283674e-01
3.120856759124288615e-01
-1.895667447329146160e+00
-2.300036947235117424e+00
-3.219266291198912278e+00
-2.690052288219363152e+00
-7.061336579507428990e-01
-2.899395640017452092e+00
-3.977714940204951422e+00
-2.744720707479523902e+00
-3.382753430558138596e+00
-2.990558277891660399e+00
-3.792326347334056824e-01
-2.232638221940630441e-01
-1.355183630770883108e-01
-1.681527617235395455e+00
-3.596327738274315955e+00
-6.234248484390704448e+00
-6.912286091261846011e+00
-5.464786316128638965e+00
-4.554688132207130202e+00
-2.941822998053968075e+00
-2.221273666955629889e+00
-3.554890064254283999e+00
-4.556146072325933716e+00
-3.044113127714002331e+00
-2.338577217375888750e+00
6.131208994077030905e-02
1.673121644337042913e+00
1.758866419485374699e+00
2.253020708209181766e+00
2.168298785606241452e+00
3.754555650223005969e+00
5.823103824563411912e+00
5.145879886743284004e+00
5.845891455662591163e+00
6.211036902545647997e+00
5.728338097971840348e+00
5.580900363794680352e+00
5.938742194734554225e+00
5.738385220773151829e+00
6.421919377078796565e+00
6.898900779138767092e+00
6.278182318388790151e+00
6.278857971426910822e+00
6.172401393654122437e+00
6.805550737993365296e+00
8.202414804072589050e+00
9.121240396872302370e+00
8.826178531791754267e+00
7.143759152397340273e+00
5.504478042799345161e+00
6.958085821254107017e+00
8.126934102795852155e+00
8.662731400650661939e+00
7.540150544482202122e+00
5.486685687234139408e+00
2.767591252236747845e+00
9.010334427892275899e-01
1.281142720302493432e+00
2.983703265174320052e+00
5.659595224515659773e+00
7.585581172313078824e+00
5.930686634154593406e+00
1.111788113588660254e+00
-3.741115351649800136e+00
-9.177923904714399228e+00
-1.108686005159642463e+01
-9.207379240655679808e+00
-5.875394150927077064e+00
-9.209814035239989316e-01
-1.116583777751170237e+00
-3.306955005510746837e+00
-4.307938132031575940e+00
-6.809124453017993517e+00
-7.734567084499304634e+00
-5.726815905811108109e+00
-4.243033527062313404e+00
-4.742793021780642881e+00
-5.059732786585528608e+00
-4.730505800838233910e+00
-3.855768217181087643e+00
-3.141806910230766192e+00
-2.348129797892960724e+00
-2.707716520401136862e+00
-5.677284333194129395e+00
-8.375790030685740462e+00
-1.012437923670527695e+01
-9.651354879744950210e+00
-6.063474336581794688e+00
-1.791571076366820225e+00
1.210882868450781746e+00
3.343794733433435029e-01
-2.557463527274721482e+00
-8.183222478786957410e+00
-1.048538944538614182e+01
-9.288769685878850879e+00
-5.861064589715968332e+00
-2.248884089141875098e+00
-1.889358660176935212e-01
2.508286890962427851e-01
-1.472228854065198211e+00
-1.221915062294119281e+00
1.435681740433485842e+00
4.504506895249415166e+00
6.537840517087034620e+00
7.822083846175572397e+00
7.206950101341467629e+00
4.735256442171332125e+00
3.198484633937525690e+00
3.856828054711390230e+00
4.906069633537271102e+00
5.907115619565781905e+00
6.817344201999398834e+00
5.618036050914311019e+00
3.009298380177283683e+00
2.458912465309026185e+00
3.691708652525715006e+00
5.728713539626425266e+00
6.710131907881904390e+00
6.822160954852579451e+00
4.742079414791741776e+00
4.181376773853019202e+00
4.041890547096539166e+00
4.984119697867313903e+00
6.937040811731366219e+00
6.849693027043525007e+00
2.176197800534684923e+00
-3.471512525043097597e+00
-6.669260952829533906e+00
-6.561896907692445602e+00
-3.897435629586881056e+00
1.669425629267231148e+00
7.157813434842512201e+00
8.454538711497505687e+00
5.269351565775262536e+00
1.473339022654602593e+00
-2.038225700018029940e+00
-3.216901224217461053e+00
-1.205195819010276281e+00
1.332374719602589686e+00
2.072383294993398017e+00
8.118709304101325852e-01
-4.090640153306003945e+00
-7.876468894669254261e+00
-7.492115547920287888e+00
-7.492115547920287888e+00
-7.492115547920287888e+00
-7.492115547920287888e+00
-7.492115547920287888e+00
-7.492115547920287888e+00
-7.492115547920287888e+00
-7.492115547920287888e+00
-7.492115547920287888e+00
-7.492115547920287888e+00
-7.492115547920287888e+00
-7.492115547920287888e+00
-7.492115547920287888e+00
-7.492115547920287888e+00
-7.492115547920287888e+00
-7.492115547920287888e+00
-7.492115547920287888e+00
-7.492115547920287888e+00
-7.492115547920287888e+00
-7.492115547920287888e+00
-7.492115547920287888e+00
-7.492115547920287888e+00
-7.492115547920287888e+00
-7.492115547920287888e+00
-7.492115547920287888e+00
-7.492115547920287888e+00
-7.492115547920287888e+00
-7.492115547920287888e+00
-7.492115547920287888e+00
-7.492115547920287888e+00
-7.492115547920287888e+00
-7.492115547920287888e+00
-7.492115547920287888e+00
-7.492115547920287888e+00
-7.492115547920287888e+00
-7.492115547920287888e+00
-7.492115547920287888e+00
-7.492115547920287888e+00
-7.492115547920287888e+00
-7.492115547920287888e+00
-7.492115547920287888e+00
-7.492115547920287888e+00
-7.492115547920287888e+00
-7.492115547920287888e+00
-7.492115547920287888e+00
-7.492115547920287888e+00
-7.492115547920287888e+00
-7.492115547920287888e+00
-7.492115547920287888e+00
-7.492115547920287888e+00
-7.492115547920287888e+00
-7.492115547920287888e+00
-7.492115547920287888e+00
-7.492115547920287888e+00
-7.492115547920287888e+00
-7.492115547920287888e+00
-7.492115547920287888e+00
-7.492115547920287888e+00
-7.492115547920287888e+00
-7.492115547920287888e+00
-7.492115547920287888e+00
-7.492115547920287888e+00
-7.492115547920287888e+00
-7.492115547920287888e+00
-7.492115547920287888e+00
-7.492115547920287888e+00
