-2.279356085038795499e+01
-2.279356085038795499e+01
-2.279356085038795499e+01
-2.279356085038795499e+01
-2.279356085038795499e+01
-2.279356085038795499e+01
-2.279356085038795499e+01
-2.279356085038795499e+01
-2.237102408624132011e+01
-2.139119958733666493e+01
-2.119273111452541514e+01
-2.197688208914318153e+01
-2.305168341659971176e+01
-2.377726517380375526e+01
-2.378363697812608635e+01
-2.305520619779251490e+01
-2.209196479004859270e+01
-2.137450519474422705e+01
-2.133489512613870787e+01
-2.191311148065569725e+01
-2.285908933032601453e+01
-2.357062300521839404e+01
-2.359729976173249000e+01
-2.318768651570497141e+01
-2.255708650638627333e+01
-2.214753825994816339e+01
-2.220510107020850299e+01
-2.247859484363426930e+01
-2.277075264756341610e+01
-2.282012514570282846e+01
-2.257947801839343782e+01
-2.230267345772525545e+01
-2.213248021591879322e+01
-2.237929760342520780e+01
-2.293844840290833531e+01
-2.327926670784497887e+01
-2.327314946395843265e+01
-2.288993774612546517e+01
-2.246052098018815357e+01
-2.226653985640984601e+01
-2.244321213954383154e+01
-2.302508668077894427e+01
-2.353008456076307198e+01
-2.351693547669827211e+01
-2.315229798809267336e+01
-2.260667750006485477e+01
-2.229657729205495897e+01
-2.253359858155688400e+01
-2.327812858174425870e+01
-2.398452886883560353e+01
-2.419537360609341903e+01
-2.364756434686442077e+01
-2.270984554904907782e+01
-2.194513533791596060e+01
-2.189525466571018697e+01
-2.281317032326250782e+01
-2.420296703438738462e+01
-2.527665778582157330e+01
-2.547634599278386958e+01
-2.477418431437120461e+01
-2.355756400495320335e+01
-2.267119673980669248e+01
-2.234181502485886384e+01
-2.241677201440986167e+01
-2.261951212828330782e+01
-2.243155399569747033e+01
-2.138914817616308284e+01
-1.969633686074730505e+01
-1.781363684138174719e+01
-1.597792232837724313e+01
-1.418953347570910317e+01
-1.176304921104967249e+01
-8.775163941379666710e+00
-5.354528245572386602e+00
-1.509668332986924932e+00
2.471342452619699870e+00
6.613093366879141399e+00
1.069351905921391577e+01
1.523131726356112381e+01
1.997456157587028258e+01
2.324695483086210146e+01
2.349770170246688750e+01
2.140600124551428607e+01
1.693088967938753342e+01
1.208043467942687244e+01
9.739208283146089329e+00
1.167087692509885066e+01
1.745100081487376542e+01
2.431787397156212194e+01
2.982808860094012715e+01
3.252279220356027878e+01
3.131246889971200176e+01
2.855313771450015281e+01
2.711077202464388236e+01
2.826260517423303043e+01
3.119407705865985037e+01
3.417121037044750409e+01
3.562495253152305708e+01
3.483988516134265012e+01
3.239445740291400000e+01
3.028622079048375326e+01
2.981423417385946451e+01
3.113027933924376356e+01
3.319513712989430587e+01
3.424464060058195969e+01
3.406228088866099313e+01
3.300448757114390474e+01
3.200707167878189097e+01
3.159780360239730967e+01
3.250214617512833115e+01
3.356618523887380690e+01
3.376150357333192176e+01
3.319615158981804370e+01
3.225639169169478748e+01
3.198741662158461097e+01
3.253554856286510244e+01
3.347844125034379914e+01
3.437449644646185476e+01
3.402707151594335500e+01
3.264181129087371858e+01
3.151598729952709022e+01
3.157237823574290303e+01
3.294256023516516763e+01
3.509350821546186694e+01
3.647950213456373092e+01
3.584134071212480421e+01
3.371837590687466246e+01
3.087845864312369315e+01
2.906453752711730232e+01
2.945142822014025441e+01
3.160209422972147664e+01
3.394852130666900081e+01
3.557725421514973618e+01
3.582713303851274844e+01
3.500569840102571817e+01
3.421294278009381173e+01
3.436352592629389591e+01
3.500762526359768856e+01
3.592446440830534016e+01
3.646502960437596386e+01
3.619919634523714791e+01
3.574950815186750219e+01
3.596204937723836537e+01
3.670217558025689897e+01
3.779961441856355009e+01
3.880998596579554771e+01
3.889955658767279090e+01
3.769620954130351720e+01
3.551557896159165750e+01
3.273848929850317546e+01
2.900531520073910130e+01
2.410335406435995509e+01
1.803804955205634997e+01
1.188334528547178870e+01
6.184573815538634278e+00
1.293544279757698368e+00
-8.835194184107668658e-01
-1.934918659545890707e+00
-3.375954851605429852e+00
-5.014162437102315018e+00
-7.928889189321355779e+00
-1.084094960728973334e+01
-1.234593734979199731e+01
-1.234755112624896256e+01
-1.104903903757200645e+01
-9.671659540463172888e+00
-9.603439792595297675e+00
-1.140542548192695982e+01
-1.401699704288376758e+01
-1.667911889025773675e+01
-1.810703263473360991e+01
-1.845556194376822745e+01
-1.810701529325168480e+01
-1.805408023895838099e+01
-1.882837276754645472e+01
-1.994804574815902498e+01
-2.088218340018965691e+01
-2.108402200309994612e+01
-2.077982072784014278e+01
-2.039090638265895450e+01
-2.050374699200146011e+01
-2.117376963490146125e+01
-2.199671176112635962e+01
-2.254216541046360334e+01
-2.254217070816965673e+01
-2.221098716747744106e+01
-2.215534647729246842e+01
-2.261963639645521695e+01
-2.336347718569180287e+01
-2.403190274386088632e+01
-2.411624665989177174e+01
-2.374837185827161434e+01
-2.348841267996646209e+01
-2.359526474522010631e+01
-2.415277651553155280e+01
-2.496536771650666964e+01
-2.542999575931867184e+01
-2.521813167484306462e+01
-2.453678920380926698e+01
-2.415676112292182154e+01
-2.450630945690177853e+01
-2.537081790460788966e+01
-2.619922505630658804e+01
-2.647407785684074000e+01
-2.599309936037932900e+01
-2.503922447555486741e+01
-2.448126120938956518e+01
-2.486777963948356174e+01
-2.600348144749417401e+01
-2.689929104084244216e+01
-2.689264286235839307e+01
-2.595981728298738744e+01
-2.486668159434788095e+01
-2.424227873343628303e+01
-2.475604037904415478e+01
-2.634213737271996436e+01
-2.766454059709908364e+01
-2.709844480822509283e+01
-2.445050745810771531e+01
-2.015280824301594365e+01
-1.477317291181196168e+01
-9.689969202005574545e+00
-5.486616524546223950e+00
-1.760187271167374501e+00
1.563700380301148440e+00
5.230805765319299638e+00
8.370082738787383292e+00
1.081674497382089584e+01
1.228675332073379955e+01
1.295522449744511029e+01
1.406179690582312780e+01
1.544328949793935735e+01
1.675594531815466937e+01
1.933366701455047476e+01
2.146046113961141444e+01
2.266035375155754750e+01
2.414889836071561646e+01
2.550267587590483842e+01
2.592460821914500002e+01
2.581634010823383818e+01
2.525479999002993736e+01
2.296057102302615505e+01
2.044382739771614155e+01
1.922945288553604115e+01
1.986640389667898887e+01
2.226597837255445356e+01
2.580826086996466984e+01
2.827915999844447725e+01
2.913902597229582625e+01
2.795756367055799885e+01
2.591557444955835265e+01
2.487677405324539137e+01
2.485310347022600297e+01
2.603983589896565576e+01
2.770178726136141378e+01
2.847859737694985682e+01
2.833178333361260925e+01
2.771382436578273456e+01
2.720392874692021579e+01
2.711597606111072878e+01
2.763501536466278807e+01
2.785157435269858084e+01
2.746039687842921495e+01
2.682951391692667897e+01
2.664536646908910100e+01
2.745715813355912971e+01
2.872200126254211128e+01
3.006539353669808534e+01
3.052091176554764118e+01
2.945542529208744043e+01
2.767575066063976408e+01
2.622192073157119552e+01
2.593097772772499710e+01
2.696047542453030843e+01
2.880029071973629939e+01
3.000569424468906732e+01
3.012466300544140552e+01
2.952904412833963832e+01
2.879787776521720843e+01
2.861855617994597623e+01
2.952866863504773676e+01
3.106410841493256214e+01
3.210453708288881813e+01
3.217273075281082129e+01
3.185078552559033582e+01
3.138170297599565473e+01
3.067215712011409323e+01
2.967715455659848800e+01
2.779360956767662927e+01
2.364224182448954892e+01
1.759592726782748784e+01
1.030689407058954998e+01
3.524232635357050558e+00
-1.179607963769753631e+00
-4.477276286492307023e+00
-6.040246409589555832e+00
-7.035969917510745297e+00
-8.934069510461391417e+00
-1.110181113502318695e+01
-1.353547738204690631e+01
-1.514074379082764388e+01
-1.608014638725261847e+01
-1.591385518922256637e+01
-1.608485202453024598e+01
-1.648510149217467102e+01
-1.772654270099665652e+01
-1.917698809985762054e+01
-2.074654473120053311e+01
-2.174955896428569346e+01
-2.236166542203996244e+01
-2.291254662298389277e+01
-2.318319403263070910e+01
-2.308172891972881402e+01
-2.297890780821654744e+01
-2.270383184461052650e+01
-2.248727823997283792e+01
-2.277253384040227147e+01
