-1.372463646530584924e+01
-1.372463646530584924e+01
-1.372463646530584924e+01
-1.372463646530584924e+01
-1.372463646530584924e+01
-1.372463646530584924e+01
-1.372463646530584924e+01
-1.372463646530584924e+01
-1.527024041602935434e+01
-1.436461380867308790e+01
-1.345898720131682147e+01
-1.222679328274494281e+01
-1.060788281172508185e+01
-1.056142309603591656e+01
-1.218104696891324679e+01
-1.421282338756222963e+01
-1.589812480591158028e+01
-1.638527451858749728e+01
-1.461433990111563475e+01
-1.179550338637652729e+01
-9.114205988570107664e+00
-7.272465747706299943e+00
-6.539924960544932553e+00
-7.076511619567618538e+00
-8.903188795753093743e+00
-9.498294651164501445e+00
-9.624540982316101889e+00
-9.322874568271167561e+00
-9.184699123340157811e+00
-9.116847529493320224e+00
-9.551360962112733333e+00
-1.016760235226001541e+01
-1.005806023839754992e+01
-9.900022090744551306e+00
-9.640699773201232503e+00
-9.077620977548958692e+00
-8.779804886294250821e+00
-8.738406423588383376e+00
-9.301517251119578944e+00
-9.498639870126002194e+00
-9.750280261988477193e+00
-8.980893102748689572e+00
-7.442135660019165933e+00
-4.972342821525566947e+00
-1.713614071117299131e+00
1.999573459113445528e+00
5.549947788283607686e+00
8.468937342651626565e+00
1.043404379195546916e+01
1.115908482131925972e+01
1.150638638385453127e+01
1.193909072239213742e+01
1.201133026360940548e+01
1.184569014961250666e+01
1.193256837249784041e+01
1.207418195810820727e+01
1.208296956967885905e+01
1.225366752219144040e+01
1.260725899055808519e+01
1.275471330025573735e+01
1.267113768462002099e+01
1.265195790861709035e+01
1.257583356695678489e+01
1.230532026445981586e+01
1.204515957060045217e+01
1.218056525367153498e+01
1.269503989998796989e+01
1.311388802440880319e+01
1.346913601683145245e+01
1.372444944666475664e+01
1.365249979468432606e+01
1.334787011962079717e+01
1.337545462889800163e+01
1.341650267923974305e+01
1.309653418612215425e+01
1.263158580050187041e+01
1.250351985603802341e+01
1.264362655120804213e+01
1.303991978240237515e+01
1.329576407937990012e+01
1.291387104055760204e+01
1.172718672055566280e+01
9.161231609159580458e+00
5.025579301929217202e+00
3.156463815443808496e-01
-3.723435781861202720e+00
-7.562127529488864575e+00
-9.922361338417021059e+00
-1.041917873829669539e+01
-1.017720492946526001e+01
-1.006896936597332015e+01
-9.575306969674594271e+00
-8.718353050840201846e+00
-8.796805350576892835e+00
-8.945310319083104034e+00
-9.425426741152252319e+00
-9.864719267541120828e+00
-1.055595138892401685e+01
-1.054802566565557420e+01
-1.028677569686665372e+01
-9.598729249000438557e+00
-9.039080124866593735e+00
-8.547169387553315900e+00
-8.523269172207269762e+00
-8.993900059757956811e+00
-9.733797966192859974e+00
-1.047702145250212169e+01
-1.030735123140035547e+01
-9.435422422215724580e+00
-8.580836807792014298e+00
-8.273466038977009163e+00
-8.839251648277988593e+00
-1.054544699826425891e+01
-1.291011123230218871e+01
-1.470524281887811568e+01
-1.508934517278133391e+01
-1.374895096445521503e+01
-1.153702622660784627e+01
-9.294298965015718395e+00
-7.977865156472403463e+00
-7.972771822852025458e+00
-8.465875456399205135e+00
-7.341858461654715562e+00
-4.357140286072502811e+00
-4.140896277856356278e-01
4.082106041034199606e+00
8.054610466038303329e+00
1.014945684836492035e+01
1.056942838545671570e+01
1.062805612490218721e+01
1.075656784151125933e+01
1.124163953535712146e+01
1.208406600784250706e+01
1.302041175087475544e+01
1.311701854814767820e+01
1.234569746487428965e+01
1.156584563090837925e+01
1.132783712845772151e+01
1.178884564897401610e+01
1.280213517834996040e+01
1.407405403371484454e+01
1.462756729423272795e+01
1.430815703494335978e+01
1.385001993823361133e+01
1.376896333950888973e+01
1.400966835638480923e+01
1.426175191447692825e+01
1.462033898823705336e+01
1.463233686311100534e+01
1.434468720100041672e+01
1.392143071910681584e+01
1.372411695158367451e+01
1.384062408309228687e+01
1.420902191633335576e+01
1.482962039944207788e+01
1.522638453127068203e+01
1.530987677772183453e+01
1.476013258086234714e+01
1.372838600504529971e+01
1.167391240079547821e+01
8.628915139058721095e+00
4.668670226312626070e+00
1.421732789866607671e-01
-3.727257004884989122e+00
-6.159828993868418756e+00
-7.222585841996238543e+00
-7.432177749524090160e+00
-7.341138672010994348e+00
-7.606195429810352238e+00
-8.621641140533993664e+00
-9.670214421673557936e+00
-1.063799899191184117e+01
-1.072043026066270954e+01
-1.020429747853400926e+01
-9.396161671671109161e+00
-8.928045938941174597e+00
-8.345015155075911295e+00
-8.496391978027439507e+00
-8.914529902736589406e+00
-9.360748465195099399e+00
-8.949057013473840527e+00
-8.811542709034856813e+00
-8.929415741506256055e+00
-9.075916266815619693e+00
-9.081895158710111104e+00
-9.161927160866230935e+00
-9.180043926266677090e+00
-8.744359019294828173e+00
-8.554419758144721442e+00
-8.631886873288413753e+00
-8.911048166972765472e+00
-8.875399271146575231e+00
-8.852829682391320176e+00
-8.723414298400946620e+00
-8.280074126652815281e+00
-7.672576832145796111e+00
-7.744245403217048462e+00
-8.067004393968803200e+00
-8.088347556448759690e+00
-7.926474246654446887e+00
-7.084881326476162755e+00
-5.074999920872524939e+00
-1.848445412444257752e+00
1.629742531768135327e+00
5.411593914837626862e+00
8.793073579402330253e+00
1.148467492932243950e+01
1.318516855014163447e+01
1.358085892002219985e+01
1.319599451113282740e+01
1.294682972051582404e+01
1.341970850084118183e+01
1.416109838819225253e+01
1.513960068729707409e+01
1.590958365663827223e+01
1.581995071362797667e+01
1.483034157339604064e+01
1.409212302010431728e+01
1.402851112218764129e+01
1.441990471102588245e+01
1.485378279292899073e+01
1.503441956200460083e+01
1.468081256598683382e+01
1.393528461501971982e+01
1.332734294520989415e+01
1.353069015048449764e+01
1.445183484243749561e+01
1.547475954827949174e+01
1.544544564040646506e+01
1.400650026783426938e+01
1.068830480779453751e+01
5.890551837502727039e+00
1.574011161165580042e+00
-1.057916234840883707e+00
-2.610736857365253183e+00
-3.759780310290306016e+00
-4.744264593177033973e+00
-5.702964838664991376e+00
-7.313268264151711051e+00
-8.676823047358025676e+00
-9.713550646600603855e+00
-1.013268429636167234e+01
-1.041543847849319704e+01
-1.052198209632374315e+01
-1.032167161259570243e+01
-9.632715487790864728e+00
-9.085161447507880794e+00
-8.874117026035754918e+00
-9.002787535760724325e+00
-8.981601687658455901e+00
-9.877419934479286567e+00
-1.079946910387689307e+01
-1.086878394876265119e+01
-1.013642378254422027e+01
-9.732883976630594347e+00
-8.901497490946825408e+00
-8.398151980428673724e+00
-9.675525365335136740e+00
-1.182965608548694370e+01
-1.249880459021485102e+01
-1.208490157752877003e+01
-1.143863242874320640e+01
-1.022228487331545921e+01
-8.397270301311618113e+00
-7.660714171354592317e+00
-7.971284344120613596e+00
-8.693317064954571904e+00
-8.756898306508745122e+00
-8.846124937721443260e+00
-8.868956573623416162e+00
-8.408033191763504277e+00
-7.601865022960312857e+00
-6.611716508924506464e+00
-5.288222817032509404e+00
-2.155084686230898772e+00
1.804695623171700181e+00
5.865854304097243954e+00
9.155409832498410339e+00
1.143186411288940540e+01
1.232463679715002947e+01
1.244412437067257038e+01
1.254197690043835856e+01
1.304803180341418845e+01
1.392408403381569393e+01
1.465010819807635478e+01
1.483022682499981038e+01
1.466147402885201245e+01
1.416320326304776067e+01
1.353166175476445332e+01
1.332856451372233231e+01
1.399165317098863959e+01
1.480866533351672132e+01
1.524280975755462286e+01
1.527157711632962567e+01
1.523032566448795855e+01
1.500878235691336116e+01
1.531362660090843342e+01
1.595057064126245550e+01
1.644991507134304598e+01
1.587380124805321202e+01
1.364015426898865790e+01
9.953196346711992604e+00
5.784812529059849773e+00
2.115114030822412783e+00
-5.344526242031263363e-01
-1.092334955338753799e+00
-1.148108685424810815e+00
-1.723786937986024004e+00
-2.876205871829850658e+00
-4.560942342025733787e+00
-7.067713912309051771e+00
-8.530209319245997790e+00
-8.159373397023824026e+00
-6.608977290861025367e+00
-5.148442993516437305e+00
-4.219862442469310082e+00
-4.950304375043693028e+00
