-2.851299768977645499e+01
-2.851299768977645499e+01
-2.851299768977645499e+01
-2.851299768977645499e+01
-2.873959048824499263e+01
-2.860682137411820491e+01
-2.847405225999141720e+01
-2.807026347216959294e+01
-2.705684766097977700e+01
-2.635947353512916891e+01
-2.631099380428556245e+01
-2.663054567155108998e+01
-2.692382065732044794e+01
-2.683785646445907602e+01
-2.642755701273403091e+01
-2.602901083909270952e+01
-2.595686814717829449e+01
-2.622432885716093409e+01
-2.681918872683018407e+01
-2.745476803988620773e+01
-2.776112784908547226e+01
-2.766972086614346438e+01
-2.741666353121058464e+01
-2.723583617265132517e+01
-2.714038372974622959e+01
-2.726731170158189244e+01
-2.749536943017368529e+01
-2.761959156557148276e+01
-2.752223845222457399e+01
-2.727654463571560584e+01
-2.710944211861075814e+01
-2.715630357502026726e+01
-2.740252769302976077e+01
-2.759584318669977065e+01
-2.767586158752554226e+01
-2.764165704582462268e+01
-2.754550585062137102e+01
-2.740907415120588198e+01
-2.737940860892530637e+01
-2.750469459911962034e+01
-2.762080977501829082e+01
-2.762035598896930111e+01
-2.752605633063575041e+01
-2.745657236725622496e+01
-2.737162851612416858e+01
-2.734064867785103203e+01
-2.739261456691816576e+01
-2.746768842175333702e+01
-2.754461747784272774e+01
-2.761205057975939070e+01
-2.757481660670137202e+01
-2.737415837646402039e+01
-2.702390201618939258e+01
-2.669707576161735219e+01
-2.664836595012565468e+01
-2.710439423879179088e+01
-2.760526166186751951e+01
-2.734597843543045670e+01
-2.537765934671203638e+01
-2.061609930475535180e+01
-1.270284195417331219e+01
-2.728961408679719369e+00
7.402872679419248314e+00
1.542635980241263027e+01
2.034475639336669417e+01
2.191861436619098313e+01
2.120893716151999797e+01
1.988858239953002993e+01
2.007229554492634094e+01
2.189193975880317211e+01
2.475460573517534613e+01
2.767946178742853647e+01
2.983141364022208819e+01
3.058046444451610313e+01
3.054569754190750785e+01
3.073659618270091087e+01
3.151080185566493697e+01
3.281908697061837188e+01
3.393113071660506819e+01
3.462034989082755487e+01
3.444822427547121890e+01
3.366505517387481206e+01
3.274549456691785565e+01
3.221804881174973900e+01
3.211145768971187664e+01
3.215402175411003327e+01
3.221209606603702724e+01
3.215654980424654497e+01
3.202093171706165720e+01
3.187375404033646831e+01
3.184932408504568002e+01
3.198436083670497609e+01
3.202488661523817370e+01
3.194316615697147910e+01
3.176160024109397639e+01
3.174476951416194481e+01
3.188543766815075742e+01
3.211011039669622846e+01
3.215748545485822518e+01
3.203460281219314965e+01
3.174100213549125726e+01
3.146051328198081976e+01
3.135903833536369234e+01
3.158374747526412563e+01
3.196612725523552356e+01
3.218483812067298544e+01
3.207235250038339558e+01
3.173933379062290072e+01
3.139548717220766250e+01
3.131434159133547013e+01
3.163767852995919938e+01
3.231145247198899284e+01
3.294095992979628562e+01
3.317108140132378225e+01
3.281137425433810506e+01
3.214616304981198169e+01
3.148354409464660719e+01
3.115167445801014878e+01
3.127170802577754571e+01
3.185910399529303660e+01
3.268009950953008058e+01
3.363441025858624300e+01
3.464541982498963080e+01
3.557429469605593653e+01
3.621471141086716017e+01
3.648726645031170790e+01
3.628180766014859415e+01
3.587185014278566086e+01
3.567714564758115614e+01
3.602400120292476515e+01
3.697066434509255828e+01
3.826061461722917301e+01
3.927528083166803441e+01
3.888839448815397759e+01
3.688456547670561747e+01
3.354853906912939010e+01
2.912840136598889984e+01
2.421950937286888816e+01
1.934551148583758717e+01
1.472435325273974804e+01
9.485547638220351629e+00
4.361605240598497524e+00
-5.680852638561051382e-01
-4.532540446097655717e+00
-8.200973454311032640e+00
-1.055617610216784641e+01
-1.195841087997610153e+01
-1.276954854440619158e+01
-1.411759036132424505e+01
-1.552635589160657759e+01
-1.663531884945716754e+01
-1.766917974287967397e+01
-1.853159759153714603e+01
-1.883910037781723901e+01
-1.887238303257413818e+01
-1.935447698752202683e+01
-2.034137314691620801e+01
-2.129098139762849939e+01
-2.217326323082144413e+01
-2.293815961187680585e+01
-2.337750166179123568e+01
-2.342062503543468921e+01
-2.349277504771178116e+01
-2.387889325702415633e+01
-2.447075310233180190e+01
-2.498345513847768018e+01
-2.531536972956275733e+01
-2.549556404078988336e+01
-2.559311359545061748e+01
-2.564060567925413281e+01
-2.583967505976123036e+01
-2.626104711862917895e+01
-2.667500003033294220e+01
-2.686034724559470988e+01
-2.687152578834349370e+01
-2.689434357715435198e+01
-2.691320146971513338e+01
-2.704161712926618222e+01
-2.730610502810555928e+01
-2.766102474757079932e+01
-2.784957515260954608e+01
-2.782157118176525756e+01
-2.771107317514855595e+01
-2.771526305638815657e+01
-2.788556328881492163e+01
-2.810592131833589136e+01
-2.834971777245069902e+01
-2.854133977369006203e+01
-2.854695264323098769e+01
-2.833900428563573470e+01
-2.823002547172421473e+01
-2.843932051671904659e+01
-2.877253513545910479e+01
-2.898613331350690103e+01
-2.906448018435360225e+01
-2.905098871845924791e+01
-2.892293350698029997e+01
-2.877019087537878050e+01
-2.888377192577007690e+01
-2.929084094701696017e+01
-2.969508243852499163e+01
-2.973854785071912943e+01
-2.942257930156734602e+01
-2.893436065731610185e+01
-2.856036087403138524e+01
-2.856806919874589568e+01
-2.912139701734844976e+01
-2.979882596721194332e+01
-2.961874294646926131e+01
-2.745680813919502938e+01
-2.301563599172344254e+01
-1.653014180521349985e+01
-8.862057167925152967e+00
-1.047995852570688946e+00
5.900291038641556796e+00
1.110284679483229020e+01
1.531762608403895776e+01
1.856685198328171538e+01
2.117199848497483217e+01
2.311501818323148072e+01
2.515536802596245636e+01
2.668071375849497784e+01
2.749033911063767022e+01
2.819170027927387778e+01
2.914667916435022477e+01
3.015559777207982251e+01
3.112528912587656649e+01
3.208895801895785382e+01
3.277930260080463398e+01
3.250480683954228311e+01
3.140046031371214141e+01
3.021845774644498661e+01
2.930456470943070002e+01
2.857760289728515701e+01
2.831234930376615111e+01
2.864102063258643582e+01
2.904033531663661094e+01
2.913693737076351198e+01
2.924958389349063737e+01
2.951763796873467527e+01
2.979885616956710237e+01
2.989702427575267052e+01
2.990708536789496463e+01
2.984521067630665669e+01
2.966937485327159507e+01
2.942213290149908289e+01
2.939345681185661263e+01
2.961400044454859781e+01
2.989378334309391860e+01
2.998069654383535365e+01
2.995167237611545374e+01
2.987066952532457975e+01
2.970466644264418932e+01
2.949895807758464272e+01
2.955822712794261520e+01
2.988125542320162253e+01
3.011477899006000314e+01
3.007896780880193077e+01
3.001341489135344176e+01
2.992753003787446531e+01
2.974826360944619097e+01
2.956339252892362879e+01
2.953996650466353202e+01
2.953969638611886239e+01
2.946753251421190356e+01
2.933389251931318498e+01
2.931346690426368440e+01
2.933037015697829730e+01
2.927796469850759919e+01
2.918078626519492502e+01
2.914209575502906802e+01
2.931936474449473096e+01
2.974845042484504276e+01
3.058089193982505805e+01
3.166429643581973963e+01
3.277751792603987724e+01
3.341931622051345130e+01
3.361851516933952411e+01
3.376033175885345372e+01
3.414800228591132480e+01
3.441945972490732686e+01
3.410855964974420829e+01
3.235608627745951793e+01
2.814505916890810511e+01
2.086429768110916427e+01
1.101385307822830661e+01
7.225547640870071398e-01
-8.286794232201160071e+00
-1.472443253410656894e+01
-1.776055281248493500e+01
-1.766451214938894054e+01
-1.663972377124211022e+01
-1.618070311595488775e+01
-1.644826611410919526e+01
-1.789852955763992171e+01
-2.018950405626065603e+01
-2.191789603710265766e+01
-2.277642082222306286e+01
-2.331908055087631482e+01
-2.372974277388162889e+01
-2.412370552579798044e+01
-2.473959280944342609e+01
-2.531785861850638852e+01
-2.565484353511184068e+01
-2.580025722688230516e+01
-2.577123385227288210e+01
-2.593988549307849212e+01
-2.654661232569067764e+01
-2.730880076714833748e+01
-2.792002272962835008e+01
-2.841048126645598870e+01
-2.867345504485314223e+01
-2.868590036476992822e+01
-2.866052395644945250e+01
-2.883225718960568784e+01
-2.918899208024215852e+01
-2.956615407802881990e+01
