-1.964829727296005357e+00
-1.964829727296005357e+00
-1.964829727296005357e+00
-1.964829727296005357e+00
-1.964829727296005357e+00
-1.964829727296005357e+00
-1.948313360740345557e+00
-2.012830417598391541e+00
-3.533453782443022551e+00
-5.899544935682364155e+00
-8.295401082799227055e+00
-1.016446042235685354e+01
-1.056777949596752286e+01
-8.664522836191792976e+00
-6.187284510223864942e+00
-4.620647081490287356e+00
-4.463659608455706973e+00
-5.661472512079559927e+00
-7.320186418648674476e+00
-8.359748706001054686e+00
-7.985448038991267872e+00
-7.085870484339101161e+00
-5.873197526769138754e+00
-5.759435291898886256e+00
-6.399310179780232311e+00
-7.648299441872616455e+00
-8.466114987306784911e+00
-8.591268502963419706e+00
-7.851749786373149576e+00
-6.592433495802547228e+00
-5.860215677330258721e+00
-5.416163180274709887e+00
-5.816656437683802139e+00
-6.441136784024279471e+00
-7.175715229618910840e+00
-6.895752884058006238e+00
-6.081101048269655251e+00
-4.886766076198405528e+00
-4.098791739063896600e+00
-4.105209588749744398e+00
-5.649763452504403816e+00
-7.416563637146883714e+00
-9.127778125633749795e+00
-9.093867762900796237e+00
-7.400281985829577636e+00
-4.189312309432283499e+00
-4.661499974451190909e-01
3.138823703318859959e+00
5.729084406141540242e+00
7.060154761373901522e+00
8.078707177114816673e+00
8.634246694933390032e+00
8.907542360231445855e+00
9.231014119544548535e+00
9.737959265230943018e+00
9.924170756637391122e+00
9.930163284487639075e+00
1.034079188662953896e+01
1.084104053240498367e+01
1.105212224113491004e+01
1.098651492209386937e+01
1.018487299173293614e+01
9.067012707391992166e+00
8.495509005725596197e+00
9.206830768407703758e+00
1.044310713082703934e+01
1.162101362476511746e+01
1.220963250734669181e+01
1.195119263548663646e+01
1.130025894769404360e+01
1.057342950805343662e+01
1.045909797656014284e+01
1.072605888188506640e+01
1.105076362417220537e+01
1.101877519719323395e+01
1.037515570906887596e+01
9.569291895864468600e+00
8.925531155378070736e+00
9.097769243050407795e+00
9.906191714843753715e+00
1.077081462678256862e+01
1.044854139609275734e+01
8.558178550914824712e+00
5.501056787423478589e+00
2.030640834360328828e+00
-1.006011671785263628e+00
-3.128305614841864646e+00
-4.594540987901535978e+00
-5.311367204237726902e+00
-6.366291408605531998e+00
-7.318327650311683641e+00
-7.802237800594537198e+00
-8.329387279068814820e+00
-9.064561921601079320e+00
-9.436051959157531144e+00
-8.858139471535002585e+00
-8.400054369965506140e+00
-7.179126554102792213e+00
-6.032808102550792917e+00
-5.626236935084038215e+00
-6.478218273718002962e+00
-7.509494813835909000e+00
-8.930054033755068232e+00
-9.581281695260914333e+00
-8.965225515688571178e+00
-7.132379533589058518e+00
-5.786480030454900003e+00
-5.189197933878307190e+00
-5.975358634661244395e+00
-8.307118257420757601e+00
-1.028392838206205262e+01
-1.017602067621403350e+01
-8.361854313151889428e+00
-6.276583909008595086e+00
-4.381025230856840480e+00
-4.278576378672544145e+00
-6.046947052765105468e+00
-8.341384095964642142e+00
-9.599546648731541509e+00
-9.893903948550690330e+00
-8.931840659349440159e+00
-7.386127284836186746e+00
-6.244230567108419727e+00
-6.063834250993673791e+00
-6.103870148009772123e+00
-5.409575020720697403e+00
-3.487435973228556030e+00
-6.942313904297465754e-01
2.341591587195153146e+00
5.005015012305616295e+00
6.734457784519005230e+00
7.394043791175512581e+00
7.803753446320444986e+00
8.445076192248249569e+00
9.089685916993902381e+00
9.567487708193183948e+00
1.004216588449178005e+01
1.026381037076457581e+01
1.015940951752253341e+01
1.011973776275445225e+01
1.040170529909229913e+01
1.061759220771324230e+01
1.052628533387112064e+01
1.025552797773375246e+01
9.914875261359700431e+00
9.572581690092912154e+00
9.294787346692695351e+00
9.267064494163312460e+00
9.551834322965550683e+00
1.002600973966335651e+01
1.059741286522153203e+01
1.093241536654693213e+01
1.087583247849124390e+01
1.058415760701911168e+01
1.009721796110006764e+01
9.798559065756792918e+00
9.745844943566014607e+00
1.005902579298464694e+01
1.070666882324007574e+01
1.158976037192997666e+01
1.173906412066265403e+01
1.067671831447252728e+01
8.807063377157353656e+00
6.043815949846440105e+00
2.618888279219616866e+00
-2.291007257485278004e-01
-1.930226225764078762e+00
-3.476326572860438446e+00
-4.592537267078792063e+00
-5.388072163717539276e+00
-5.904367145983182574e+00
-6.591408074590045629e+00
-7.328272448055767718e+00
-7.813988389409579405e+00
-7.801870911287401178e+00
-7.395549294643346094e+00
-6.954489389466925076e+00
-6.655559575773384751e+00
-6.456082497824389144e+00
-6.539292347648067327e+00
-6.304151181562669848e+00
-6.152434942978188381e+00
-5.652575689908208467e+00
-5.420983271515980917e+00
-5.642522928968231710e+00
-5.914968920694084531e+00
-6.340019518795273257e+00
-6.290117884902037382e+00
-6.367841119904929847e+00
-5.805224486859151156e+00
-4.979740248024833171e+00
-4.562752529892984299e+00
-5.466522985133270396e+00
-7.160496529054751313e+00
-8.591644483614187422e+00
-1.031721559968476498e+01
-1.082604814217466149e+01
-9.516698550651689459e+00
-7.522753158928363604e+00
-6.186418427136525899e+00
-5.286134334458881590e+00
-4.247094412670552543e+00
-3.520416227646338658e+00
-1.852394667202533096e+00
1.052880259940616181e+00
4.289383941259942823e+00
6.367223828210722303e+00
7.936947035171838749e+00
8.933061500579061232e+00
9.435655834254918162e+00
9.362499857865321573e+00
9.798489807671010965e+00
1.047051581177808899e+01
1.120732545658320767e+01
1.133678140325008243e+01
1.119165131651719314e+01
1.123084842752100876e+01
1.151520691498354942e+01
1.212530063277046288e+01
1.238165139854498875e+01
1.211203712692286594e+01
1.152007448680618573e+01
1.117151575846227729e+01
1.097684753586301554e+01
1.150928380020467756e+01
1.232548237886814668e+01
1.256443481664140549e+01
1.176142767266760281e+01
1.104384784521050733e+01
1.051300474816581776e+01
9.625597923297464220e+00
8.016452103092783332e+00
5.610630851214324366e+00
1.516108183422771205e+00
-3.798866226039208094e+00
-8.216270910821988238e+00
-1.004739208225074343e+01
-9.803688495344815124e+00
-7.821586663979379850e+00
-5.363693534865987544e+00
-4.439162920608324292e+00
-5.839296748792777159e+00
-8.266606104213982675e+00
-1.003744974644720322e+01
-1.040092940990325765e+01
-9.295677430483276993e+00
-7.673868678465922244e+00
-6.607833325745120945e+00
-7.238244647071075732e+00
-8.944155843169232512e+00
-1.025894482280325626e+01
-1.004492383116724596e+01
-9.026552119956118503e+00
-7.610326805304994835e+00
-6.538148371740939879e+00
-6.338499069345680859e+00
-6.905893155985763698e+00
-7.577127341314038311e+00
-7.464382369956491736e+00
-7.482026541795836927e+00
-8.166014828423042715e+00
-9.554149511457888266e+00
-1.054604192447244060e+01
-1.088796900474186202e+01
-1.011749359674348625e+01
-8.622912615599183539e+00
-7.158489999834935169e+00
-6.582592426348965020e+00
-7.589961627035760827e+00
-8.885125723824540245e+00
-8.578203005984775587e+00
-5.859111199832566896e+00
-1.437826912524740486e+00
3.485475397357783223e+00
6.950447359552708981e+00
7.615298938696482445e+00
6.856289199154396385e+00
6.340539291442619074e+00
7.011798267304435228e+00
8.523689070889931330e+00
9.960253795487860273e+00
1.060945001656301301e+01
9.925788868204369564e+00
8.593554926830471175e+00
7.611707317754627056e+00
7.915620250305035022e+00
9.026768166391628156e+00
9.917774986439226836e+00
9.778956807368393456e+00
9.100321432225356943e+00
8.019993478511480589e+00
7.516118390919561243e+00
8.394044504985229693e+00
1.024661307258343079e+01
1.135740007959609166e+01
1.111811606978431044e+01
1.017110694958717865e+01
9.187019740398774559e+00
8.984365676935256673e+00
1.015138469210372207e+01
1.169118490036817803e+01
1.177260543832606388e+01
9.243607447951255551e+00
4.898541031906042065e+00
-8.166877198973532259e-02
-4.057960059363074024e+00
-6.698073530629632621e+00
-7.646046508454871216e+00
-7.479421517380379747e+00
-7.121385081679891371e+00
-7.705632892983195426e+00
-8.392374012623749380e+00
-8.464767864244878481e+00
-8.881441759406213166e+00
-9.115960289470212530e+00
-8.650442842598552673e+00
-7.865351547989839709e+00
