-2.508908944174816824e+01
-2.508908944174816824e+01
-2.508908944174816824e+01
-2.511805908987117775e+01
-2.500489640189067231e+01
-2.404429633520630105e+01
-2.287647520210892083e+01
-2.250035739204477281e+01
-2.284952409105668636e+01
-2.341149385377066139e+01
-2.368199078709266558e+01
-2.360013744574208516e+01
-2.326244436063721110e+01
-2.294137321130142482e+01
-2.292386806587684944e+01
-2.336792872377790076e+01
-2.400408632807271303e+01
-2.443661693829255555e+01
-2.428879030628424474e+01
-2.376351010379039153e+01
-2.318984679528240989e+01
-2.306276512558827463e+01
-2.349117160029059903e+01
-2.428290400521957437e+01
-2.477811257634197162e+01
-2.462767448628155265e+01
-2.389610098442412678e+01
-2.317586862864770936e+01
-2.306824720857073885e+01
-2.377236582645560503e+01
-2.481313889287060448e+01
-2.541126929404651946e+01
-2.515427555925453973e+01
-2.421356771839245070e+01
-2.342455637760733467e+01
-2.347400086391552065e+01
-2.449582096590903646e+01
-2.575558727191465991e+01
-2.629163609082216269e+01
-2.566408024175530045e+01
-2.435125351064492349e+01
-2.331545353212403526e+01
-2.342146788415606196e+01
-2.460558639151662419e+01
-2.596199962259508709e+01
-2.639807342742346563e+01
-2.561629300579628676e+01
-2.434860970710078476e+01
-2.373945469037905553e+01
-2.455058577828831190e+01
-2.625835538844069816e+01
-2.757078510127693960e+01
-2.718006541747165627e+01
-2.508381400140910245e+01
-2.280737993546106068e+01
-2.235053998226830529e+01
-2.444314005012914137e+01
-2.773491214541852656e+01
-2.964400957899110622e+01
-2.751441636105670341e+01
-2.020631199381639576e+01
-9.647124566143887137e+00
5.376679249442268826e-01
7.295777962328419797e+00
9.948059632572700650e+00
9.733814992668838428e+00
9.078547212184275850e+00
1.059660972326600792e+01
1.442815514242518304e+01
1.919320978464255489e+01
2.261490115442332893e+01
2.451941961306282280e+01
2.497433385217548718e+01
2.559652531638197459e+01
2.721419861021275821e+01
2.993628176988135792e+01
3.243750287759115736e+01
3.349452897937652551e+01
3.276216773588218700e+01
3.142984810649217309e+01
3.079809173486167850e+01
3.129462215041850470e+01
3.259666634842312050e+01
3.386090980189945299e+01
3.371683256985063082e+01
3.198170460169930607e+01
2.995738188930243240e+01
2.887565321911546334e+01
2.911459084398324038e+01
3.026274310956180713e+01
3.163604053409416039e+01
3.225259459763705649e+01
3.169294643528042599e+01
3.071236964701437344e+01
3.029652559766739373e+01
3.073263050592553824e+01
3.139595716962489647e+01
3.186640028337826536e+01
3.177168685030967765e+01
3.119231767083181239e+01
3.055031136708123896e+01
3.053149391955229319e+01
3.119371968793538130e+01
3.199280066364273623e+01
3.220648020132692579e+01
3.173639312664198897e+01
3.091557735100225912e+01
3.038071914610171831e+01
3.045418987239653319e+01
3.116327417567460856e+01
3.202583232182883677e+01
3.236396644810285750e+01
3.181343707024096190e+01
3.082385130887805857e+01
3.015870291725627794e+01
3.009267011832895378e+01
3.057140077733529893e+01
3.128418552943805864e+01
3.174072287718048102e+01
3.153037409061852614e+01
3.082376801977117964e+01
3.017156509368381379e+01
3.001516577819442944e+01
3.039977656823074170e+01
3.111491581879764112e+01
3.194277127707333364e+01
3.262118977892712479e+01
3.295284401992967815e+01
3.297364192273590078e+01
3.321091059309796378e+01
3.387486286542063141e+01
3.476813400402910048e+01
3.553596969338418177e+01
3.614344739954988484e+01
3.622622579273322430e+01
3.570662776149605833e+01
3.505040340083409234e+01
3.502691865355659218e+01
3.582555697992767563e+01
3.711392453440948458e+01
3.802375529051242609e+01
3.735295748336199750e+01
3.386895975053072050e+01
2.722811329484044762e+01
1.871148297855815201e+01
1.034522235271461632e+01
3.453347091890710097e+00
-6.352554937721459627e-01
-2.169497968677769784e+00
-2.676853761522875352e+00
-3.663760172475186927e+00
-5.592350720396002117e+00
-8.430014178968423977e+00
-1.161068703310235506e+01
-1.374009399949150456e+01
-1.489692515275379137e+01
-1.523021300959874935e+01
-1.526338356670860819e+01
-1.552015952881270877e+01
-1.664362689852605115e+01
-1.809627224877127105e+01
-1.938241912975934866e+01
-2.055282033748044057e+01
-2.146761379970133987e+01
-2.190108508677735699e+01
-2.220297716476064664e+01
-2.262235533502546403e+01
-2.299093356073429106e+01
-2.333421841181525380e+01
-2.376433978229627897e+01
-2.431877729058575355e+01
-2.492571917141838611e+01
-2.555178601550594664e+01
-2.601721468513265378e+01
-2.629510956259167642e+01
-2.637326267707973670e+01
-2.644161584430859691e+01
-2.668894171459834297e+01
-2.709211853855713770e+01
-2.745755532524542630e+01
-2.775665000246769765e+01
-2.789659202867919063e+01
-2.793241555229019824e+01
-2.797503336083623182e+01
-2.819153795926919059e+01
-2.855846227623828781e+01
-2.890169768466624944e+01
-2.913312850106884611e+01
-2.925195922571942120e+01
-2.931795898380734045e+01
-2.941753013298130170e+01
-2.958061610441961520e+01
-2.981349832521629395e+01
-3.003584894577157272e+01
-3.019909200777892266e+01
-3.027612513652928783e+01
-3.030652673721040813e+01
-3.037169147254005352e+01
-3.049452095291742992e+01
-3.066666039874505501e+01
-3.084214337455423660e+01
-3.106867515144745440e+01
-3.129158701219218841e+01
-3.133385572314669787e+01
-3.116224319097034012e+01
-3.086938866073830567e+01
-3.056326726317843523e+01
-3.018102910852942244e+01
-2.951604484809359619e+01
-2.809524623384274378e+01
-2.542549574361016340e+01
-2.100145411959072916e+01
-1.516651803551479816e+01
-9.112815866831967426e+00
-3.715214097991411890e+00
7.142523230931989708e-01
3.425283177067361962e+00
5.026240684046552332e+00
7.196873545054250698e+00
9.989098996733021707e+00
1.281932718091258927e+01
1.566464232588682037e+01
1.781215532982162131e+01
1.824973165598445135e+01
1.821716145202178083e+01
1.883100992770840065e+01
2.033929464213141713e+01
2.211002759847849930e+01
2.382935689886453190e+01
2.447891903966894134e+01
2.385371091975695990e+01
2.256235900451630982e+01
2.191124948917800452e+01
2.235126406353182205e+01
2.349875163018669610e+01
2.465935980926974125e+01
2.505497819994536712e+01
2.422197441578879307e+01
2.280990976164287076e+01
2.191279079783022254e+01
2.206981412190416236e+01
2.312307791030258386e+01
2.437907541051220406e+01
2.507016751256446341e+01
2.475678175992289454e+01
2.383846149546995719e+01
2.317468034602381266e+01
2.329311689396790186e+01
2.401497826458509977e+01
2.484494146727418240e+01
2.514523666164052074e+01
2.473269277489452378e+01
2.393092197456818582e+01
2.345803644074165817e+01
2.360384631240185271e+01
2.418248233855585738e+01
2.471566957385121199e+01
2.477281308195290777e+01
2.439527660609248016e+01
2.389464490674622610e+01
2.378030061470488832e+01
2.415768719443452639e+01
2.481811376781310585e+01
2.515250937173340517e+01
2.491807780445707365e+01
2.425854811808194711e+01
2.361788899956721366e+01
2.344799629611216574e+01
2.395978560830539550e+01
2.488856745965385997e+01
2.573586895868311331e+01
2.616370186071824833e+01
2.633417664771619826e+01
2.660734559535413979e+01
2.746066829076137950e+01
2.888991325642896513e+01
3.059563673972493092e+01
3.194212450170343942e+01
3.217843612806696996e+01
3.063841439010245438e+01
2.721350107783269934e+01
2.226113054915746048e+01
1.592161473502468638e+01
9.187715201535448628e+00
2.977487597724231883e+00
-2.810130402099351166e+00
-7.914944315225180382e+00
-1.165229619074573719e+01
-1.452078527151213905e+01
-1.725371109288593630e+01
-1.912330569567482996e+01
-2.005014100304721580e+01
-2.042698969839479872e+01
-2.033138571983558052e+01
-2.016928922217337927e+01
-2.057312128910051996e+01
-2.157617199109091288e+01
-2.279869647213715211e+01
-2.391630270368001021e+01
-2.474645096595699911e+01
-2.531405263475435774e+01
-2.591133477730653567e+01
-2.674148353240687115e+01
-2.806724150224271241e+01
-2.954195308925951835e+01
-3.067310847980574096e+01
-3.110906484172812725e+01
-3.097060210939218550e+01
-3.064761644180144629e+01
-3.079722750526504527e+01
-3.152979167913059655e+01
-3.262256048392570307e+01
-3.341212265565903294e+01
-3.352595889816991814e+01
-3.309230453586138054e+01
-3.265254500343895216e+01
-3.276537745652741762e+01
