-5.607075017178930310e+00
-5.607075017178930310e+00
-5.607075017178930310e+00
-5.607075017178930310e+00
-5.607075017178930310e+00
-5.607075017178930310e+00
-5.607075017178930310e+00
-5.607075017178930310e+00
-5.607075017178930310e+00
-5.607075017178930310e+00
-5.607075017178930310e+00
-4.374693672457297566e+00
-5.079398052570213373e+00
-4.986681531237958431e+00
-5.297276164892285699e+00
-6.858998306360439834e+00
-6.493500130855985653e+00
-5.727947959204023221e+00
-4.973443018617201616e+00
-5.382966339705563819e+00
-4.327144479598070248e+00
-4.588680516064147064e+00
-4.505268692162921695e+00
-3.897393156354540977e+00
-5.074505062195614258e+00
-5.030641123779279411e+00
-5.957943457508187990e+00
-7.750877076935421606e+00
-7.592868444956502927e+00
-8.080927899866123809e+00
-7.696538344968354650e+00
-6.478265595340535477e+00
-5.561563537374581756e+00
-5.572350332041118293e+00
-5.831180284431321859e+00
-6.520911950154614445e+00
-7.114778963848292115e+00
-7.861800407908195787e+00
-6.702180281541875395e+00
-7.000750268376720875e+00
-6.591214484523150396e+00
-6.181058134666222337e+00
-7.363903212579852031e+00
-8.078744047065093525e+00
-6.901144029702088289e+00
-7.411792832169263434e+00
-6.754089145167315955e+00
-4.088109100650617833e+00
-3.490638463511429368e+00
-2.976881860677292213e+00
-2.590139594334021300e+00
-2.139778121004439981e+00
-7.734823297613633297e-01
1.341699439937851457e+00
4.216445405388229872e+00
6.682774604050269573e+00
7.742065539379593631e+00
8.223175124509289446e+00
7.567635538129522388e+00
7.891612352436125022e+00
7.999106399170176296e+00
8.051765394781432050e+00
8.652352208646368226e+00
8.412715573263154667e+00
7.762771108351814497e+00
7.819694327271214718e+00
7.552508033821649924e+00
8.337231275040457135e+00
9.150493296446889246e+00
9.395480499740319402e+00
8.984791060105784766e+00
9.277153838241446238e+00
8.689614340900661205e+00
8.264056436583283372e+00
8.502138455000913808e+00
8.483994039661499897e+00
8.139746553215115199e+00
8.142835642755175130e+00
7.935980277828297069e+00
7.361288949721942032e+00
6.840508694740585760e+00
6.737514771071512421e+00
6.821247461675168822e+00
7.120172954620297645e+00
6.952110711541156007e+00
6.793330851175103824e+00
6.956194073756499563e+00
7.248313321560482692e+00
6.949009992482421794e+00
7.342526213646452860e+00
7.031503549279918275e+00
6.470051629625451994e+00
5.596886396080730464e+00
4.929305246448820732e+00
3.899433590689180384e+00
2.590647248029418037e+00
7.894780699447774275e-01
-8.471299083026352372e-01
-3.164521574796460790e+00
-4.868309606122514843e+00
-6.269485692528157905e+00
-5.682159433705593621e+00
-4.746142389395465067e+00
-5.325192957316215114e+00
-4.429683450383238963e+00
-4.997695324863342670e+00
-5.095411069899738798e+00
-5.024734556908011740e+00
-7.148400771079692184e+00
-6.079638392348460485e+00
-6.284976604558252689e+00
-8.154460758584415103e+00
-7.426571056110020663e+00
-7.133763486974527446e+00
-6.709711626233843873e+00
-6.088774201428585719e+00
-6.114434071013163496e+00
-7.140758556549009484e+00
-7.783126722673238795e+00
-8.108883800659235419e+00
-7.763379895170491096e+00
-7.976578578574652134e+00
-6.834398850114110857e+00
-6.430724812144973157e+00
-8.515423164173189008e+00
-9.098988734786335186e+00
-8.979933553016451242e+00
-9.652034507242701622e+00
-8.343422469928368557e+00
-5.770736835779704421e+00
-4.180443238278841456e+00
-2.902782500428076951e+00
-6.640175811831479091e-01
4.261943933635737314e-01
2.173294796197334122e+00
3.922602826206225579e+00
5.712547782109139938e+00
6.795129637394658140e+00
6.688497620466955951e+00
6.414472277567773162e+00
6.221212401403088954e+00
5.868422121031591665e+00
6.501916981362594328e+00
6.945444973453859028e+00
7.218727258566208782e+00
6.636091901175644736e+00
5.669741607802324168e+00
4.988741308105910655e+00
5.028137962120699633e+00
5.716877772439919347e+00
6.419197286300198257e+00
7.262328124963208786e+00
7.992313833420799263e+00
7.991304810284710847e+00
8.020575923588076250e+00
7.750903437612114644e+00
8.079940878455118991e+00
6.881831126223440620e+00
7.539607133448867238e+00
7.570702206409935187e+00
7.706162529219522384e+00
8.169107038449196168e+00
8.727993420004921177e+00
9.043280151006662493e+00
8.202078168826892224e+00
8.544257923904456931e+00
7.742368905681499491e+00
7.693033332434122684e+00
8.372788193309396831e+00
9.212679387522616281e+00
9.095567513628424194e+00
8.162893075399614062e+00
6.889037422918466547e+00
4.129899970935039022e+00
2.504809662462299524e+00
1.115048132792064273e+00
-8.766030666364901247e-01
-7.991750915343032169e-01
-2.761191359662369393e+00
-4.605168866203027456e+00
-6.802281412928522286e+00
-6.392689145046100307e+00
-6.240578734115614701e+00
-4.697772830131192734e+00
-4.168741281157031686e+00
-5.278876409640348655e+00
-5.361724042030825643e+00
-6.682554210094141744e+00
-5.577066457144534084e+00
-3.420995331170614939e+00
-4.512345999551574671e-01
1.619371038686226560e+00
1.995730424925010071e+00
-1.081262621279754255e+00
-5.142519650356488725e+00
-8.192376735652700859e+00
-1.143870160182211393e+01
-1.061760639738933421e+01
-8.618319539526684281e+00
-6.711317831517520816e+00
-5.082891030308581470e+00
-5.610966765804281664e+00
-6.956406515399977231e+00
-8.364322526515687528e+00
-8.070246035883876345e+00
-8.451196493228643192e+00
-6.827175875908782388e+00
-5.069501607495923601e+00
-5.389294523386698010e+00
-4.450988482850793737e+00
-3.661988000692053991e+00
-3.034656700067241974e+00
-1.114076997590759843e+00
1.552825385424488225e+00
2.723048614786942156e+00
4.040384924199931227e+00
5.826732752234184076e+00
6.528965307955102659e+00
7.236279906150254071e+00
7.603047691134316111e+00
9.050412714393566205e+00
9.417258114404905456e+00
9.363729843965476363e+00
9.823272654577202445e+00
9.285430500443302648e+00
8.819621092657984107e+00
8.400891393853708422e+00
7.894947016581574495e+00
8.277989642523195357e+00
7.961474104855714273e+00
7.997552190268065964e+00
8.118974929384474848e+00
8.474306131112673057e+00
7.607850875272117896e+00
7.575166679845817264e+00
7.314721303887749215e+00
7.005729882449875490e+00
7.031675314698453860e+00
7.047347587918344480e+00
7.684720282951455594e+00
7.601519594489771769e+00
7.351282543305406314e+00
7.535499597191346766e+00
7.262112877858129423e+00
7.510962916504728248e+00
7.503491492853292755e+00
7.325188635963186812e+00
7.443620696873636255e+00
7.538770518680153465e+00
6.409755016336141864e+00
4.679958924579518786e+00
3.175331740766840216e+00
3.551773742056272276e-01
-2.304243236535703954e+00
-3.723595618198935586e+00
-5.598642431739223824e+00
-7.255257812063208966e+00
-7.467857509138107197e+00
-8.505061427452822898e+00
-7.296459287704304408e+00
-7.210755292044766840e+00
-6.798996879901910262e+00
-6.102999542547741463e+00
-6.538495212076322893e+00
-6.896691902320157830e+00
-6.749789117165077457e+00
-6.632477747627753217e+00
-6.701248775122543577e+00
-6.531274588423039873e+00
-6.879682584367677656e+00
-6.852433315788624135e+00
-6.423475359317816213e+00
-6.673560843074771931e+00
-6.902185128292717131e+00
-6.943005679246415873e+00
-7.181409891125830391e+00
-7.286742865781509870e+00
-7.180582634667413977e+00
-7.530964887812824138e+00
-8.581360544848989136e+00
-9.615244317611892910e+00
-9.883775521462508706e+00
-8.286806293386403510e+00
-6.573039565671488837e+00
-5.118999169587908682e+00
-4.583712134374018810e+00
-6.173731659045252229e+00
-7.757603178409907763e+00
-8.274810097706129852e+00
-7.674318124190563140e+00
-5.192423971653044035e+00
-2.962793691995957879e+00
-8.497414096250188731e-01
1.177244028896020422e+00
1.863289224810426470e+00
2.354063429712851985e+00
2.338874754968468306e+00
3.460162889293683097e+00
4.773611518030046241e+00
5.132507182657329636e+00
5.621105899763711555e+00
4.938683462840786298e+00
4.647093906806054164e+00
4.894847185140975832e+00
5.416714219218235371e+00
5.800527386066610447e+00
6.286786678168744480e+00
6.090870409624018933e+00
5.205509523449943998e+00
4.933250979007071102e+00
5.035554123820176642e+00
5.085896020099339943e+00
5.630204389409856347e+00
6.530516606292187554e+00
6.573251375462090706e+00
5.892605537389754566e+00
5.562604904212134826e+00
